Ngay,KLGDRong,GTDGRong,ThayDoi,KLMua,GtMua,KLBan,GtBan,RoomConLai,DangSoHuu
17/05/2018,0,0,0(0.00 %),0,0,0,0,1123209659,7.08
18/05/2018,248892250,28547941080000,0(0.00 %),248892250,28547941080000,0,0,874317409,16.37
21/05/2018,0,0,0(0.00 %),0,0,0,0,874317409,16.37
22/05/2018,0,0,0(0.00 %),0,0,0,0,874317409,16.37
23/05/2018,-2838300,-313149250000,0(0.00 %),1483450,164297170000,4321750,477446420000,873268259,16.41
24/05/2018,-1365770,-153791230000,0(0.00 %),939830,105753340000,2305600,259544570000,872978429,16.42
25/05/2018,-535700,-61778670000,117.5(2.62 %),1225800,144847040000,1761500,206625710000,872102629,16.45
28/05/2018,-80250,-9908570000,117(-0.43 %),1259180,145741910000,1339430,155650480000,874840119,16.35
29/05/2018,-283260,-32819210000,116(-0.85 %),988110,113448200000,1271370,146267410000,876307609,16.3
30/05/2018,-1619910,-185599680000,117(0.86 %),405910,46660020000,2025820,232259700000,877313199,16.26
31/05/2018,-716130,-83139890000,115.1(-1.62 %),229090,26756300000,945220,109896190000,878314319,16.22
01/06/2018,-270740,-31394090000,116.5(1.22 %),578320,67089550000,849060,98483640000,878496369,16.22
04/06/2018,-265410,-31097990000,117.9(1.20 %),861270,100585950000,1126680,131683940000,879756919,16.17
05/06/2018,-365950,-43128490000,118(0.08 %),1017370,119818220000,1383320,162946710000,880154769,16.15
06/06/2018,53160,6329610000,120(1.69 %),662540,78514840000,609380,72185230000,880337799,16.15
07/06/2018,-219100,-25408970000,120(0.00 %),539290,64590640000,758390,89999610000,880879189,16.13
08/06/2018,13860,1661440000,120(0.00 %),269460,32145900000,255600,30484460000,881523049,16.1
11/06/2018,97510,11699950000,120(0.00 %),744750,89106730000,647240,77406780000,881602169,16.1
12/06/2018,-353100,-41795590000,118(-1.67 %),668360,78826620000,1021460,120622210000,882042199,16.08
13/06/2018,-49740,-5865570000,118(0.00 %),82690,9757270000,132430,15622840000,882215109,16.08
14/06/2018,-126890,-14839970000,117(-0.85 %),343370,40144080000,470260,54984050000,882018979,16.08
15/06/2018,57880,6793430000,116.5(-0.43 %),141520,16560420000,83640,9766990000,882498919,16.07
18/06/2018,-285220,-33220880000,116.5(0.00 %),173010,20152550000,458230,53373430000,882458339,16.07
19/06/2018,-298150,-34333680000,115(-1.29 %),770860,89039200000,1069010,123372880000,882502739,16.07
20/06/2018,-473200,-53912280000,115(0.00 %),60650,6881980000,533850,60794260000,882525729,16.07
21/06/2018,-8870,-1013990000,115(0.00 %),43360,4970180000,52230,5984170000,882940599,16.05
22/06/2018,-38080,-4358880000,114.2(-0.70 %),28660,3282420000,66740,7641300000,883635949,16.02
25/06/2018,4520,524420000,115.5(1.14 %),94390,10867550000,89870,10343130000,884075409,16.01
26/06/2018,-4270,-481890000,115(-0.43 %),63070,7237570000,67340,7719460000,884064569,16.01
27/06/2018,-233880,-26164880000,110(-4.35 %),46890,5243710000,280770,31408590000,884084419,16.01
28/06/2018,-98040,-10751410000,110(0.00 %),78390,8613320000,176430,19364730000,884140899,16.0
29/06/2018,5960,792389000,112.4(2.18 %),640870,70552839000,634910,69760450000,884134939,16.01
02/07/2018,-49120,-5465670000,111.3(-0.98 %),374590,41671810000,423710,47137480000,883938549,16.01
03/07/2018,-52580,-5524480000,103.6(-6.92 %),22140,2410200000,74720,7934680000,884047839,16.01
04/07/2018,-995640,-109339150000,110.8(6.95 %),317800,34494490000,1313440,143833640000,884228109,16.0
05/07/2018,-836880,-94920780000,114(2.89 %),282330,32027310000,1119210,126948090000,884538879,15.99
06/07/2018,5010,544190000,112.5(-1.32 %),419650,47445920000,414640,46901730000,884193949,16.0
09/07/2018,-39840,-4503660000,112.8(0.27 %),231390,26119460000,271230,30623120000,885202439,15.97
10/07/2018,-184550,-20237450000,111(-1.60 %),565910,62115510000,750460,82352960000,885973039,15.94
11/07/2018,-25760,-2830910000,109.7(-1.17 %),204900,22488870000,230660,25319780000,886382779,15.92
12/07/2018,-26470,-2906903000,110(0.27 %),65010,7150217000,91480,10057120000,886409249,15.92
13/07/2018,-20300,-2227090000,109.3(-0.64 %),107140,11756010000,127440,13983100000,886691029,15.91
16/07/2018,-80400,-8691330000,106(-3.02 %),3760,410020000,84160,9101350000,886717929,15.91
17/07/2018,-345840,-37472580000,106(0.00 %),298530,32345380000,644370,69817960000,886766879,15.91
18/07/2018,-59200,-6387720000,107.4(1.32 %),2300,248170000,61500,6635890000,886792019,15.91
19/07/2018,-284780,-30485640000,106.5(-0.84 %),51660,5528680000,336440,36014320000,886824519,15.9
20/07/2018,-235020,-25131210000,106.9(0.38 %),62050,6636480000,297070,31767690000,887150839,15.89
23/07/2018,-53170,-5651423000,107.8(0.84 %),167430,17985456000,220600,23636879000,887204009,15.89
24/07/2018,-19810,-2117150000,106.5(-1.21 %),7170,758330000,26980,2875480000,887474179,15.88
25/07/2018,-21030,-2246910000,106.5(0.00 %),137120,14633470000,158150,16880380000,887704129,15.87
26/07/2018,-99110,-10530760000,106(-0.47 %),73850,7859280000,172960,18390040000,887750879,15.87
27/07/2018,-13990,-1478100000,105.9(-0.09 %),195220,20634080000,209210,22112180000,887772639,15.87
30/07/2018,-63840,-6845820000,110.5(4.34 %),294670,31953870000,358510,38799690000,887700119,15.87
31/07/2018,-76020,-8368168000,110.3(-0.18 %),33670,3723990000,109690,12092158000,887776139,15.87
01/08/2018,-298720,-32599100000,108.6(-1.54 %),8290,909430000,307010,33508530000,887850329,15.87
02/08/2018,-71030,-7737980000,108.8(0.18 %),158410,17268070000,229440,25006050000,887916429,15.86
03/08/2018,-233630,-25474940000,109(0.18 %),204790,22322120000,438420,47797060000,887881329,15.87
06/08/2018,-134580,-14669455000,109(0.00 %),317660,34617236000,452240,49286691000,888015909,15.86
07/08/2018,-103390,-11166480000,107.5(-1.38 %),22030,2379960000,125420,13546440000,888368089,15.85
08/08/2018,-97150,-10500110000,108(0.47 %),164650,17794100000,261800,28294210000,888732359,15.83
09/08/2018,-226160,-24633980000,108.7(0.65 %),8070,878820000,234230,25512800000,888886529,15.83
10/08/2018,-99780,-10669610000,106.9(-1.66 %),303240,32436400000,403020,43106010000,889008709,15.82
13/08/2018,-350800,-37795630000,107.5(0.56 %),1050240,113128650000,1401040,150924280000,888416909,15.85
14/08/2018,-266270,-28718280000,107.8(0.28 %),274860,29584450000,541130,58302730000,888501279,15.84
15/08/2018,-229120,-24686430000,107.8(0.00 %),111380,11978290000,340500,36664720000,888572919,15.84
16/08/2018,-80260,-8654400000,107.8(0.00 %),431310,46441560000,511570,55095960000,889195509,15.82
17/08/2018,-372070,-40938324000,108.8(0.93 %),952160,104803256000,1324230,145741580000,889567579,15.8
20/08/2018,-219670,-23963590000,108.8(0.00 %),773460,84333190000,993130,108296780000,888946519,15.83
21/08/2018,-315950,-34716780000,109.9(1.01 %),570560,62647570000,886510,97364350000,889102089,15.82
22/08/2018,-209750,-23108330000,109.9(0.00 %),768790,84772910000,978540,107881240000,889992129,15.79
23/08/2018,-451730,-50349660000,111.9(1.82 %),984320,109742130000,1436050,160091790000,889700939,15.8
24/08/2018,-254150,-28519660000,111.5(-0.36 %),1528660,171326080000,1782810,199845740000,889380479,15.81
27/08/2018,-166220,-18527000000,111.5(0.00 %),1147440,127843590000,1313660,146370590000,889106979,15.82
28/08/2018,-18810,-2084620000,111(-0.45 %),637660,70682590000,656470,72767210000,889705369,15.8
29/08/2018,-106710,-11572420000,108.3(-2.43 %),39360,4325440000,146070,15897860000,890912569,15.75
30/08/2018,-170020,-18225860000,107.4(-0.83 %),1112020,119123430000,1282040,137349290000,891684459,15.72
31/08/2018,-244050,-24385120000,104(-3.17 %),3039020,331739400000,3283070,356124520000,889896909,15.79
04/09/2018,-42150,-4469950000,104.9(0.87 %),512150,54400360000,554300,58870310000,890011149,15.79
05/09/2018,-42360,-4494410000,106(1.05 %),384790,40734350000,427150,45228760000,890058149,15.78
06/09/2018,-30690,-3230680000,105(-0.94 %),137280,14427960000,167970,17658640000,892629369,15.69
07/09/2018,28440,2974771000,104.8(-0.19 %),387590,40583839000,359150,37609068000,892600929,15.69
10/09/2018,-14310,-1507430000,104.6(-0.19 %),564010,59189510000,578320,60696940000,892096899,15.71
11/09/2018,-158370,-16502300000,103.7(-0.86 %),377710,39395270000,536080,55897570000,891982649,15.71
12/09/2018,-36550,-3827960000,104(0.29 %),616220,64205360000,652770,68033320000,891861579,15.72
13/09/2018,-15100,-1591200000,105.1(1.06 %),894490,93944020000,909590,95535220000,891606909,15.73
14/09/2018,-66630,-7039960000,105.5(0.38 %),605040,63830970000,671670,70870930000,891561359,15.73
17/09/2018,44370,4664010000,105.5(0.00 %),3619738,382050480000,3575368,377386470000,890977159,15.75
18/09/2018,-59690,-6218150000,104.6(-0.85 %),2010189,210015800000,2069879,216233950000,891649179,15.72
19/09/2018,-62380,-6532020000,104.6(0.00 %),428510,44852920000,490890,51384940000,892153009,15.71
20/09/2018,-172550,-18041699000,105(0.38 %),523050,54603173000,695600,72644872000,892325559,15.7
21/09/2018,-38890,-4272440000,101.5(-3.33 %),14646320,1488488310000,14685210,1492760750000,885394099,15.96
24/09/2018,-83450,-8510930000,102.9(1.38 %),258600,26446840000,342050,34957770000,885226389,15.96
25/09/2018,-12860,-1319667480,102.4(-0.49 %),253710,26035212780,266570,27354880260,885239249,15.96
26/09/2018,-34330,-3511500000,101.9(-0.49 %),303230,30943330000,337560,34454830000,892752559,15.68
27/09/2018,-93840,-9747190000,104(2.06 %),617730,64228120000,711570,73975310000,893036359,15.67
28/09/2018,-301190,-31709910000,106(1.92 %),1019370,107257140000,1320560,138967050000,893227889,15.67
01/10/2018,-108020,-11268610000,103.1(-2.74 %),186250,19642320000,294270,30910930000,893333649,15.66
02/10/2018,-66620,-6937887000,104(0.87 %),504520,52631623000,571140,59569510000,893400269,15.66
03/10/2018,-163150,-16739530000,102(-1.92 %),224680,23154810000,387830,39894340000,893467099,15.66
04/10/2018,-90150,-9272990000,102.6(0.59 %),134580,13859190000,224730,23132180000,893626789,15.65
05/10/2018,-129760,-13326620000,102.1(-0.49 %),57010,5847850000,186770,19174470000,893890919,15.64
08/10/2018,-103820,-8534760000,80(-2.06 %),19970,1618780000,123790,10153540000,894218779,15.63
09/10/2018,-78680,-6319360000,80(0.00 %),73050,5944830000,151730,12264190000,894370459,15.62
10/10/2018,-86460,-6937330000,80.1(0.12 %),259910,20893640000,346370,27830970000,894297319,15.63
11/10/2018,-212400,-16280644000,76.5(-4.49 %),240510,18490595000,452910,34771239000,894509719,15.62
12/10/2018,-233180,-18047790000,77(0.65 %),252360,19550740000,485540,37598530000,894079969,15.63
15/10/2018,-441050,-33108910000,73.1(-5.06 %),360840,27098590000,801890,60207500000,894415499,15.62
16/10/2018,-95330,-7124380000,74.6(2.05 %),1793630,134058020000,1888960,141182400000,894734779,15.61
17/10/2018,-87730,-6710369000,76.4(2.41 %),998050,76286211390,1085780,82996580390,894822509,15.61
18/10/2018,19200,1482810000,75.6(-1.05 %),73820,5638240000,54620,4155430000,895458709,15.58
19/10/2018,-131120,-9798722000,74.8(-1.06 %),53220,4009797000,184340,13808519000,895589829,15.58
22/10/2018,-99810,-7480150000,74.7(-0.13 %),28560,2151020000,128370,9631170000,895833299,15.57
23/10/2018,55160,4072800000,74.1(-0.80 %),360670,26642950660,305510,22570150660,895778139,15.57
24/10/2018,-14190,-1048830000,72.5(-2.16 %),391340,28709040000,405530,29757870000,895892229,15.57
25/10/2018,-133020,-9119790000,68.5(-5.52 %),537840,37096050000,670860,46215840000,895882759,15.57
26/10/2018,-619740,-40320460000,65(-5.11 %),86100,5680980000,705840,46001440000,895830189,15.57
29/10/2018,-88080,-5500960000,61.8(-4.92 %),564740,34969300000,652820,40470260000,895870979,15.57
30/10/2018,-278640,-17371124000,62.1(0.49 %),313010,19418500000,591650,36789624000,896149619,15.56
31/10/2018,-718530,-46900108000,66.4(6.92 %),965610,62927229000,1684140,109827337000,896868149,15.53
01/11/2018,42830,2914750000,69(3.92 %),422160,29077760000,379330,26163010000,896351989,15.55
02/11/2018,-129530,-9252250000,72(4.35 %),898300,65573735400,1027830,74825985400,896481519,27.79
05/11/2018,-240460,-17274660000,72(0.00 %),443420,31903250000,683880,49177910000,1120215651,15.56
06/11/2018,88130,6314670000,72(0.00 %),218980,15728190000,130850,9413520000,1120376001,15.55
07/11/2018,-23320,-1686760000,72.7(0.97 %),200840,14423920000,224160,16110680000,1121085431,15.53
08/11/2018,13560,1013930000,74.7(2.75 %),314350,23246550000,300790,22232620000,1121403021,15.52
09/11/2018,203290,15304980000,76(1.74 %),513820,38826910000,310530,23521930000,1121120051,15.53
12/11/2018,24040,1814290000,76(0.00 %),130870,9918850000,106830,8104560000,1121103341,15.53
13/11/2018,59530,4483860000,75.8(-0.26 %),111980,8450180000,52450,3966320000,1121252151,15.52
14/11/2018,61820,4679610000,75.8(0.00 %),221970,16815170000,160150,12135560000,1121290711,15.52
15/11/2018,43930,3303580000,75.5(-0.40 %),199960,15035990000,156030,11732410000,1121227581,15.53
16/11/2018,-144610,-10361190000,71.2(-5.70 %),581510,41517610000,726120,51878800000,1121125491,15.53
19/11/2018,-12730,-904510000,72.9(2.39 %),300990,21554020000,313720,22458530000,1121138651,15.53
20/11/2018,-35410,-2607900000,75(2.88 %),583727,43489280000,619137,46097180000,1121068941,15.53
21/11/2018,26940,2042950000,75.8(1.07 %),327210,24552290000,300270,22509340000,1121185666,15.53
22/11/2018,-73080,-5604840000,77(1.58 %),287450,22136430000,360530,27741270000,1121138913,15.53
23/11/2018,-21850,-1674390000,76.1(-1.17 %),19560,1500380000,41410,3174770000,1121350507,15.52
26/11/2018,-10150,-790390000,77(1.18 %),494322,37953230000,504472,38743620000,1121399537,15.52
27/11/2018,31070,2440270000,78.3(1.69 %),692910,54211960000,661840,51771690000,1121421187,15.52
28/11/2018,10900,848970000,78.3(0.00 %),334320,26078760000,323420,25229790000,1121428177,15.52
29/11/2018,174850,13726480000,78.7(0.51 %),512710,40268260000,337860,26541780000,1121162897,15.53
30/11/2018,-98590,-7519010000,77.8(-1.14 %),365660,28409430000,464250,35928440000,1120974077,15.53
03/12/2018,1120,89430000,77.7(-0.13 %),445160,34730820000,444040,34641390000,1120967937,15.53
04/12/2018,47820,3882870000,82(5.53 %),725610,57696620000,677790,53813750000,1120864367,15.54
05/12/2018,-115560,-9397820000,80.7(-1.59 %),561830,45954963000,677390,55352783000,1120979927,15.53
06/12/2018,31700,2580540000,81.4(0.87 %),156960,12740380000,125260,10159840000,1121063373,15.53
07/12/2018,-45360,-3680150000,80(-1.72 %),60400,4865160000,105760,8545310000,1121265763,15.52
10/12/2018,25770,2028180000,80(0.00 %),199350,15798990000,173580,13770810000,1121318803,15.52
11/12/2018,11030,884280000,80.3(0.38 %),79940,6419550000,68910,5535270000,1121364123,15.52
12/12/2018,-55010,-4408150000,80.3(0.00 %),67770,5431610000,122780,9839760000,1121402113,15.52
13/12/2018,-93570,-7525590000,80.3(0.00 %),220120,17712420000,313690,25238010000,1121560913,15.52
14/12/2018,38780,3097290000,79.8(-0.62 %),140410,11215840000,101630,8118550000,1121573083,15.52
17/12/2018,-59100,-4572490000,77.5(-2.88 %),232340,17999640000,291440,22572130000,1121563523,15.52
18/12/2018,87310,6721890000,77.5(0.00 %),270940,20810570000,183630,14088680000,1121452933,15.52
19/12/2018,-20880,-1603770000,77.5(0.00 %),144420,11178560000,165300,12782330000,1121326473,15.52
20/12/2018,17350,1347790000,77.4(-0.13 %),135000,10449940000,117650,9102150000,1121382913,15.52
21/12/2018,-1069210,-79158480000,73.9(-4.52 %),362830,26854600000,1432040,106013080000,1121151716,15.53
24/12/2018,-29990,-2252300000,74.4(0.68 %),21550,1603790000,51540,3856090000,1121295466,15.52
25/12/2018,-21110,-1538060000,73.5(-1.21 %),28160,2054390000,49270,3592450000,1121384956,15.52
26/12/2018,76820,5526366000,72(-2.04 %),309470,22279180000,232650,16752814000,1121308136,15.52
27/12/2018,53060,3901410000,73.3(1.81 %),143720,10560760000,90660,6659350000,1122415346,15.49
28/12/2018,85280,6257660000,73.4(0.14 %),258370,19024250000,173090,12766590000,1122206246,15.5
02/01/2019,-71840,-5263590000,73.5(0.14 %),97780,7165348000,169620,12428938000,1122431776,15.49
03/01/2019,38840,2827829000,73.2(-0.41 %),188560,13665697000,149720,10837868000,1122392936,15.49
04/01/2019,103190,7576530000,74(1.09 %),386730,28332620000,283540,20756090000,1122337576,15.49
07/01/2019,-10550,-778418000,74.2(0.27 %),188830,13950657000,199380,14729075000,1122348126,15.49
08/01/2019,49620,3682410000,74.2(0.00 %),226670,16793800000,177050,13111390000,1122386998,15.49
09/01/2019,66640,4946370000,74.2(0.00 %),292840,21738130000,226200,16791760000,1122354238,15.49
10/01/2019,39960,2971140000,74.6(0.54 %),186040,13831020000,146080,10859880000,1122397658,15.49
11/01/2019,-8200,-603170000,76.6(2.68 %),83910,6385140000,92110,6988310000,1122390228,15.49
14/01/2019,-23370,-1788160000,77.3(0.91 %),221980,17080690000,245350,18868850000,1122323288,15.49
15/01/2019,91400,7211380000,79.9(3.36 %),153270,12121380000,61870,4910000000,1122170018,15.5
16/01/2019,122200,9840620000,80.3(0.50 %),215270,17302182000,93070,7461562000,1122047818,15.5
17/01/2019,69500,5598640000,79.8(-0.62 %),848980,68384050000,779480,62785410000,1121988848,15.5
18/01/2019,141970,11407380000,80.5(0.88 %),329890,26539790000,187920,15132410000,1121820828,15.51
21/01/2019,131430,10590680000,80.5(0.00 %),434040,34972890000,302610,24382210000,1121576158,15.52
22/01/2019,136730,11042540000,79.6(-1.12 %),243560,19656570000,106830,8614030000,1121424078,15.52
23/01/2019,160580,12765745000,79.6(0.00 %),166100,13205182000,5520,439437000,1121263498,15.52
24/01/2019,-14400,-1125488000,78.8(-1.01 %),137280,10799282000,151680,11924770000,1121277898,15.52
25/01/2019,-38120,-2966467000,78(-1.02 %),91870,7167293000,129990,10133760000,1121316018,15.52
28/01/2019,93820,7484960000,80.6(3.33 %),982210,77763920000,888390,70278960000,1121296201,15.52
29/01/2019,159600,12957260000,81.5(1.12 %),1338260,108218330000,1178660,95261070000,1121064326,15.53
30/01/2019,95190,7764150000,82(0.61 %),548380,44466750000,453190,36702600000,1121028936,15.53
31/01/2019,-426530,-34039320000,80(-2.44 %),637460,51574510000,1063990,85613830000,1121018866,15.53
01/02/2019,-539560,-43156150000,80(0.00 %),560470,44822380000,1100030,87978530000,1120752681,15.54
11/02/2019,-91520,-7312379000,79.9(-0.12 %),189790,15152191000,281310,22464570000,1120844201,15.54
12/02/2019,-204820,-16384950000,80(0.13 %),180737,14446930000,385557,30831880000,1121106921,15.53
13/02/2019,-1717560,-137397290000,80(0.00 %),152330,12177680000,1869890,149574970000,1121884301,15.51
14/02/2019,-216360,-17685460000,81.9(2.38 %),335460,27463810000,551820,45149270000,1122061811,15.5
15/02/2019,-186280,-15178430000,81.2(-0.85 %),288790,23529470000,475070,38707900000,1122246351,15.5
18/02/2019,-200420,-16281020000,82(0.99 %),272040,22090120000,472460,38371140000,1123924201,15.45
19/02/2019,230760,20113490000,87(6.10 %),270580,23527710000,39820,3414220000,1124173781,15.44
20/02/2019,82220,7412020000,90.4(3.91 %),334300,30046470000,252080,22634450000,1124214191,15.44
21/02/2019,144600,13269470000,96.7(6.97 %),475160,43328060000,330560,30058590000,1124131491,15.44
22/02/2019,-393925,-37075543170,93.1(-3.72 %),260155,24635655310,654080,61711198480,1121805986,15.51
25/02/2019,-320040,-29879970000,92(-1.18 %),136220,12670460000,456260,42550430000,1124231271,15.44
26/02/2019,-557190,-51101980000,92(0.00 %),207130,18985950000,764320,70087930000,1124518021,15.43
27/02/2019,-524310,-48510249000,92.7(0.76 %),248270,22921304400,772580,71431553400,1123207526,15.47
28/02/2019,-669700,-59697620000,87.5(-5.61 %),161320,14350230000,831020,74047850000,1125213721,15.41
01/03/2019,76000,6758410000,91(4.00 %),507030,45618390000,431030,38859980000,1125476671,15.4
04/03/2019,-229211,-20906828373,93.2(2.42 %),466409,42978184257,695620,63885012630,1126043932,15.38
05/03/2019,-426000,-39169790000,91(-2.36 %),253850,23333000000,679850,62502790000,1126422871,15.37
06/03/2019,149280,13630159680,91.8(0.88 %),772180,70543467080,622900,56913307400,1126320652,15.37
07/03/2019,-254401,-23634687177,92(0.22 %),381999,35863818823,636400,59498506000,1126575053,15.37
08/03/2019,7180,678130000,91.5(-0.54 %),330430,30420090000,323250,29741960000,1126914956,15.36
11/03/2019,-102800,-9308990000,90(-1.64 %),118040,10772950000,220840,20081940000,1127032236,15.35
12/03/2019,282950,26106440000,92.3(2.56 %),510530,47046070000,227580,20939630000,1127040626,15.35
13/03/2019,63176,5620758540,94(1.84 %),575960,54327712000,512784,48706953460,1126310315,15.37
14/03/2019,43650,5071865220,94(0.00 %),485780,46457903000,442130,41386037780,1126266665,15.38
15/03/2019,-1599320,-149058630000,93.3(-0.74 %),687618,64134970000,2286938,213193600000,1126358283,15.37
18/03/2019,-139200,-13119160000,94.3(1.07 %),722710,68242190000,861910,81361350000,1126307463,15.37
19/03/2019,-113690,-10846902000,94(-0.32 %),1451980,136551321840,1565670,147398223840,1126611173,15.36
20/03/2019,-222980,-20579155000,92.2(-1.91 %),386400,35615460600,609380,56194615600,1126834153,15.36
21/03/2019,97300,8915510000,88.2(-4.34 %),1060720,96341950040,963420,87426440040,1126736853,15.36
22/03/2019,301760,27065760000,91.1(3.29 %),1118190,100304350000,816430,73238590000,1128789301,15.3
25/03/2019,-109310,-9676788000,89(-2.31 %),1209770,106705373940,1319080,116382161940,1126544403,15.37
26/03/2019,215600,19384960000,89.9(1.01 %),898210,80831180000,682610,61446220000,1128711071,15.3
27/03/2019,-49200,-4434127000,90.1(0.22 %),431230,38928942980,480430,43363069980,1126378003,15.37
28/03/2019,522730,48055536000,93.1(3.33 %),925370,85073491800,402640,37017955800,1125855273,15.39
29/03/2019,536340,50530951000,91.5(-1.72 %),828260,77495151000,291920,26964200000,1125318933,15.4
01/04/2019,-72580,-6680980000,92.4(0.98 %),61740,5728210000,134320,12409190000,1127886191,15.33
02/04/2019,45680,4242820000,92.2(-0.22 %),354900,32789890000,309220,28547070000,1127855731,15.33
03/04/2019,50310,4611450000,92(-0.22 %),142510,13079630000,92200,8468180000,1127926994,15.33
04/04/2019,-81490,-7482580000,92(0.00 %),208840,19243670000,290330,26726250000,1127852486,15.33
05/04/2019,138610,12724390000,92.6(0.65 %),486430,44914310000,347820,32189920000,1127530276,15.34
08/04/2019,-830,-110180000,94.6(2.16 %),254170,23730780000,255000,23840960000,1127421446,15.34
09/04/2019,153190,14179919940,93.8(-0.85 %),496830,46914469940,343640,32734550000,1127842461,15.33
10/04/2019,309630,28565708000,92.5(-1.39 %),348100,32132655240,38470,3566947240,1127532831,15.34
11/04/2019,302940,27943667000,93.5(1.08 %),307170,28334942000,4230,391275000,1127229891,15.35
12/04/2019,193760,17930264000,93.3(-0.21 %),231920,21477481000,38160,3547217000,1127036131,15.35
16/04/2019,95740,8701520000,91(-2.47 %),1140210,103346303930,1044470,94644783930,1126940391,15.36
17/04/2019,221730,19951920000,89.8(-1.32 %),2378270,214732272520,2156540,194780352520,1126718661,15.36
18/04/2019,329050,29351800000,89(-0.89 %),466960,41620830000,137910,12269030000,1125952736,15.38
19/04/2019,105030,9376740000,89(0.00 %),124350,11104983000,19320,1728243000,1126284581,15.37
22/04/2019,90230,8076560000,90(1.12 %),134580,12062110000,44350,3985550000,1126265986,15.38
23/04/2019,-50110,-4386442300,89(-1.11 %),280630,25190424700,330740,29576867000,1126244461,15.38
24/04/2019,21340,1914055000,89.7(0.79 %),435620,39173961000,414280,37259906000,1126223121,15.38
25/04/2019,199540,17946986000,90.2(0.56 %),593360,53360432000,393820,35413446000,1126023581,15.38
26/04/2019,624300,57149930000,92(2.00 %),1149710,105122930000,525410,47973000000,1124245086,15.44
02/05/2019,62700,5733022000,91.4(-0.65 %),339570,31052521000,276870,25319499000,1124659366,15.42
03/05/2019,229010,20772900000,90.4(-1.09 %),1131280,102524720000,902270,81751820000,1124296786,15.43
06/05/2019,68110,6078924000,89(-1.55 %),563710,50280511000,495600,44201587000,1124362246,15.43
07/05/2019,-147230,-12994490000,87.9(-1.24 %),717020,63463400000,864250,76457890000,1124479626,15.43
08/05/2019,-333700,-28804220000,85.6(-2.62 %),531730,45967200000,865430,74771420000,1124385716,15.43
09/05/2019,-344720,-29145094000,84.5(-1.29 %),36243242,3062951190344,36587962,3092096284344,1125187896,15.41
10/05/2019,-566730,-47716550000,84(-0.59 %),248820,20968040000,815550,68684590000,1124525576,15.43
13/05/2019,-454350,-38330031000,85(1.19 %),160400,13517531000,614750,51847562000,1126208976,15.38
14/05/2019,-986461,-83479988870,85(0.00 %),121439,10460815130,1107900,93940804000,1127195437,15.35
15/05/2019,-765370,-65578750000,86(1.18 %),146810,12588840000,912180,78167590000,1126192151,15.38
16/05/2019,-429830,-37187650000,87(1.16 %),270480,23343310000,700310,60530960000,1126626421,15.36
17/05/2019,-207160,-17952500000,86.7(-0.34 %),387370,33531230000,594530,51483730000,1127405831,15.34
20/05/2019,-184350,-15950830000,86.8(0.12 %),299250,25835000000,483600,41785830000,1128127641,15.32
21/05/2019,-251600,-21942451000,86.7(-0.12 %),605950,52912830500,857550,74855281500,1128379241,15.31
22/05/2019,-132960,-11580740000,86.5(-0.23 %),310450,26983180000,443410,38563920000,1128536701,15.31
23/05/2019,24920,2151540000,86.5(0.00 %),229060,19802390000,204140,17650850000,1128682361,15.3
24/05/2019,-353110,-30049140000,84.5(-2.31 %),165110,14155980000,518220,44205120000,1129195301,15.29
27/05/2019,-76390,-6463560000,84.4(-0.12 %),347220,29363940000,423610,35827500000,1129391491,15.28
28/05/2019,-295660,-24790080000,83.5(-1.07 %),899600,75306070000,1195260,100096150000,1128896031,15.3
29/05/2019,-338360,-28389270000,83.6(0.12 %),522020,43740490000,860380,72129760000,1129058661,15.29
30/05/2019,-407050,-33835511000,82.6(-1.20 %),226010,18815314000,633060,52650825000,1130312761,15.25
31/05/2019,-94520,-7755790000,82(-0.73 %),1327272,108797250000,1421792,116553040000,1129963221,15.26
03/06/2019,-41692,-3339030000,80.6(-1.71 %),360520,29019010000,402212,32358040000,1130582681,15.25
04/06/2019,-25730,-2027640000,80.6(0.00 %),308850,24724380000,334580,26752020000,1131065851,15.23
05/06/2019,-183580,-14833470000,80.6(0.00 %),161860,13072610000,345440,27906080000,1131207811,15.23
06/06/2019,-234550,-18719290000,80.3(-0.37 %),205240,16391400000,439790,35110690000,1131172753,15.23
07/06/2019,10030,799990000,82.2(2.37 %),465180,37903640000,455150,37103650000,1131228193,15.23
10/06/2019,-120100,-9929014000,82(-0.24 %),220000,18089713000,340100,28018727000,1131136611,15.23
11/06/2019,-89720,-7308380000,81.9(-0.12 %),348450,28460920000,438170,35769300000,1131557975,15.22
12/06/2019,-465560,-37355350000,80(-2.32 %),132540,10643410000,598100,47998760000,1131535585,15.22
13/06/2019,-1197630,-93466810000,80(0.00 %),240990,18692140000,1438620,112158950000,1131710005,15.21
14/06/2019,-206260,-16368790000,79.9(-0.12 %),90600,7183360000,296860,23552150000,1131928655,15.21
17/06/2019,-25550,-2009460000,78(-2.38 %),272440,21310140000,297990,23319600000,1132374087,15.19
18/06/2019,-577470,-44625510000,78(0.00 %),632020,48766030000,1209490,93391540000,1133458947,15.16
19/06/2019,-171030,-13358300000,78.1(0.13 %),1657720,129289230000,1828750,142647530000,1133292007,15.17
20/06/2019,-965640,-75833330000,78.4(0.38 %),395800,31075130000,1361440,106908460000,1133074429,15.17
21/06/2019,-467930,-36894440000,78.5(0.13 %),3018690,237217670000,3486620,274112110000,1131020659,15.23
24/06/2019,-295810,-23534450000,79.5(1.27 %),852280,67811010000,1148090,91345460000,1131119138,15.23
25/06/2019,39240,3139420000,79.5(0.00 %),1013910,80896950000,974670,77757530000,1132140668,15.2
26/06/2019,263080,20816550000,79(-0.63 %),1286280,101769920000,1023200,80953370000,1134732008,15.12
27/06/2019,-87310,-6750490000,77.5(-1.90 %),334060,26051820000,421370,32802310000,1135281038,15.11
28/06/2019,642540,50340850000,79.3(2.32 %),2948787,231907960000,2306247,181567110000,1134880438,15.12
01/07/2019,86560,6996310000,81(2.14 %),901650,72541990000,815090,65545680000,1134925988,15.12
02/07/2019,-254970,-20634720000,81.1(0.12 %),756110,61020960000,1011080,81655680000,1134981248,15.12
03/07/2019,-295850,-24110080000,82(1.11 %),627980,51082630000,923830,75192710000,1134633048,15.13
04/07/2019,-332620,-27733430000,85(3.66 %),399700,33204060000,732320,60937490000,1134744440,15.12
05/07/2019,-120060,-10064440000,86(1.18 %),407690,34443800000,527750,44508240000,1134987830,15.11
08/07/2019,-13960,-1214480000,83(-3.49 %),330010,27896580000,343970,29111060000,1135498140,15.1
09/07/2019,71860,5974990000,83.1(0.12 %),340610,28367580000,268750,22392590000,1135769850,15.09
10/07/2019,-62810,-5236730000,83.4(0.36 %),321870,26826780000,384680,32063510000,1136085730,15.08
11/07/2019,-32250,-2687934000,83.1(-0.36 %),145280,12110412000,177530,14798346000,1136444298,15.07
12/07/2019,-175690,-14597800000,83.1(0.00 %),294860,24473890000,470550,39071690000,1136400770,15.07
15/07/2019,-150440,-12365460000,82(-1.32 %),36810,3022070000,187250,15387530000,1136498640,15.07
16/07/2019,106530,9003000000,83.9(2.32 %),658860,55014340000,552330,46011340000,1136289280,15.08
17/07/2019,261870,22211100000,84(0.12 %),469920,39832190000,208050,17621090000,1136043910,15.08
18/07/2019,137610,11471300000,84(0.00 %),410960,34272960000,273350,22801660000,1136008860,15.08
19/07/2019,4260,370631000,84.5(0.60 %),406650,34361303000,402390,33990672000,1136260158,15.08
22/07/2019,78690,6610780000,84.6(0.12 %),253130,21316310000,174440,14705530000,1135859490,15.09
23/07/2019,-13300,-1223980000,85.8(1.42 %),460380,39300480000,473680,40524460000,1135697500,15.09
24/07/2019,137020,11773110000,85.8(0.00 %),163920,14078990000,26900,2305880000,1135935970,15.09
25/07/2019,639510,55825660000,87.5(1.98 %),729340,63685690000,89830,7860030000,1135366945,15.1
26/07/2019,178040,15544370000,87.5(0.00 %),356030,31100280000,177990,15555910000,1135387415,15.1
29/07/2019,166800,14556361000,87.8(0.34 %),204390,17842802000,37590,3286441000,1135013398,15.11
30/07/2019,119400,10503377000,84(-4.33 %),228880,20219101000,109480,9715724000,1134893998,15.12
31/07/2019,324130,28369570000,88.2(5.00 %),602990,52701480000,278860,24331910000,1134516315,15.13
01/08/2019,153550,13717940000,90.5(2.61 %),376730,33779790000,223180,20061850000,1134177175,15.14
02/08/2019,126020,11331770000,90.2(-0.33 %),271010,24273780000,144990,12942010000,1134015645,15.14
05/08/2019,-495300,-42895201000,85.2(-5.54 %),252880,22155204000,748180,65050405000,1134923185,15.12
06/08/2019,-423200,-35492162000,83.5(-2.00 %),67270,5645882280,490470,41138044280,1135346385,15.1
07/08/2019,-15740,-1321803000,84(0.60 %),396460,33308042000,412200,34629845000,1135362125,15.1
08/08/2019,2940,300600000,84.5(0.60 %),289730,24469120000,286790,24168520000,1134467725,15.13
09/08/2019,49300,4155970000,84(-0.59 %),488130,41171640000,438830,37015670000,1134798045,15.12
12/08/2019,75480,6333470000,84.2(0.24 %),388880,32641130000,313400,26307660000,1135121365,15.11
13/08/2019,-275770,-22759730000,82.9(-1.54 %),314940,26155490000,590710,48915220000,1135023215,15.11
14/08/2019,-94010,-7818130000,83(0.12 %),497160,41552920000,591170,49371050000,1134956545,15.12
15/08/2019,31890,2616840000,84(1.20 %),96860,8067880000,64970,5451040000,1134873085,15.12
16/08/2019,52620,4437503000,83.5(-0.60 %),246020,20816861420,193400,16379358420,1135519675,15.1
19/08/2019,31090,2616292000,84.2(0.84 %),149430,12550322000,118340,9934030000,1135488585,15.1
20/08/2019,177040,15254460000,86.7(2.97 %),433870,37251950000,256830,21997490000,1135047415,15.11
21/08/2019,142050,12433327000,87.3(0.69 %),251840,22034433000,109790,9601106000,1135169495,15.11
22/08/2019,111730,9797710000,87.9(0.69 %),237180,20797970000,125450,11000260000,1134804507,15.12
23/08/2019,255330,22421980000,87(-1.02 %),420090,36846030000,164760,14424050000,1134641247,15.13
26/08/2019,45000,3855960000,85.9(-1.26 %),103990,8895700000,58990,5039740000,1134647047,15.13
27/08/2019,188020,16407820000,86.6(0.81 %),824710,71609290000,636690,55201470000,1134054727,15.14
28/08/2019,-32680,-2830190000,86.8(0.23 %),209910,18254220000,242590,21084410000,1134059577,15.14
29/08/2019,-56120,-4828007000,86.8(0.00 %),275510,23709460040,331630,28537467040,1134658215,15.12
30/08/2019,130020,11369010000,87.8(1.15 %),322350,28237310000,192330,16868300000,1134150457,15.14
03/09/2019,-370,-33650000,87.6(-0.23 %),368770,32303540000,369140,32337190000,1134223337,15.14
04/09/2019,221820,19503514000,89(1.60 %),546560,48134483000,324740,28630969000,1134121227,15.14
05/09/2019,-63300,-5640075000,89(0.00 %),261580,23257974000,324880,28898049000,1134184527,15.14
06/09/2019,-78910,-6981510000,88.8(-0.22 %),89560,7939350000,168470,14920860000,1133942347,15.15
09/09/2019,-43880,-3862730000,88.4(-0.45 %),412810,36404680000,456690,40267410000,1134080277,15.14
10/09/2019,-12950,-1139330000,88(-0.45 %),311570,27408690000,324520,28548020000,1134243587,15.14
11/09/2019,-317480,-27413780000,86.3(-1.93 %),77930,6753730000,395410,34167510000,1134298637,15.14
12/09/2019,-132360,-11514179000,86.9(0.70 %),66930,5803372000,199290,17317551000,1134770107,15.12
13/09/2019,-42800,-3751190000,88(1.27 %),207200,18132700000,250000,21883890000,1134519717,15.13
16/09/2019,-188560,-16638945000,88.5(0.57 %),167950,14846632000,356510,31485577000,1135001467,15.11
17/09/2019,-135210,-12174110000,90.3(2.03 %),488440,43950220000,623650,56124330000,1134648397,15.12
18/09/2019,-37430,-3383660000,90.4(0.11 %),184510,16658150000,221940,20041810000,1134603887,15.13
19/09/2019,-138540,-12307160000,90.3(-0.11 %),150390,13503380000,288930,25810540000,1134810009,15.12
20/09/2019,-449500,-40289340000,89.6(-0.78 %),418860,37530520000,868360,77819860000,1134774429,15.12
23/09/2019,1280,111295000,89.5(-0.11 %),58240,5214102000,56960,5102807000,1135760867,15.09
24/09/2019,-5290,-474274000,89.5(0.00 %),110880,9917334000,116170,10391608000,1135766157,15.09
25/09/2019,-40830,-3644524000,89.5(0.00 %),29290,2615000000,70120,6259524000,1135806987,15.09
26/09/2019,-250080,-22073310000,88.7(-0.89 %),3280,292870000,253360,22366180000,1136008929,15.08
27/09/2019,-49570,-4441822000,89.3(0.68 %),82180,7334313000,131750,11776135000,1136106637,15.08
30/09/2019,-251780,-22627440000,89.3(0.00 %),23910,2143191000,275690,24770631000,1136358417,15.07
01/10/2019,-8090,-725371000,89.2(-0.11 %),41050,3663760000,49140,4389131000,1136344989,15.07
02/10/2019,-1640,-154652000,89(-0.22 %),121620,10820010000,123260,10974662000,1136346629,15.07
03/10/2019,49160,4342166000,89.3(0.34 %),140290,12434121000,91130,8091955000,1136297469,15.08
04/10/2019,-131280,-11666240000,89.2(-0.11 %),146710,13051730000,277990,24717970000,1136351899,15.07
07/10/2019,-15940,-1397350000,89(-0.22 %),290330,25736830000,306270,27134180000,1136184829,15.08
08/10/2019,19080,1690420000,88.6(-0.45 %),67980,6037880000,48900,4347460000,1136207979,15.08
09/10/2019,102860,9109410000,88.5(-0.11 %),163070,14439390000,60210,5329980000,1136322899,15.07
10/10/2019,21020,1859960000,88.5(0.00 %),179030,15817963000,158010,13958003000,1136301729,15.08
11/10/2019,-29890,-2637170000,88.4(-0.11 %),868510,76744410000,898400,79381580000,1136224179,15.08
14/10/2019,-39160,-3443070000,87.9(-0.57 %),82960,7295750000,122120,10738820000,1136201429,15.08
15/10/2019,-217630,-18797625000,86.4(-1.71 %),83980,7259623000,301610,26057248000,1136588409,15.07
16/10/2019,-309980,-26651340000,86.4(0.00 %),259350,22283790000,569330,48935130000,1136442029,15.07
17/10/2019,-97810,-8378116000,86.5(0.12 %),316980,27323822000,414790,35701938000,1136996199,15.05
18/10/2019,-104640,-9113070000,87(0.58 %),162660,14142790000,267300,23255860000,1136464829,15.07
21/10/2019,-189340,-16278613000,86.5(-0.57 %),199740,17196263000,389080,33474876000,1137290179,15.05
22/10/2019,-239370,-20638560000,86(-0.58 %),476510,41076390000,715880,61714950000,1137089289,15.05
23/10/2019,-221290,-18895850000,85.9(-0.12 %),249540,21309450000,470830,40205300000,1137113339,15.05
24/10/2019,-401660,-34501850000,86.1(0.23 %),146120,12560140000,547780,47061990000,1137423999,15.04
25/10/2019,-347950,-29914490000,86(-0.12 %),283820,24381040000,631770,54295530000,1137438109,15.04
28/10/2019,-517930,-44640651000,86(0.00 %),106600,9156791000,624530,53797442000,1138968379,15.0
29/10/2019,-332810,-29049340000,87.6(1.86 %),784170,68540550000,1116980,97589890000,1137940249,15.03
30/10/2019,-114510,-10132370000,88.8(1.37 %),307150,27092410000,421660,37224780000,1138243439,15.02
31/10/2019,-18530,-1779860000,89(0.23 %),1103330,98330760000,1121860,100110620000,1138411119,15.01
01/11/2019,790140,73647080000,95.2(6.97 %),1893720,177305720000,1103580,103658640000,1137763619,15.03
04/11/2019,-84090,-8005770000,96(0.84 %),407660,39027980000,491750,47033750000,1137777619,15.03
05/11/2019,447400,43074190000,97.9(1.98 %),1033540,100441150000,586140,57366960000,1137299480,15.05
06/11/2019,-182920,-17548470000,99.4(1.53 %),583930,58270050000,766850,75818520000,1137412883,15.04
07/11/2019,621250,62564010000,99.5(0.10 %),1052290,106014660000,431040,43450650000,1137164483,15.05
08/11/2019,628390,62103950000,98.5(-1.01 %),712280,70409110000,83890,8305160000,1137008343,15.05
11/11/2019,312980,30920000000,98.7(0.20 %),387670,38300340000,74690,7380340000,1137187523,15.05
12/11/2019,282540,27760550000,97.8(-0.91 %),741570,73051560000,459030,45291010000,1136864783,15.06
13/11/2019,223790,21765080000,97.1(-0.72 %),309750,30135804000,85960,8370724000,1136671759,15.06
14/11/2019,236050,22917926000,96.4(-0.72 %),259700,25235450000,23650,2317524000,1136435709,15.07
15/11/2019,22480,2203300000,96.3(-0.10 %),200400,19396280000,177920,17192980000,1136312615,15.08
18/11/2019,166600,15527580000,96.3(0.00 %),277050,26159915000,110450,10632335000,1136246629,15.08
19/11/2019,-26940,-2593960000,96.5(0.21 %),265400,25720130000,292340,28314090000,1136027195,15.08
20/11/2019,-202930,-19803820000,96.2(-0.31 %),1749640,158088560000,1952570,177892380000,1136025925,15.08
21/11/2019,-294010,-28134310000,95.3(-0.94 %),161260,15436840000,455270,43571150000,1135975115,15.09
22/11/2019,-208460,-19833055000,93.5(-1.89 %),499910,46413141000,708370,66246196000,1136978969,15.06
25/11/2019,168970,15687800000,93.2(-0.32 %),283230,26333670000,114260,10645870000,1135961535,15.09
26/11/2019,-129260,-11947740000,93.3(0.11 %),589760,55243850000,719020,67191590000,1135935045,15.09
27/11/2019,90030,8390490000,93(-0.32 %),330730,30816020000,240700,22425530000,1136219675,15.08
28/11/2019,131730,12113120000,91.6(-1.51 %),343460,31601150000,211730,19488030000,1136190475,15.08
29/11/2019,83730,7694787000,91.9(0.33 %),271020,24888938000,187290,17194151000,1136633769,15.07
02/12/2019,188165,17469520000,91.9(0.00 %),608600,56359310000,420435,38889790000,1136146585,15.08
03/12/2019,-673540,-61830972000,91.8(-0.11 %),319470,29257146000,993010,91088118000,1136831855,15.06
04/12/2019,-281390,-25831602000,91.8(0.00 %),855770,78081108000,1137160,103912710000,1137113245,15.05
05/12/2019,-120700,-11177150000,92(0.22 %),206110,19061730000,326810,30238880000,1136055900,15.08
06/12/2019,-203030,-18675170000,92(0.00 %),114760,10542160000,317790,29217330000,1136874150,15.06
09/12/2019,-208140,-19166457000,92(0.00 %),179720,16529322000,387860,35695779000,1137645115,15.04
10/12/2019,-646870,-59188605000,91.5(-0.54 %),166180,15184460000,813050,74373065000,1138291985,15.02
11/12/2019,-242120,-21855420000,91.1(-0.44 %),114870,10352170000,356990,32207590000,1137480555,15.04
12/12/2019,-660550,-59778465000,91.2(0.11 %),37520,3395063000,698070,63173528000,1139194655,14.99
13/12/2019,-133130,-12041510000,89.1(-2.30 %),175700,15922240000,308830,27963750000,1138493775,15.01
16/12/2019,-541820,-47061471000,86.1(-3.37 %),501520,43404756000,1043340,90466227000,1139869605,14.97
17/12/2019,74620,6394830000,85.5(-0.70 %),1087470,93199950000,1012850,86805120000,1139050755,14.99
18/12/2019,-42700,-3591150000,83.9(-1.87 %),826000,69368770000,868700,72959920000,1138670185,15.0
19/12/2019,26840,2230600000,83.9(0.00 %),617920,52002630000,591080,49772030000,1138828345,15.0
20/12/2019,-386750,-32556900000,84.2(0.36 %),920240,77771790000,1306990,110328690000,1138184685,15.02
23/12/2019,-102110,-8585550000,83.8(-0.48 %),255710,21498400000,357820,30083950000,1138655085,15.01
24/12/2019,26150,2188755000,83.7(-0.12 %),482940,40262057490,456790,38073302490,1140273555,14.96
25/12/2019,-69360,-5788920000,83.7(0.00 %),47950,3996030000,117310,9784950000,1140109975,14.96
26/12/2019,-142680,-12054040000,84.2(0.60 %),81750,6886160000,224430,18940200000,1140336045,14.96
27/12/2019,-75060,-6314632000,84.5(0.36 %),243410,20484820000,318470,26799452000,1140560655,14.95
30/12/2019,30490,2650220000,85.5(1.18 %),414520,35345180000,384030,32694960000,1140100645,14.96
31/12/2019,74340,6311700000,84.8(-0.82 %),175170,14870450000,100830,8558750000,1140149905,14.96
02/01/2020,48790,4148709000,84.9(0.12 %),90600,7715524000,41810,3566815000,1140468375,14.95
03/01/2020,53800,4571303000,85.2(0.35 %),117150,9967664000,63350,5396361000,1140414575,14.95
06/01/2020,-407230,-34067080000,83.4(-2.11 %),138240,11572980000,545470,45640060000,1140585445,14.95
07/01/2020,123660,10388687000,83.8(0.48 %),332820,28018340000,209160,17629653000,1140698145,14.94
08/01/2020,-20110,-1658491000,82.5(-1.55 %),86510,7130402000,106620,8788893000,1140718255,14.94
09/01/2020,43700,3640210000,83.3(0.97 %),684780,57025044210,641080,53384834210,1140674555,14.95
10/01/2020,109630,9263735000,84.5(1.44 %),1686950,141711450000,1577320,132447715000,1140564925,14.95
13/01/2020,183570,15730600000,86.3(2.13 %),675370,57919510000,491800,42188910000,1140177355,14.96
14/01/2020,93510,8083800000,86.3(0.00 %),354430,30645670000,260920,22561870000,1140134695,14.96
15/01/2020,140070,12045250000,86.3(0.00 %),338970,29173260000,198900,17128010000,1140198045,14.96
16/01/2020,144110,12395340000,86.1(-0.23 %),587810,50563290000,443700,38167950000,1140203035,14.96
17/01/2020,-61210,-5348440000,86(-0.12 %),273780,23769140000,334990,29117580000,1140141335,14.96
20/01/2020,111790,9604040000,86(0.00 %),632410,54376870000,520620,44772830000,1139740405,14.97
21/01/2020,-20580,-1765170000,87.5(1.74 %),492620,42763730000,513200,44528900000,1139445785,14.98
22/01/2020,202920,17996580000,89.4(2.17 %),586210,51894580000,383290,33898000000,1139229565,14.99
30/01/2020,231730,20253202000,87.4(-2.24 %),1143790,99926240200,912060,79673038200,1139011135,14.99
31/01/2020,358140,31262153000,87.5(0.11 %),627540,54890161000,269400,23628008000,1138652995,15.01
03/02/2020,175430,14768535000,85.2(-2.63 %),371380,31329271000,195950,16560736000,1138567185,15.01
04/02/2020,74880,6417216000,85.7(0.59 %),845720,72400204000,770840,65982988000,1138881765,15.0
05/02/2020,-116800,-10044800000,86(0.35 %),2146360,184503168600,2263160,194547968600,1138998565,15.0
06/02/2020,203050,17624740000,86.8(0.93 %),480950,41687081200,277900,24062341200,1138795515,15.0
07/02/2020,89070,7754841000,87(0.23 %),377880,32897511000,288810,25142670000,1138706445,15.0
10/02/2020,258650,22294600000,86.2(-0.92 %),290820,25072750000,32170,2778150000,1138561935,15.01
11/02/2020,116740,10038540000,86.2(0.00 %),454670,39069780000,337930,29031240000,1138228905,15.02
12/02/2020,59030,5094070000,86.5(0.35 %),248630,21479230000,189600,16385160000,1138278435,15.02
13/02/2020,75790,6511050000,86(-0.58 %),315110,27101540000,239320,20590490000,1138055495,15.02
14/02/2020,-71000,-6219600000,87.6(1.86 %),187410,16379337680,258410,22598937680,1138267235,15.02
17/02/2020,-29610,-2569981000,86.7(-1.03 %),31470,2756502000,61080,5326483000,1138296845,15.02
18/02/2020,81010,6957550000,86(-0.81 %),265910,22877560000,184900,15920010000,1138438990,15.01
19/02/2020,137210,11788860000,86(0.00 %),381420,32780180000,244210,20991320000,1138273250,15.02
20/02/2020,40600,3517160000,86.9(1.05 %),135550,11694580000,94950,8177420000,1138202180,15.02
21/02/2020,30390,2620176000,86.1(-0.92 %),91460,7895854000,61070,5275678000,1138007635,15.02
24/02/2020,341100,28848056000,84(-2.44 %),484100,40966350000,143000,12118294000,1137666535,15.03
25/02/2020,-99180,-8187190000,83.1(-1.07 %),54510,4487790000,153690,12674980000,1137949571,15.03
26/02/2020,-235500,-19123983000,80.9(-2.65 %),76440,6207774000,311940,25331757000,1138001215,15.02
27/02/2020,-462720,-37151540000,80.8(-0.12 %),554090,44325950000,1016810,81477490000,1137523111,15.04
28/02/2020,-344572,-27665585000,80.4(-0.50 %),140880,11326752000,485452,38992337000,1138808507,15.0
02/03/2020,-219190,-17528810000,80.5(0.12 %),48120,3855190000,267310,21384000000,1137807391,15.03
03/03/2020,-442990,-35664130000,80.5(0.00 %),99520,8005330000,542510,43669460000,1138724681,15.0
04/03/2020,-527720,-42481460000,80.5(0.00 %),465850,35694925000,993570,78176385000,1138778101,15.0
05/03/2020,138200,11192411000,81(0.62 %),231900,18783772000,93700,7591361000,1138639901,15.01
06/03/2020,-44320,-3531210000,80.9(-0.12 %),88230,7018230000,132550,10549440000,1139556473,14.98
09/03/2020,-254640,-19181900000,75.3(-6.92 %),168470,12790870000,423110,31972770000,1140196253,14.96
10/03/2020,-428220,-31618490000,76.5(1.59 %),100720,7429983000,528940,39048473000,1139367081,14.98
11/03/2020,-334580,-25595370000,76.5(0.00 %),200880,15103020000,535460,40698390000,1139701661,14.97
12/03/2020,-649630,-46773360000,72(-5.88 %),79290,5708880000,728920,52482240000,1140351291,14.95
13/03/2020,-736090,-51050230000,72(0.00 %),83820,5877280000,819910,56927510000,1140868413,14.94
16/03/2020,-509780,-36602204000,71.8(-0.28 %),129890,9151285060,639670,45753489060,1141597161,14.92
17/03/2020,-646790,-45267912000,69.9(-2.65 %),99100,6892420000,745890,52160332000,1142243951,14.9
18/03/2020,-1224920,-84191959000,69.5(-0.57 %),60990,4178161000,1285910,88370120000,1143468871,14.86
19/03/2020,-878920,-58196740000,68.5(-1.44 %),71430,4771550000,950350,62968290000,1143122463,14.87
20/03/2020,-820460,-53343952000,63.8(-6.86 %),393900,25502584000,1214360,78846536000,1145514251,14.8
23/03/2020,-9040,-544440000,59.4(-6.90 %),576320,34277120000,585360,34821560000,1144719043,14.82
24/03/2020,-981410,-54298230000,55.3(-6.90 %),285390,15886720000,1266800,70184950000,1145433003,14.8
25/03/2020,-650110,-36917561000,59.1(6.87 %),318320,17862462000,968430,54780023000,1147154811,14.75
26/03/2020,-611620,-36649673000,61(3.21 %),220660,13233872000,832280,49883545000,1147766431,14.73
27/03/2020,158050,9595716000,60(-1.64 %),270350,16330143000,112300,6734427000,1147608381,14.74
30/03/2020,-66230,-3659930000,55.8(-7.00 %),81010,4557940000,147240,8217870000,1147993613,14.73
31/03/2020,-78340,-4540670000,55(-1.43 %),153690,8549370000,232030,13090040000,1148672203,14.71
01/04/2020,-76610,-4250650000,54.8(-0.36 %),340640,18741510000,417250,22992160000,1148599863,14.71
03/04/2020,-12570,-458920000,57.7(5.29 %),279970,15888120000,292540,16347040000,1148467133,14.71
06/04/2020,-35200,-2133940000,61.7(6.93 %),13160,802923000,48360,2936863000,1148647633,14.71
07/04/2020,112470,7423020000,66(6.97 %),300750,19793769000,188280,12370749000,1148535163,14.71
08/04/2020,157620,10925570000,70(6.06 %),459070,31358460000,301450,20432890000,1148610943,14.71
09/04/2020,-70820,-4958950000,69(-1.43 %),324410,22605480000,395230,27564430000,1148334893,14.72
10/04/2020,-1950,-135050000,67.1(-2.75 %),230760,15522730000,232710,15657780000,1148449543,14.71
13/04/2020,18030,1230560000,67.3(0.30 %),155640,10603420000,137610,9372860000,1148614113,14.71
14/04/2020,-62180,-4228240000,68(1.04 %),184640,12479820000,246820,16708060000,1148494463,14.71
15/04/2020,-191700,-13028270000,67.8(-0.29 %),48050,3259990000,239750,16288260000,1148909363,14.7
16/04/2020,-282290,-19054575000,67.5(-0.44 %),311100,20983601130,593390,40038176130,1148968453,14.7
17/04/2020,-53560,-4310203800,68.5(1.48 %),529110,38552656200,582670,42862860000,1149022013,14.7
20/04/2020,-162110,-11167560000,68.5(0.00 %),78020,5342930000,240130,16510490000,1148778133,14.7
21/04/2020,416190,28077120000,68(-0.73 %),744640,50298950000,328450,22221830000,1148451053,14.71
22/04/2020,448010,30049470000,65.4(-3.82 %),563470,37848760000,115460,7799290000,1148263653,14.72
23/04/2020,302630,20152780000,66.6(1.83 %),435720,29007110000,133090,8854330000,1148068063,14.72
24/04/2020,30210,1879684000,65(-2.40 %),519740,33696523000,489530,31816839000,1147987083,14.73
27/04/2020,146040,9560330000,64.5(-0.77 %),314550,20561870000,168510,11001540000,1147807683,14.73
28/04/2020,-313110,-20848931000,64.6(0.16 %),308010,20041391000,621120,40890322000,1148154153,14.72
29/04/2020,358630,22781110000,63.6(-1.55 %),889150,56602480000,530520,33821370000,1147298893,14.75
04/05/2020,312630,20180012000,64.9(2.04 %),753960,48681623000,441330,28501611000,1147467403,14.74
05/05/2020,407870,26016020000,63.6(-2.00 %),707380,45133350000,299510,19117330000,1146627183,14.77
06/05/2020,-36214392,-2175205544000,67(5.35 %),560920,36676931000,36775312,2211882475000,1183273925,13.67
07/05/2020,-63700,-4297417000,67.6(0.90 %),269980,18129224000,333680,22426641000,1183337625,13.67
08/05/2020,695140,48942480000,70.9(4.88 %),850890,59857530000,155750,10915050000,1146131753,14.78
11/05/2020,884160,64192620000,73.5(3.67 %),897550,65161770000,13390,969150000,1182012915,13.71
12/05/2020,149920,10959290000,73.5(0.00 %),422540,30930030000,272620,19970740000,1182030855,13.71
13/05/2020,-46840,-3432489000,71.4(-2.86 %),705570,50668080460,752410,54100569460,1181655245,13.72
14/05/2020,-246190,-17495810000,70.6(-1.12 %),459790,32553480000,705980,50049290000,1181087925,13.74
15/05/2020,-204980,-14603520000,71.6(1.42 %),717420,51126200000,922400,65729720000,1181114125,13.74
18/05/2020,-524170,-37522523000,71.9(0.42 %),385540,27617410880,909710,65139933880,1182630585,13.69
19/05/2020,161430,11943849000,73.2(1.81 %),707270,52087958000,545840,40144109000,1182469155,13.7
20/05/2020,1257020,95364818000,77.1(5.33 %),2016860,153158640150,759840,57793822150,1181212135,13.73
21/05/2020,228370,17726420000,78(1.17 %),913470,70946560000,685100,53220140000,1180851315,13.75
22/05/2020,344540,26314647000,76.5(-1.92 %),1382680,105901036000,1038140,79586389000,1180639225,13.75
25/05/2020,249290,19393190000,76.8(0.39 %),1147450,88090551600,898160,68697361600,1180389935,13.76
26/05/2020,-19080,-1470128000,76.4(-0.52 %),382440,29379083000,401520,30849211000,1180409015,13.76
27/05/2020,-40850,-3031790000,74.7(-2.23 %),549090,41874950000,589940,44906740000,1179616205,13.78
28/05/2020,1154820,86802810000,75(0.40 %),1521630,114368190000,366810,27565380000,1178702140,13.81
29/05/2020,16590,1199670000,76.6(2.13 %),990200,75708910000,973610,74509240000,1178454380,13.82
01/06/2020,314890,24760290000,79.1(3.26 %),1008230,79378860000,693340,54618570000,1178404590,13.82
02/06/2020,696480,54573510000,77.8(-1.64 %),1262070,98936060000,565590,44362550000,1177842000,13.84
03/06/2020,967700,75322250000,77.9(0.13 %),1712870,133318870000,745170,57996620000,1177303420,13.85
04/06/2020,564220,43927550000,77.5(-0.51 %),909170,70798450000,344950,26870900000,1176860590,13.86
05/06/2020,155620,12021810000,77.3(-0.26 %),683800,52794700000,528180,40772890000,1176507660,13.88
08/06/2020,222010,17388080000,77.8(0.65 %),626340,48969110000,404330,31581030000,1176331490,13.88
09/06/2020,-8180,-671820000,77.6(-0.26 %),300610,23391680000,308790,24063500000,1176213080,13.88
10/06/2020,536450,41565664000,77.5(-0.13 %),825270,63971232000,288820,22405568000,1175417730,13.91
11/06/2020,2522240,195374227000,76.5(-1.29 %),2606550,201906652000,84310,6532425000,1172895490,13.98
12/06/2020,361950,26992050000,75(-1.96 %),1470330,110110880000,1108380,83118830000,1172676980,13.99
15/06/2020,200974396,15073911050000,70(-6.67 %),201694126,15125895930000,719730,51984880000,971167424,20.01
16/06/2020,577890,42735060000,74.9(7.00 %),1309490,96767300000,731600,54032240000,970588164,20.02
17/06/2020,663180,50609520000,76(1.47 %),1068460,81625660000,405280,31016140000,970491014,20.03
18/06/2020,1141510,87234610000,76.5(0.66 %),1557390,119000890000,415880,31766280000,970034424,20.04
19/06/2020,196136,14991002000,76.5(0.00 %),1175120,89907936760,978984,74916934760,968980428,20.07
22/06/2020,656420,50999640000,78.3(2.35 %),748750,58162850000,92330,7163210000,968669514,20.08
23/06/2020,-151350,-11525570000,77.7(-0.77 %),678810,52710230000,830160,64235800000,968025514,20.1
24/06/2020,-177550,-13437877000,75.7(-2.57 %),523900,40250073000,701450,53687950000,968652908,20.08
25/06/2020,307810,23152220000,75.5(-0.26 %),417720,31419180000,109910,8266960000,967750688,20.11
26/06/2020,247740,18829620000,75.6(0.13 %),279050,21196320000,31310,2366700000,968301798,20.09
29/06/2020,343550,25463910000,74(-2.12 %),415710,30805670000,72160,5341760000,968583288,20.08
30/06/2020,278270,20991320000,75.5(2.03 %),339120,25617980000,60850,4626660000,968349828,20.09
01/07/2020,120220,9207160000,76.9(1.85 %),157800,12080460000,37580,2873300000,968219088,20.09
02/07/2020,-71020,-5444990000,76.9(0.00 %),120640,9273110000,191660,14718100000,968166358,20.1
03/07/2020,460900,35561607000,77.8(1.17 %),483150,37278450000,22250,1716843000,967987008,20.1
06/07/2020,1897370,153154170000,80.8(3.86 %),2045520,164969260000,148150,11815090000,965732723,20.17
07/07/2020,214310,17371910000,80.8(0.00 %),390030,31612270000,175720,14240360000,965528403,20.17
08/07/2020,-71830,-5766173000,80.4(-0.50 %),125400,10071912600,197230,15838085600,965947158,20.16
09/07/2020,87460,7087559000,80.8(0.50 %),227570,18440240000,140110,11352681000,965859698,20.16
10/07/2020,-330410,-26417428000,79.4(-1.73 %),247670,19789424470,578080,46206852470,966190108,20.15
13/07/2020,-59400,-4743960000,79.1(-0.38 %),218370,17389490000,277770,22133450000,965537163,20.17
14/07/2020,-11530,-1001770000,80.5(1.77 %),350950,27871200000,362480,28872970000,965232273,20.18
15/07/2020,40170,3332850000,81.1(0.75 %),687440,56238310000,647270,52905460000,964929993,20.19
16/07/2020,-109750,-8809500000,81.5(0.49 %),438120,35517110000,547870,44326610000,965050493,20.19
17/07/2020,-388660,-31362410000,80.5(-1.23 %),83550,6747220000,472210,38109630000,965329423,20.18
20/07/2020,-335950,-26834570000,79.2(-1.61 %),85420,6877423000,421370,33711993000,967055228,20.13
21/07/2020,-984980,-77292147000,78.8(-0.51 %),169740,13325544000,1154720,90617691000,968040208,20.1
22/07/2020,-323170,-25234990000,77.5(-1.65 %),192820,15100340000,515990,40335330000,966278993,20.15
23/07/2020,116220,9092590000,78.8(1.68 %),129970,10167760000,13750,1075170000,966570393,20.14
24/07/2020,620520,47636820000,76(-3.55 %),766450,58855920000,145930,11219100000,966958663,20.13
27/07/2020,420430,30598434000,70.9(-6.71 %),656640,47675353000,236210,17076919000,967206208,20.12
28/07/2020,638230,47090980000,75.8(6.91 %),1260900,92773770000,622670,45682790000,965730623,20.17
29/07/2020,42430,3185073000,74(-2.37 %),258070,19059312000,215640,15874239000,966525548,20.14
30/07/2020,395750,30159050000,76.6(3.51 %),469520,35773300000,73770,5614250000,965235173,20.18
31/07/2020,302450,23231270000,77.7(1.44 %),714250,54883150000,411800,31651880000,965344483,20.18
03/08/2020,-400670,-31051400000,78.5(1.03 %),93560,7265170000,494230,38316570000,965466563,20.18
04/08/2020,-386110,-30305282000,79(0.64 %),350170,27536084960,736280,57841366960,965946233,20.16
05/08/2020,280160,22235009000,79.6(0.76 %),411570,32656993000,131410,10421984000,965666073,20.17
06/08/2020,92940,7368030000,79.6(0.00 %),187570,14888560000,94630,7520530000,965488533,20.18
07/08/2020,32180,2544910000,79.6(0.00 %),298190,23677330000,266010,21132420000,965769213,20.17
10/08/2020,-682750,-54268927000,79.6(0.00 %),203060,16141221000,885810,70410148000,966223703,20.15
11/08/2020,-373660,-29550552000,79.4(-0.25 %),195000,15435782000,568660,44986334000,966597363,20.14
12/08/2020,-927430,-73106100000,79.4(0.00 %),142670,11254680000,1070100,84360780000,965896333,20.16
13/08/2020,-1375290,-108800532000,79.4(0.00 %),234120,18531110000,1609410,127331642000,968900083,20.07
14/08/2020,-2310,-205135000,79.7(0.38 %),37790,3008643000,40100,3213778000,968902393,20.07
17/08/2020,-425790,-33863060000,79.7(0.00 %),111830,8882310000,537620,42745370000,967942363,20.1
18/08/2020,-734210,-58039970000,79.6(-0.13 %),122330,9686710000,856540,67726680000,969547923,20.05
19/08/2020,274400,21900360000,80(0.50 %),567680,45328890000,293280,23428530000,969070343,20.07
20/08/2020,22779410,1709431000000,80(0.00 %),23450920,1763342860000,671510,53911860000,946127043,20.75
21/08/2020,-476730,-38015190000,79.5(-0.62 %),790090,62962840000,1266820,100978030000,946516493,20.74
24/08/2020,-698570,-56019340000,80(0.63 %),708390,56731950000,1406960,112751290000,946456383,20.74
25/08/2020,-2101940,-164249640000,79.6(-0.50 %),150080,12000960000,2252020,176250600000,946927813,20.73
26/08/2020,-493500,-39347170000,79.5(-0.13 %),1407630,112075960000,1901130,151423130000,946556623,20.74
27/08/2020,-1549830,-121957890000,78.5(-1.26 %),659000,51893920000,2208830,173851810000,947452383,20.71
28/08/2020,-1269470,-99941157000,78.6(0.13 %),283730,22345734000,1553200,122286891000,975336143,19.88
31/08/2020,-1288440,-101181170000,78.5(-0.13 %),666390,52303770000,1954830,153484940000,950901313,20.61
01/09/2020,-796490,-62551360000,78.7(0.25 %),497950,39026550000,1294440,101577910000,952413673,20.57
03/09/2020,-1796920,-142750430000,79.6(1.14 %),284730,22634780000,2081650,165385210000,953447143,20.53
04/09/2020,-902910,-72037760000,80(0.50 %),325420,25981850000,1228330,98019610000,954876553,20.49
07/09/2020,-632510,-50819255550,79.1(-1.12 %),258930,20800463000,891440,71619718550,955795193,20.46
08/09/2020,-809550,-63704082000,78.5(-0.76 %),100020,7881101000,909570,71585183000,956604743,20.44
09/09/2020,-323360,-25224597000,78.6(0.13 %),128670,10038353000,452030,35262950000,956928103,20.43
10/09/2020,69651406,5213781100000,78.1(-0.64 %),72399976,5430452930000,2748570,216671830000,887149159,22.51
11/09/2020,-2087750,-162314936500,77.7(-0.51 %),216950,16879704000,2304700,179194640500,889364447,22.45
14/09/2020,-1057540,-82161820000,77.5(-0.26 %),173400,13505580000,1230940,95667400000,888121389,22.49
15/09/2020,-2538540,-195407457000,76.8(-0.90 %),302200,23276973000,2840740,218684430000,892960527,22.34
16/09/2020,-758660,-58477510000,77.2(0.52 %),94800,7312730000,853460,65790240000,892773459,22.35
17/09/2020,-736360,-56678480000,76.7(-0.65 %),279350,21473340000,1015710,78151820000,893862759,22.31
18/09/2020,-875340,-67367980840,76.9(0.26 %),304910,23452440000,1180250,90820420840,895330887,22.27
21/09/2020,-650750,-50352630000,77.1(0.26 %),116040,8952800000,766790,59305430000,897134329,22.22
22/09/2020,-209750,-16143251000,76.8(-0.39 %),455310,35019390000,665060,51162641000,896191387,22.24
23/09/2020,-285890,-22110577000,77.5(0.91 %),386040,29868914000,671930,51979491000,896477277,22.24
24/09/2020,-653890,-50725642000,77.1(-0.52 %),9030,700321000,662920,51425963000,897131167,22.22
25/09/2020,-80840,-6258612000,77.1(0.00 %),21100,1627772000,101940,7886384000,897212007,22.21
28/09/2020,-775080,-59561489000,76.6(-0.65 %),89560,6912353000,864640,66473842000,897987087,22.19
29/09/2020,-1043819,-79379460000,75.3(-1.70 %),73520,5608950000,1117339,84988410000,900918279,22.1
30/09/2020,-498950,-37579485000,75.5(0.27 %),133040,10023644000,631990,47603129000,899529856,22.14
01/10/2020,80560,6168330000,77.1(2.12 %),165730,12706590000,85170,6538260000,901586709,22.08
02/10/2020,-53480,-4037510000,75.9(-1.56 %),75190,5785940000,128670,9823450000,902628858,22.05
05/10/2020,-187590,-14274660000,76(0.13 %),14590,1109063000,202180,15383723000,901993509,22.07
06/10/2020,-276960,-21113263000,76.1(0.13 %),12150,928394000,289110,22041657000,902270469,22.06
07/10/2020,142900,11001480000,76.8(0.92 %),171810,13227970000,28910,2226490000,903276138,22.03
08/10/2020,-19350,-1477766000,76.6(-0.26 %),31690,2433301000,51040,3911067000,902146919,22.07
09/10/2020,115170,8840720000,77(0.52 %),136400,10471490000,21230,1630770000,903598098,22.02
12/10/2020,-144950,-11351710000,77.5(0.65 %),342560,26723100000,487510,38074810000,903284448,22.03
13/10/2020,-50440,-3986390000,78.1(0.77 %),67220,5240570000,117660,9226960000,903268268,22.03
14/10/2020,263210,20628348000,78.5(0.51 %),947530,74292614950,684320,53664266950,901963929,22.07
15/10/2020,-229600,-17838173000,77.5(-1.27 %),665860,52009952000,895460,69848125000,902193529,22.06
16/10/2020,55370,4273460000,77(-0.65 %),402340,31120220000,346970,26846760000,902099788,22.07
19/10/2020,-620760,-47526420000,76.1(-1.17 %),171550,13113290000,792310,60639710000,902460688,22.06
20/10/2020,-882340,-67198706000,76.2(0.13 %),688220,52400515410,1570560,119599221410,903641259,22.02
21/10/2020,-871790,-67069840000,76.4(0.26 %),104530,8012880000,976320,75082720000,903174838,22.04
22/10/2020,-421380,-32291270000,77.5(1.44 %),108390,8317700000,529770,40608970000,903855658,22.02
23/10/2020,-1049880,-82797560000,79.5(2.58 %),1008660,79926640000,2058540,162724200000,904800708,21.99
26/10/2020,-41930,-3420987000,78.5(-1.26 %),746820,60009684000,788750,63430671000,906026239,21.95
27/10/2020,103030,8057750000,77.6(-1.15 %),516270,40422050000,413240,32364300000,905285548,21.97
28/10/2020,248210,19195800000,75.6(-2.58 %),452740,34869130000,204530,15673330000,906241588,21.94
29/10/2020,210800,16005137000,76.2(0.79 %),240510,18258763000,29710,2253626000,905464199,21.97
30/10/2020,81960,6199359000,76(-0.26 %),622990,47038642000,541030,40839283000,905382239,21.97
02/11/2020,-180350,-13678809000,75.9(-0.13 %),126030,9555251000,306380,23234060000,906470208,21.94
03/11/2020,-748350,-56780188000,75.8(-0.13 %),415710,31546351000,1164060,88326539000,907218558,21.91
04/11/2020,-1132470,-86146740000,75.9(0.13 %),75460,5743250000,1207930,91889990000,906483928,21.94
05/11/2020,-446260,-34009750000,75.7(-0.26 %),649260,49643080000,1095520,83652830000,906637408,21.93
06/11/2020,-83640,-6353820000,75.7(0.00 %),1236370,93625150000,1320010,99978970000,906947121,21.92
09/11/2020,55290,4306530000,78(3.04 %),1867570,144051660000,1812280,139745130000,906313481,21.94
10/11/2020,-106200,-7997170000,77.4(-0.77 %),1630950,127899350000,1737150,135896520000,905373057,21.97
11/11/2020,-344120,-26220100000,76.6(-1.03 %),932260,72334460000,1276380,98554560000,905378797,21.97
12/11/2020,494860,38162030000,77.2(0.78 %),776870,59905440000,282010,21743410000,906388207,21.94
13/11/2020,658640,51200564000,78.3(1.42 %),1112690,86519382000,454050,35318818000,908122458,21.89
16/11/2020,-770320,-59373050000,76.6(-2.17 %),814210,63660160000,1584530,123033210000,907579837,21.9
17/11/2020,628580,48640752000,78.3(2.22 %),1188200,91901754000,559620,43261002000,908264198,21.88
18/11/2020,8120,630280000,77.3(-1.28 %),579380,44991720000,571260,44361440000,906760147,21.93
19/11/2020,-213470,-16585890000,77.5(0.26 %),426840,33141550000,640310,49727440000,907740587,21.9
20/11/2020,-336300,-26356381000,78.5(1.29 %),264820,20782752000,601120,47139133000,908805848,21.87
23/11/2020,1479980,118470480000,80.6(2.68 %),2769960,221937970000,1289980,103467490000,905700327,21.96
24/11/2020,-223480,-18200310000,83.8(3.97 %),477240,39205180000,700720,57405490000,905863397,21.96
25/11/2020,-332740,-28086480000,83.5(-0.36 %),359590,30489810000,692330,58576290000,906109477,21.95
26/11/2020,-328460,-27190070000,82.7(-0.96 %),58620,4850920000,387080,32040990000,907284477,21.91
27/11/2020,-22480,-1844690000,83(0.36 %),858290,71028740000,880770,72873430000,907624907,21.9
30/11/2020,112200,9395013000,82.6(-0.48 %),1066700,88586254000,954500,79191241000,906348217,21.94
01/12/2020,186540,15590500000,83.3(0.85 %),1417180,117222180000,1230640,101631680000,907120437,21.92
02/12/2020,2147990,181347810000,85.2(2.28 %),2550850,215658650000,402860,34310840000,904953367,21.98
03/12/2020,157770,13397231000,84.9(-0.35 %),919300,78038392520,761530,64641161520,905331857,21.97
04/12/2020,346050,29313484000,84.9(0.00 %),794220,67360604000,448170,38047120000,904985807,21.98
07/12/2020,50590,4287970000,84.7(-0.24 %),156010,13186690000,105420,8898720000,905242177,21.97
08/12/2020,-8630,-769800000,84.4(-0.35 %),520060,44097420000,528690,44867220000,905199557,21.98
09/12/2020,-115870,-9839330000,85(0.71 %),691450,58545840000,807320,68385170000,905267637,21.97
10/12/2020,-28600,-2587620000,83.6(-1.65 %),226970,19142430000,255570,21730050000,905141537,21.98
11/12/2020,649050,54851870000,85(1.67 %),1171140,98692060000,522090,43840190000,904503517,22.0
14/12/2020,362580,31463600000,87(2.35 %),711930,61312780000,349350,29849180000,904281177,22.0
15/12/2020,-310530,-25893150000,86(-1.15 %),1021900,88926490000,1332430,114819640000,903514847,22.03
16/12/2020,318040,27401980000,86.2(0.23 %),684360,58938600000,366320,31536620000,903157357,22.04
17/12/2020,-380390,-32397370000,84.7(-1.74 %),1353910,115131050000,1734300,147528420000,902174577,22.07
18/12/2020,608860,51937352000,85.3(0.71 %),1459120,124407213000,850260,72469861000,903840707,22.02
21/12/2020,313250,27179953000,87.1(2.11 %),497790,43174674000,184540,15994721000,903527457,22.03
22/12/2020,110840,9701960000,86.9(-0.23 %),493770,43001580000,382930,33299620000,903608627,22.02
23/12/2020,755890,66514290000,87.4(0.58 %),879350,77310330000,123460,10796040000,903379527,22.03
24/12/2020,354570,30629992000,86.3(-1.26 %),585950,50530802000,231380,19900810000,902306157,22.06
25/12/2020,233950,20349579000,87.6(1.51 %),270090,23474290000,36140,3124711000,902072207,22.07
28/12/2020,192670,16877165000,87.7(0.11 %),458800,40297284000,266130,23420119000,901879537,22.07
29/12/2020,330210,29533572000,90.3(2.96 %),384450,34323777000,54240,4790205000,901549327,22.08
30/12/2020,159390,14709069200,90.2(-0.11 %),589580,63022690400,430190,48313621200,901389937,22.09
31/12/2020,2000,182912000,89.5(-0.78 %),155730,14130662000,153730,13947750000,902100132,22.07
04/01/2021,356700,32614800000,92(2.79 %),634600,57944660000,277900,25329860000,901073172,22.1
05/01/2021,840500,78820750000,95.6(3.91 %),1070500,100659830000,230000,21839080000,900232672,22.12
06/01/2021,349100,33468930000,94.8(-0.84 %),1067400,102103740000,718300,68634810000,899883572,22.13
07/01/2021,-472700,-44524650000,94.8(0.00 %),555000,52305640000,1027700,96830290000,900356272,22.12
08/01/2021,338300,32532350000,96.4(1.69 %),647000,62258140000,308700,29725790000,900017972,22.13
11/01/2021,398100,40052970000,103.1(6.95 %),1318500,134582870000,920400,94529900000,899619872,22.14
12/01/2021,-826700,-85871810000,103.4(0.29 %),774100,80368030000,1600800,166239840000,900446572,22.12
13/01/2021,-210500,-21190040000,100.9(-2.42 %),949600,97633365400,1160100,118823405400,900657072,22.11
14/01/2021,438470,43969272000,99.6(-1.29 %),1395200,139522279500,956730,95553007500,900218602,22.12
15/01/2021,117300,11762520000,101.6(2.01 %),903000,90760136800,785700,78997616800,900101302,22.13
18/01/2021,-598800,-60731550000,101(-0.59 %),1634200,165914353400,2233000,226645903400,900700102,22.11
19/01/2021,742900,70962560000,96.8(-4.16 %),1951720,192049010000,1208820,121086450000,899957202,22.13
20/01/2021,877500,84079940000,97.5(0.72 %),2124800,205566494400,1247300,121486554400,899079702,22.16
21/01/2021,-600400,-58977560000,99(1.54 %),400500,39438900000,1000900,98416460000,899680102,22.14
22/01/2021,41500,4149840000,99.3(0.30 %),494900,49331000000,453400,45181160000,899638602,22.14
25/01/2021,24500,2379860000,99.5(0.20 %),738600,73502870000,714100,71123010000,899614102,22.14
26/01/2021,347900,34291990000,98(-1.51 %),927800,91120840000,579900,56828850000,899266202,22.15
27/01/2021,298300,28333000000,93.9(-4.18 %),874400,82767514000,576100,54434514000,898967902,22.16
28/01/2021,574300,50576240000,87.4(-6.92 %),1936300,170306430000,1362000,119730190000,898393602,22.18
29/01/2021,1519000,134544360000,93.5(6.98 %),1911500,169097710000,392500,34553350000,896874602,22.22
01/02/2021,-222000,-20446160000,88.3(-5.56 %),1341300,123329839500,1563300,143775999500,890663209,22.41
02/02/2021,1052400,97171280000,94.4(6.91 %),1700000,157094750000,647600,59923470000,895343702,22.27
03/02/2021,1576700,153755198500,97.2(2.97 %),2277400,222168838500,700700,68413640000,893767002,22.32
04/02/2021,1323000,129149530000,98.4(1.23 %),1461500,142647270000,138500,13497740000,892444002,22.36
05/02/2021,711600,70586680000,99.3(0.91 %),1644200,163147184000,932600,92560504000,891732402,22.38
08/02/2021,-1831500,-171614810000,94.7(-4.63 %),1577100,149534855000,3408600,321149665000,893563902,22.32
09/02/2021,-277800,-25599200000,96.8(2.22 %),2417000,231134884000,2694800,256734084000,893841702,22.31
17/02/2021,1933900,192165120000,101(4.34 %),2212300,219774250000,278400,27609130000,891907802,22.37
18/02/2021,1066500,109060280000,103.2(2.18 %),1287300,131624250000,220800,22563970000,890841302,22.4
19/02/2021,863500,88725920000,103.1(-0.10 %),1007400,103501200000,143900,14775280000,889977802,22.43
22/02/2021,364300,38322770000,105.8(2.62 %),567100,59643270000,202800,21320500000,889613502,22.44
23/02/2021,213800,22437570000,105.3(-0.47 %),441100,46376270000,227300,23938700000,889399702,22.45
24/02/2021,-739200,-76120400000,102.8(-2.37 %),199400,20569740000,938600,96690140000,890138902,22.42
25/02/2021,302000,31071100000,102.8(0.00 %),526100,53979070000,224100,22907970000,889836902,22.43
26/02/2021,-202500,-20578490000,101.6(-1.17 %),347800,35329860000,550300,55908350000,890039402,22.43
01/03/2021,-56100,-5725000000,103(1.38 %),422500,43352560000,478600,49077560000,890423469,22.42
02/03/2021,-337900,-34213016500,102.8(-0.19 %),511000,53211220000,848900,87424236500,890761369,22.41
03/03/2021,-606800,-61661400000,101.5(-1.26 %),292300,29789650000,899100,91451050000,891368169,22.39
04/03/2021,-175800,-17277310000,100(-1.48 %),1228400,122958431600,1404200,140235741600,891543969,22.38
05/03/2021,-1002900,-98822780000,98.4(-1.60 %),1015400,99962510000,2018300,198785290000,892546869,22.35
08/03/2021,-505500,-49184600000,97.2(-1.22 %),811800,80138250000,1317300,129322850000,893052369,22.34
09/03/2021,-560500,-54428960000,98.2(1.03 %),345200,33499070000,905700,87928030000,893612869,22.32
10/03/2021,919300,91416040000,99.9(1.73 %),1431800,142359940000,512500,50943900000,892693569,22.35
11/03/2021,-364500,-36474850000,100(0.10 %),398100,39849270000,762600,76324120000,893058069,22.34
12/03/2021,175700,17543510000,99.9(-0.10 %),728000,72982480000,552300,55438970000,892882369,22.34
15/03/2021,-429500,-42606880000,99.8(-0.10 %),737500,73102280000,1167000,115709160000,893311869,22.33
16/03/2021,-141700,-13980080000,99.5(-0.30 %),147200,14563530000,288900,28543610000,893453569,22.33
17/03/2021,-771600,-76074550000,99.3(0.51 %),226200,22390890000,997800,98465440000,894225169,22.3
18/03/2021,-283400,-28204370000,99.7(0.40 %),8000,796670000,291400,29001040000,894508569,22.29
19/03/2021,-1404700,-137926960000,97.8(-1.91 %),458900,45374260000,1863600,183301220000,895913269,22.25
22/03/2021,231000,22725210000,99.3(1.53 %),324400,31965750000,93400,9240540000,895682269,22.26
23/03/2021,-148300,-14614440000,98.7(-0.60 %),136300,13417260000,284600,28031700000,895830569,22.25
24/03/2021,-497300,-48174140000,97.2(-1.52 %),417700,40551272800,915000,88725412800,896327869,22.24
25/03/2021,-211300,-20334280000,96.7(-0.51 %),1268700,122991910000,1480000,143326190000,896539169,22.23
26/03/2021,-490200,-47100500000,95.7(-1.03 %),415300,39486530000,905500,86587030000,897029369,22.22
29/03/2021,-88100,-8497980000,96.2(0.52 %),764800,73559430000,852900,82057410000,897117469,22.22
30/03/2021,-1367300,-132240080000,96.3(0.10 %),202500,19554760000,1569800,151794840000,898484769,22.18
31/03/2021,-423600,-41299590000,97.3(1.04 %),255400,24889770000,679000,66189360000,898908369,22.16
01/04/2021,147300,14700420000,99(1.75 %),673900,66645100000,526600,51944680000,897066207,22.22
02/04/2021,184300,18671870000,100.7(1.72 %),448300,45132270000,264000,26460400000,896881907,22.22
05/04/2021,733000,77496930000,101.7(0.99 %),1065000,111388190000,332000,33891260000,896148907,22.25
06/04/2021,520100,53077320000,101.7(0.00 %),1202700,122806807200,682600,69729487200,895628807,22.26
07/04/2021,-66000,-6258730000,100.5(-1.18 %),1042300,104723530000,1108300,110982260000,895694807,22.26
08/04/2021,119800,11997147400,99.7(-0.80 %),765800,76671880500,646000,64674733100,895575007,22.26
09/04/2021,21897600,2183225650000,98.9(-0.80 %),22869200,2279047921800,971600,95822271800,873677407,22.92
12/04/2021,-603100,-60160620000,101.8(2.93 %),1067000,105956770000,1670100,166117390000,874280507,22.9
13/04/2021,370100,38156120000,102.5(0.69 %),696400,71741710000,326300,33585590000,873910407,22.91
14/04/2021,-6139700,-609690230000,100.5(-1.95 %),748200,74494690000,6887900,684184920000,880050107,22.73
15/04/2021,-2910300,-297676300000,101.2(0.70 %),603500,61711606000,3513800,359387906000,882960407,22.64
16/04/2021,-1773600,-179763320000,101(-0.20 %),56800,5800160000,1830400,185563480000,884734007,22.59
19/04/2021,-1402400,-145280560000,104.5(3.47 %),205300,21335090000,1607700,166615650000,886136407,22.54
20/04/2021,-3103000,-342870460000,108.6(3.92 %),844500,92604350000,3947500,435474810000,889239407,22.45
22/04/2021,142300,15701953400,103.1(-5.06 %),1023700,109760803600,881400,94058850200,889097107,22.46
23/04/2021,94800,10036310000,105(1.84 %),1361200,140874890000,1266400,130838580000,889002307,22.46
26/04/2021,457500,48325350000,99.6(-5.14 %),1343900,138445170000,886400,90119820000,888544807,22.47
27/04/2021,771600,77122920000,100(0.40 %),990000,99011908500,218400,21888988500,887773207,22.5
28/04/2021,1845200,185751150000,100.9(0.90 %),2960800,298131534000,1115600,112380384000,885928007,22.55
29/04/2021,-416600,-41268860000,99.3(-1.59 %),1101100,110237078100,1517700,151505938100,886344607,22.54
04/05/2021,129400,12690150000,99.2(-0.10 %),673600,66017420000,544200,53327270000,886778696,22.53
05/05/2021,-278200,-27822940000,99.6(0.40 %),155500,15519760000,433700,43342700000,887056896,22.52
06/05/2021,-227200,-22485360000,98.7(-0.90 %),108700,10849900000,335900,33335260000,887284096,22.51
07/05/2021,622100,61149140000,97.1(-1.62 %),1483800,145527440000,861700,84378300000,886661996,22.53
10/05/2021,1363000,133411940000,99.1(2.06 %),1749400,171457694000,386400,38045754000,885298996,22.57
11/05/2021,277800,27756430000,98(-1.11 %),885200,87658700000,607400,59902270000,885021196,22.58
12/05/2021,-270000,-26292440000,97.7(-0.31 %),129700,12668420000,399700,38960860000,885291196,22.57
13/05/2021,154100,15008810000,97(-0.72 %),395500,38502900000,241400,23494090000,885137096,22.57
14/05/2021,-540900,-52711960000,97.2(0.21 %),226200,22026336000,767100,74738296000,885677996,22.56
17/05/2021,163400,17160980000,100.8(3.70 %),621900,63586490000,458500,46425510000,885514596,22.56
18/05/2021,-21700,-1967750000,98.9(-1.88 %),857000,85795370000,878700,87763120000,885536296,22.56
19/05/2021,589800,58772440000,100.4(1.52 %),678700,67629200000,88900,8856760000,884946496,22.58
20/05/2021,363700,36668440000,102(1.59 %),814300,82079770000,450600,45411330000,884582796,22.59
21/05/2021,752300,77299850000,103.9(1.86 %),914100,94006770000,161800,16706920000,883830496,22.61
24/05/2021,322500,34191120000,106(2.02 %),391300,41467700000,68800,7276580000,883507996,22.62
25/05/2021,-103200,-10834300000,104.6(-1.32 %),142300,14916770000,245500,25751070000,883611196,22.62
26/05/2021,-476300,-48722230000,105.7(1.05 %),529800,55850510000,1006100,104572740000,884087496,22.61
27/05/2021,-476300,-48722230000,104.4(-1.23 %),409800,43270430000,886100,91992660000,883285696,22.63
28/05/2021,92000,9605090000,104.6(0.19 %),489600,51128730000,397600,41523640000,883193696,22.63
31/05/2021,-637900,-64871180000,102.6(-1.91 %),539200,55625000000,1177100,120496180000,883831596,22.61
01/06/2021,703200,72763390000,104(1.36 %),850100,87996140000,146900,15232750000,884130246,22.6
02/06/2021,-133500,-13976300000,104.4(0.38 %),611500,63690340000,745000,77666640000,884263746,22.6
03/06/2021,-87700,-9216840000,105.4(0.96 %),913000,96111700000,1000700,105328540000,884351446,22.6
04/06/2021,-795300,-83776020000,104.5(-0.85 %),24600,2600210000,819900,86376230000,885146746,22.57
07/06/2021,439200,46424320000,106(1.44 %),908000,95828500000,468800,49404180000,884707546,22.59
08/06/2021,-286700,-30963610000,105.3(-0.66 %),362800,39138480000,649500,70102090000,884994246,22.58
09/06/2021,674600,71487210000,106.1(0.76 %),947000,100348220000,272400,28861010000,884319646,22.6
10/06/2021,257500,27193110000,104.1(-1.89 %),1014700,106631470000,757200,79438360000,884062146,22.61
11/06/2021,917800,96616850000,106(1.83 %),946400,99617690000,28600,3000840000,883144346,22.63
14/06/2021,2100,-177090000,109.9(3.68 %),576200,62933820000,574100,63110910000,883142246,22.63
15/06/2021,624400,70234650000,112.6(2.46 %),911500,102571910000,287100,32337260000,882517846,22.65
16/06/2021,330500,37080420000,110(-2.31 %),926000,103136160000,595500,66055740000,882187346,22.66
17/06/2021,395500,43147690000,109(-0.91 %),750900,81778220000,355400,38630530000,881791846,22.67
18/06/2021,939700,106063800000,112.5(3.21 %),1349100,150853870000,409400,44790070000,880852146,22.7
21/06/2021,1108900,124407120000,112(-0.44 %),1351900,151659490000,243000,27252370000,879743246,22.74
22/06/2021,163000,18225250000,111.5(-0.45 %),675000,75411030000,512000,57185780000,879550246,22.74
23/06/2021,983100,108472430000,111.3(-0.18 %),1532700,169171100000,549600,60698670000,878567146,22.77
24/06/2021,743500,83321960000,112.1(0.72 %),1460100,163797510000,716600,80475550000,877823646,22.79
25/06/2021,768200,86269060000,112.1(0.00 %),977100,109746400000,208900,23477340000,877055446,22.82
28/06/2021,1190993,135420252000,115.5(3.03 %),1910000,217601600000,719007,82181348000,875864453,22.85
29/06/2021,1406100,166377290000,118.6(2.68 %),1944300,229122250000,538200,62744960000,874458353,22.89
30/06/2021,1811000,216391440000,118(-0.51 %),2340000,279160150000,529000,62768710000,872647353,22.95
01/07/2021,-159800,-18760670000,117.2(-0.68 %),623300,73113660000,783100,91874330000,872628235,22.95
02/07/2021,362700,42854560000,118(0.68 %),425300,50234840000,62600,7380280000,872265535,22.96
05/07/2021,653500,71199726000,118.5(0.42 %),823800,86480992000,170300,15281266000,871612035,22.98
06/07/2021,749000,87977040000,110.3(-6.92 %),904600,105976810000,155600,17999770000,870863035,23.0
07/07/2021,2738500,311555800000,117(6.07 %),3007700,341893360000,269200,30337560000,868124535,23.08
08/07/2021,1503200,161360279500,115(-1.71 %),2227100,214728061500,723900,53367782000,866621335,23.13
09/07/2021,679900,77971720000,112.5(-2.17 %),990900,113461720000,311000,35490000000,865941435,23.15
12/07/2021,340700,35760460000,108(-4.00 %),1508100,160544380000,1167400,124783920000,865600735,23.16
13/07/2021,789900,85798450000,109.5(1.39 %),1200900,130463469000,411000,44665019000,864810835,23.18
14/07/2021,1320300,145856250000,109.5(0.00 %),2723400,299540840000,1403100,153684590000,863490535,23.22
15/07/2021,170390,18772322000,110.3(0.73 %),1982700,217909060000,1812310,199136738000,863320145,23.23
16/07/2021,-319700,-34821960000,109(-1.18 %),358700,39459750000,678400,74281710000,863639845,23.22
19/07/2021,342000,36060670000,104.3(-4.31 %),871100,91724450000,529100,55663780000,863297845,23.23
20/07/2021,-638900,-66303250000,106.6(2.21 %),688700,72738170000,1327600,139041420000,863936745,23.21
21/07/2021,708600,76667720000,108(1.31 %),787700,85205500000,79100,8537780000,863228145,23.23
22/07/2021,328600,36413510000,111(2.78 %),901800,99622970000,573200,63209460000,862899545,24.24
23/07/2021,-126100,-13574300000,107.6(-3.06 %),333800,36625420000,459900,50199720000,863025645,24.23
26/07/2021,645900,69323060000,109.6(1.86 %),919800,99193246800,273900,29870186800,862379745,24.25
27/07/2021,-778400,-85812960000,107.8(-1.64 %),2223000,240550420000,3001400,326363380000,863158145,24.23
28/07/2021,-824600,-87690930000,106.5(-1.21 %),314700,33449520000,1139300,121140450000,863982745,24.21
29/07/2021,1146600,119227260000,107.9(1.31 %),2601400,275534540000,1454800,156307280000,862836145,24.24
30/07/2021,-114500,-12963600000,108.3(0.37 %),1361600,146031516000,1476100,158995116000,862950645,24.24
02/08/2021,-146600,-15773320000,108.1(-0.18 %),319400,34385630000,466000,50158950000,894605175,23.29
03/08/2021,-329700,-36165170000,110.9(2.59 %),36700,4043910000,366400,40209080000,894934875,23.28
04/08/2021,-474000,-52286720000,110.5(-0.36 %),136000,15030630000,610000,67317350000,895408875,23.27
05/08/2021,190300,21047050000,111.7(1.09 %),452000,50139480000,261700,29092430000,895218575,23.27
06/08/2021,-113300,-12735390000,113.9(1.97 %),70000,7925500000,183300,20660890000,895331875,23.27
09/08/2021,3280000,358986180000,117.4(3.07 %),3684800,405952500000,404800,46966320000,892051875,23.37
10/08/2021,3465500,388960640000,117(-0.34 %),4569800,518998880000,1104300,130038240000,888586375,23.47
11/08/2021,1735400,196852990000,116(-0.85 %),1904200,216466300000,168800,19613310000,886850975,23.52
12/08/2021,-135100,-15747460000,117(0.86 %),76400,8902840000,211500,24650300000,886986075,23.52
13/08/2021,-2102700,-50866375000,120(2.56 %),318900,35951925000,2421600,86818300000,889088775,23.46
16/08/2021,-1164800,-136699840000,116(-3.33 %),385900,45112650000,1550700,181812490000,890253575,23.42
17/08/2021,-4526300,-508127260000,111(-4.31 %),1516600,170055740000,6042900,678183000000,898141375,23.19
18/08/2021,-4068700,-443959760000,110(-0.90 %),392000,42771390000,4460700,486731150000,894322275,23.3
19/08/2021,2146800,236287990000,111(0.91 %),2980100,327988070000,833300,91700080000,892175475,23.36
20/08/2021,336300,36657110000,108.1(-2.61 %),1133400,123507150000,797100,86850040000,891839175,23.37
23/08/2021,688400,74206250000,107.2(-0.83 %),1501500,162120370000,813100,87914120000,891150775,23.39
24/08/2021,881400,94346840000,107.3(0.09 %),958100,102558200000,76700,8211360000,890269375,23.42
25/08/2021,-1419000,-151992050000,107(-3.60 %),73500,7882690000,1492500,159874740000,891688375,23.38
26/08/2021,-1923200,-205866610000,106.6(-0.37 %),326500,34910550000,2249700,240777160000,893611575,23.32
27/08/2021,614900,65301340000,106.9(0.28 %),1036300,109850240000,421400,44548900000,892996675,23.34
30/08/2021,-182500,-19690430000,106.9(0.00 %),954822,102040241800,1137322,121730671800,893179175,23.33
31/08/2021,-1067400,-113894800000,106.4(-0.47 %),385000,41071830000,1452400,154966630000,894246575,23.3
01/09/2021,-2668400,-287514280000,107(0.56 %),1228000,131708870000,3896400,419223150000,887846625,23.49
06/09/2021,-3543200,-380309290000,108.4(1.31 %),1095900,117976730000,4639100,498286020000,891389825,23.39
07/09/2021,-3212900,-354381210000,109.6(1.11 %),1483000,163279480000,4695900,517660690000,894602725,23.29
08/09/2021,-2223800,-251454900000,107.9(-1.55 %),1656000,180524984000,3879800,431979884000,896826525,23.23
09/09/2021,-2531300,-273110770000,107.7(-0.19 %),1193500,128735090000,3724800,401845860000,899357825,23.15
10/09/2021,-5218900,-562594910000,107.5(-0.19 %),2238300,241960930000,7457200,804555840000,904576725,22.99
13/09/2021,-1510400,-165898080000,107(-0.47 %),2617100,277597500000,4127500,443495580000,906087125,22.95
14/09/2021,-656100,-70023350000,107(0.00 %),350400,37679150000,1006500,107702500000,906743225,22.93
15/09/2021,-662500,-54243710000,81.9(0.92 %),256300,20982890000,918800,75226600000,907405725,22.91
16/09/2021,-310900,-24983600000,80.1(-2.20 %),670500,54366400000,981400,79350000000,907716625,22.9
17/09/2021,2397800,193450320000,81.2(1.37 %),3114600,251322730000,716800,57872410000,905318825,22.97
20/09/2021,-116200,-9270790000,79.9(-1.60 %),330200,26533270000,446400,35804060000,905435025,22.97
21/09/2021,1108900,87068950000,77.5(-3.00 %),2789600,217669450000,1680700,130600500000,904326125,23.0
22/09/2021,329800,25470960000,78(0.65 %),913700,70439640000,583900,44968680000,903996325,23.01
23/09/2021,52700,4231260000,79.3(1.67 %),420600,33250790000,367900,29019530000,903943625,23.01
24/09/2021,622900,49702700000,79.6(0.38 %),910700,72539110000,287800,22836410000,903320725,23.03
27/09/2021,1190500,90000090000,78.2(-1.76 %),1709300,130866050000,518800,40865960000,902130225,23.07
28/09/2021,398600,31150760000,78.5(0.38 %),1777000,138556250000,1378400,107405490000,901731625,23.08
29/09/2021,25400,2122080000,78.2(-0.38 %),395200,31066660000,369800,28944580000,901706225,23.08
30/09/2021,-140000,-11029360000,78.3(0.13 %),796400,62499740000,936400,73529100000,901846225,23.08
01/10/2021,-894500,-69461940000,77(-1.66 %),2348702,174269783900,3243202,243731723900,906319015,22.94
04/10/2021,689000,53084210000,78(1.30 %),1022800,78907710000,333800,25823500000,905630015,37.96
05/10/2021,159500,12655490000,79.4(1.79 %),625500,49472700000,466000,36817210000,905470515,29.21
06/10/2021,564500,45210190000,80.5(1.39 %),974100,77981010000,409600,32770820000,904906015,0.0
07/10/2021,-265400,-21214100000,80(-0.62 %),136300,10910370000,401700,32124470000,905171415,0.0
08/10/2021,481000,38456710000,79.9(-0.12 %),869700,69521400000,388700,31064690000,904690415,0.0
11/10/2021,1007900,80189958800,81(1.38 %),1101200,82275314800,93300,2085356000,903682515,0.0
12/10/2021,152400,12490480000,80.9(-0.12 %),1453300,117611992400,1300900,105121512400,903530115,0.0
13/10/2021,-735300,-59133730000,80(-1.11 %),267300,21532720000,1002600,80666450000,904265415,0.0
14/10/2021,-805300,-63815030000,78.9(-1.38 %),772300,61194030000,1577600,125009060000,905070715,0.0
15/10/2021,739800,58241090000,78.7(-0.25 %),1131000,89087790000,391200,30846700000,904330915,0.0
18/10/2021,-520000,-41003990000,78.9(0.25 %),472600,37285720000,992600,78289710000,904850915,0.0
19/10/2021,-1171800,-93082690000,79.4(0.63 %),547200,43327910000,1719000,136410600000,906022715,0.0
20/10/2021,-1602700,-126521870000,78.8(-0.76 %),290100,22922530000,1892800,149444400000,907625415,0.0
21/10/2021,-1002900,-78407840000,77.9(-1.14 %),1212400,95018450000,2215300,173426290000,907025615,0.0
22/10/2021,561200,43907050000,78(0.13 %),797200,62360920000,236000,18453870000,906464415,0.0
25/10/2021,-890000,-70345060000,78.5(0.64 %),677300,53318680000,1567300,123663740000,907354415,0.0
26/10/2021,238700,18893960000,78.7(0.25 %),636000,50172020000,397300,31278060000,907115715,0.0
27/10/2021,856500,69266030000,81(2.92 %),1341500,108311310000,485000,39045280000,906259215,0.0
28/10/2021,758000,61449270000,81(0.00 %),1145500,92830130000,387500,31380860000,905501215,0.0
29/10/2021,1876200,159175930000,85.5(5.56 %),2373000,201145670000,496800,41969740000,904383015,29.23
01/11/2021,-902100,-76615850000,84.3(-1.40 %),514900,44211340000,1417000,120827190000,1181367459,22.87
02/11/2021,132700,11280420000,85(0.83 %),327000,27731270000,194300,16450850000,1181234759,22.87
03/11/2021,773100,63921250000,82.9(-2.47 %),1402400,117152800000,629300,53231550000,1180461659,0.0
04/11/2021,747600,61642984000,82.7(-0.24 %),1457900,106011068800,710300,44368084800,1180487159,0.0
05/11/2021,-680500,-55638930000,82(-0.85 %),1184100,97265045000,1864600,152903975000,1181915259,0.0
08/11/2021,1564600,128703180000,82.4(0.49 %),1833300,150811197000,268700,22108017000,1179670159,0.0
09/11/2021,1032000,86388380000,83(0.73 %),2357300,196414022000,1325300,110025642000,1178638159,0.0
10/11/2021,5400,447633000,82.6(-0.48 %),102800,8521606000,97400,8073973000,1178632759,0.0
11/11/2021,-1845500,-151351040000,81.5(-1.33 %),718300,58859600000,2563800,210210640000,1180483659,22.89
12/11/2021,-49200,-4140590000,82(0.61 %),678000,55343910000,727200,59484500000,1180532859,22.89
15/11/2021,2207000,184550910000,84(2.44 %),2596100,216964200000,389100,32413290000,1178325859,22.94
16/11/2021,365200,28321300000,83(-1.19 %),2075300,173623690000,1710100,145302390000,1177960659,0.0
17/11/2021,1770000,147764520000,83.5(0.60 %),2409700,201158930000,639700,53394410000,1175190659,0.0
18/11/2021,1443000,120188740000,82.8(-0.84 %),1668600,138934840000,225600,18746100000,1173747659,23.04
19/11/2021,-99200,-9336940000,80.5(-2.78 %),1242500,100323710000,1341700,109660650000,1173846859,0.0
22/11/2021,1700200,136672320000,81(0.62 %),1924300,154752540000,224100,18080220000,1172896659,0.0
23/11/2021,929600,75822950000,82.5(1.85 %),1248600,101868820000,319000,26045870000,1172217059,0.0
24/11/2021,40000,540830000,83.7(1.45 %),1841800,151775790000,1801800,151234960000,1172214059,0.0
25/11/2021,-1106600,-95930060000,83.9(0.24 %),867500,72893530000,1974100,168823590000,1172270659,0.0
26/11/2021,-710200,-59511840000,83.3(-0.72 %),632100,53078730000,1342300,112590570000,1172180859,0.0
29/11/2021,373400,-53894429400,84.8(1.80 %),1735600,56029110900,1362200,109923540300,1171807459,0.0
30/11/2021,1485500,125073470000,84.6(-0.24 %),3339900,281785110000,1854400,156711640000,1170695359,23.11
01/12/2021,-1979900,-164712420000,82.9(-2.01 %),840500,70024480000,2820400,234736900000,0,0.0
02/12/2021,44300,3776330000,82.3(-0.72 %),737900,61224770000,693600,57448440000,1169576301,23.14
03/12/2021,624100,51589820000,80.2(-2.55 %),740800,61160600000,116700,9570780000,1168952201,23.15
06/12/2021,2201000,176920350000,79.7(-0.62 %),2560500,205768902000,359500,28848552000,1166751201,0.0
07/12/2021,1708400,138253990000,81.6(2.38 %),1915300,155019368000,206900,16765378000,1165042801,0.0
08/12/2021,747700,60761860000,81(-0.74 %),1556700,126590840000,809000,65828980000,1164295101,0.0
09/12/2021,810600,65879440000,81.6(0.74 %),922300,74943440000,111700,9064000000,1163827501,0.0
10/12/2021,-70500,-5795870000,80.9(-0.86 %),627800,50865190000,698300,56661060000,1163898001,23.27
13/12/2021,367200,34755080000,82.1(1.48 %),1149000,93110967500,781800,58355887500,1163530801,0.0
14/12/2021,140200,11555430000,82.1(0.00 %),748800,61607840000,608600,50052410000,1163452601,23.28
15/12/2021,852200,68165880000,82.6(0.61 %),1154000,92893440000,301800,24727560000,1162600401,0.0
16/12/2021,204700,16929170000,82.3(-0.36 %),1404900,115514515000,1200200,98585345000,1162795701,0.0
17/12/2021,39800,3356650000,84.5(2.67 %),2354200,198625750000,2314400,195269100000,1162755901,23.3
20/12/2021,-12500,-1141290000,83.5(-1.18 %),630100,53024810000,642600,54166100000,1162768401,0.0
21/12/2021,3098600,264424320000,86(2.99 %),3285000,280306890000,186400,15882570000,1159691801,0.0
22/12/2021,891300,76495930000,85.7(-0.35 %),1450100,124823740000,558800,48327810000,1158800501,23.39
23/12/2021,-33300,-2289500000,82.5(-3.73 %),604700,51162690000,638000,53452190000,1158833801,0.0
24/12/2021,1440200,119196712800,82.9(0.48 %),1765700,146136394800,325500,26939682000,1157360301,0.0
27/12/2021,623800,51657460000,82.8(-0.12 %),704400,58302580000,80600,6645120000,1160690758,23.34
28/12/2021,1409000,117212910000,82.8(0.00 %),1650000,137205560000,241000,19992650000,1159281758,23.38
29/12/2021,213200,17604720000,81.7(-1.33 %),305100,25201480000,91900,7596760000,1159386158,23.37
30/12/2021,382800,31371080000,81.6(-0.12 %),403000,33030790000,20200,1659710000,1159224118,23.38
31/12/2021,24100,1974840000,82(0.49 %),30100,2466460000,6000,491620000,1159285838,23.38
04/01/2022,2593700,218210750000,85.1(3.78 %),2972000,249984828000,378300,31774078000,1156362038,23.44
05/01/2022,1389300,118506090000,84(-1.29 %),2170200,184619290000,780900,66113200000,1154197932,23.49
06/01/2022,1375000,117219660000,85.3(1.55 %),2010800,171395100000,635800,54175440000,1152537432,23.53
07/01/2022,1649000,140854920000,85.4(0.12 %),2515400,214914320000,866400,74059400000,1150783932,23.57
10/01/2022,419000,31637217600,85.4(0.00 %),1080700,82056879200,661700,50419661600,1150340632,23.58
11/01/2022,282900,23860600000,83.6(-2.11 %),397800,33587400000,114900,9726800000,1150809324,23.57
12/01/2022,833200,69615780000,83.6(0.00 %),1024600,85443200000,191400,15827420000,1150446444,23.58
13/01/2022,952700,78823610000,82.2(-1.67 %),1631900,135082420000,679200,56258810000,1148834464,23.62
14/01/2022,457900,37627960000,82.2(0.00 %),546900,44943970000,89000,7316010000,1148459964,23.63
17/01/2022,-57300,-4487840000,79.1(-3.77 %),517600,42013430000,574900,46501270000,1148602788,23.62
18/01/2022,-413800,-32912620000,77(-2.65 %),841200,65693900000,1255000,98606520000,1147850660,23.64
19/01/2022,427300,33232600000,77.4(0.52 %),721800,56084230000,294500,22851630000,1147732290,23.64
20/01/2022,214200,16705940000,78.6(1.29 %),754800,59379570000,540600,42673630000,1148240530,23.63
21/01/2022,1102200,86967110000,79.4(1.02 %),1987800,156731660000,885600,69764550000,1146499510,23.67
24/01/2022,805000,62717120000,76.2(-4.03 %),1462300,113802540000,657300,51085420000,1145575194,23.69
25/01/2022,2332800,182474570000,81(6.30 %),2648800,206891540000,316000,24416970000,1143809497,23.73
26/01/2022,1184600,92030102800,81.2(0.25 %),1854400,142823423000,669800,50793320200,1142617197,23.76
27/01/2022,228600,18591850000,81(-0.25 %),1698600,137004000000,1470000,118412150000,1141225117,23.79
28/01/2022,-72600,-5823730000,80.3(-0.86 %),426500,34422820000,499100,40246550000,1141453137,23.79
07/02/2022,2353900,193593910000,82.2(2.37 %),2773100,227930340000,419200,34336430000,1140131037,23.82
08/02/2022,-191600,-15679680000,81.2(-1.22 %),892400,72727850000,1084000,88407530000,1139737737,23.83
09/02/2022,257900,21760690000,81.5(0.37 %),1885500,154594750000,1627600,132834060000,1138262467,23.86
10/02/2022,-398100,-31806750000,80.1(-1.72 %),826200,66652020000,1224300,98458770000,1138430267,23.86
11/02/2022,90700,7205450000,79.7(-0.50 %),1168700,93394630000,1078000,86189180000,1138817167,23.85
14/02/2022,-918300,-72236470000,78.1(-2.01 %),602400,47462220000,1520700,119698690000,1139439067,23.83
15/02/2022,1406600,112439100000,80(2.43 %),1816100,144945450000,409500,32506350000,1138700877,23.85
16/02/2022,838300,67100080000,80(0.00 %),1101100,88137150000,262800,21037070000,1139120067,23.84
17/02/2022,409200,33047980000,80.8(1.00 %),1184400,95145560000,775200,62097580000,1138358167,23.86
18/02/2022,-36600,-2887340000,79.7(-1.36 %),935300,74683810000,971900,77571150000,1137685677,23.87
21/02/2022,858700,68700520000,80(0.38 %),924700,73988970000,66000,5288450000,1137525377,23.88
22/02/2022,756000,59729260000,79.3(-0.87 %),1589300,125537776000,833300,65808516000,1137369977,23.88
23/02/2022,621400,49513920000,79.4(0.13 %),1013400,80745390000,392000,31231470000,1136722577,23.89
24/02/2022,239100,18688170000,78.6(-1.01 %),971400,76236370000,732300,57548200000,1136086477,23.91
25/02/2022,386600,30513200000,78.3(-0.38 %),858700,67574750000,472100,37061550000,1135565777,23.92
28/02/2022,-435800,-33846690000,77.5(-1.02 %),161900,12592570000,597700,46439260000,1136049757,23.91
01/03/2022,-230200,-17922050000,78(0.65 %),372300,29007870000,602500,46929920000,1136149557,23.91
02/03/2022,57500,4457510000,77.5(-0.64 %),651200,50382410000,593700,45924900000,1136096087,23.91
03/03/2022,360000,27956720000,78(0.65 %),558000,43323040000,198000,15366320000,1136139390,23.91
04/03/2022,-601500,-46778740000,77.9(-0.13 %),546600,42451610000,1148100,89230350000,1136186490,23.91
07/03/2022,-1831800,-140641970000,76.2(-2.18 %),308500,23738240000,2140300,164380210000,1136060890,23.91
08/03/2022,-1306200,-98619000000,74.6(-2.10 %),397500,30142180000,1703700,128761180000,1136789930,23.89
09/03/2022,-1176600,-87216020000,74(-0.80 %),284700,21204170000,1461300,108420190000,1138623999,23.85
10/03/2022,-661900,-49814440000,75.2(1.62 %),670000,50290050000,1331900,100104490000,1139628199,23.83
11/03/2022,-362500,-26737620000,75(-0.27 %),826800,61627820000,1189300,88365440000,1140244699,23.81
14/03/2022,-80800,-5959180000,74.5(-0.67 %),773600,57429610000,854400,63388790000,1140803059,23.8
15/03/2022,-1232600,-91085990000,74.5(0.00 %),1120900,82924240000,2353500,174010230000,1140901489,23.8
16/03/2022,-1006400,-74388950000,74.2(-0.40 %),1182900,87525670000,2189300,161914620000,1140571809,23.81
17/03/2022,-75900,-5461080000,74(-0.27 %),671400,50183010000,747300,55644090000,1142223909,23.77
18/03/2022,-950100,-70559010000,74.6(0.81 %),2421900,181934580000,3372000,252493590000,1141991309,23.77
21/03/2022,530700,40505400000,77.5(3.89 %),642200,49019130000,111500,8513730000,1142096469,23.77
22/03/2022,866600,67464210000,78(0.65 %),1526800,118510930000,660200,51046720000,1143941669,23.73
23/03/2022,739600,57742820000,77.2(-1.03 %),2140200,166516020000,1400600,108773200000,1141895029,23.78
24/03/2022,-407100,-30945560000,75.7(-1.94 %),764900,58222620000,1172000,89168180000,1141763329,23.78
25/03/2022,113000,8552810000,75.9(0.26 %),915100,69444690000,802100,60891880000,1142221719,23.77
28/03/2022,372900,27932100000,74.9(-1.32 %),1058900,79353990000,686000,51421890000,1142534819,23.76
29/03/2022,428400,32352850000,76.5(2.14 %),848200,64195810000,419800,31842960000,1142488719,23.76
30/03/2022,-682700,-51408210000,75.8(-0.92 %),740500,55751270000,1423200,107159480000,1142234169,23.77
31/03/2022,-2066900,-155927880000,75.8(0.00 %),37400,2824220000,2104300,158752100000,1142616569,23.76
01/04/2022,-1430000,-108603100000,76.2(0.53 %),370700,28137850000,1800700,136740950000,1143669069,23.74
04/04/2022,-90100,-6735240000,76.3(0.13 %),585200,44848520000,675300,51583760000,1145170169,23.7
05/04/2022,-889600,-68164390000,76.4(0.13 %),80900,6194590000,970500,74358980000,1146890015,23.66
06/04/2022,-342300,-25901180000,76.3(-0.13 %),1182200,89626670500,1524500,115527850500,1146774415,23.66
07/04/2022,-1165800,-87727690000,75(-1.70 %),415000,31223700000,1580800,118951390000,1147940215,23.64
08/04/2022,-1376900,-103017620000,75.1(0.13 %),406300,30656750000,1783200,133674370000,1147777815,23.64
12/04/2022,-805300,-59385890000,73(-2.80 %),275200,20219720000,1080500,79605610000,1148583115,23.62
13/04/2022,-1297300,-94387060000,73.1(0.14 %),317300,23129190000,1614600,117516250000,1149065435,23.61
14/04/2022,-571900,-41346260000,72.3(-1.09 %),758200,55007980000,1330100,96354240000,1150824015,23.57
15/04/2022,65700,8856328000,71.1(-1.66 %),1378400,96691103600,1312700,87834775600,1151055135,23.57
18/04/2022,-528500,-36536530000,69.8(-1.83 %),308400,21403660000,836900,57940190000,1152067835,23.54
19/04/2022,246700,17065780000,68.9(-1.29 %),965900,67054570000,719200,49988790000,1152446965,23.53
20/04/2022,-926600,-62581040000,66.8(-3.05 %),1437400,97068710000,2364000,159649750000,1151750615,23.55
21/04/2022,-960100,-63631050000,64(-4.19 %),1682000,111102510000,2642100,174733560000,1151133255,23.56
22/04/2022,-672600,-43391120000,64.7(1.09 %),2074200,134926820000,2746800,178317940000,1151526735,23.55
25/04/2022,-418400,-25634210000,63(-2.63 %),1344900,83244530000,1763300,108878740000,1152949935,23.52
26/04/2022,-993600,-60479110000,65(3.17 %),1718200,106854470000,2711800,167333580000,1153978535,23.5
27/04/2022,-454800,-29212390000,65(0.00 %),1300700,83266230000,1755500,112478620000,1154495135,23.49
28/04/2022,-3344400,-212777650000,64.5(-0.77 %),336600,21425070000,3681000,234202720000,1156877535,23.43
29/04/2022,-2900000,-184602600000,65(0.78 %),725800,46413220000,3625800,231015820000,1157920295,23.41
04/05/2022,-196000,-12584230000,64.5(-0.77 %),26300,1694920000,222300,14279150000,1161574995,23.32
05/05/2022,1243500,82012820000,68.8(6.67 %),2178600,144264830000,935100,62252010000,1160331495,23.35
06/05/2022,151800,10428660000,68.7(-0.15 %),1114100,76538670000,962300,66110010000,1162130395,23.31
09/05/2022,1394700,94839600000,68(-1.02 %),1982100,134782800000,587400,39943200000,1161083395,23.34
10/05/2022,528187,36958706800,69.9(2.79 %),1449900,98402917000,921713,61444210200,1160667695,23.34
11/05/2022,134100,9793140000,70.5(0.86 %),890300,62591980000,756200,52798840000,1160533595,23.35
12/05/2022,169500,11373640000,68.9(-2.27 %),788700,53975520000,619200,42601880000,1160364095,23.35
13/05/2022,-568500,-37415590000,68(-1.31 %),1481500,99037220000,2050000,136452810000,1159340640,23.38
16/05/2022,-389200,-25609360000,65.8(-3.24 %),1755000,115479000000,2144200,141088360000,1158254840,23.4
17/05/2022,-175500,-11740950000,66.9(1.67 %),2013400,134696460000,2188900,146437410000,1158297530,23.4
18/05/2022,-220000,-14718000000,66.9(0.00 %),1158000,77470200000,1378000,92188200000,1159254510,23.38
19/05/2022,248900,16676300000,67(0.15 %),785880,52653960000,536980,35977660000,1160704440,23.34
20/05/2022,-473100,-31603080000,66.8(-0.30 %),128600,8590480000,601700,40193560000,1161953840,23.32
23/05/2022,-714000,-47623800000,66.7(-0.15 %),144000,9604800000,858000,57228600000,1162327020,23.31
24/05/2022,335100,22418190000,66.9(0.30 %),457300,30593370000,122200,8175180000,1162492420,23.3
25/05/2022,188500,12799150000,67.9(1.49 %),637500,43286250000,449000,30487100000,1162755000,23.3
26/05/2022,38200,2624340000,68.7(1.18 %),946600,65031420000,908400,62407080000,1161930600,23.32
27/05/2022,792000,55202400000,69.7(1.46 %),1108900,77290330000,316900,22087930000,1161270700,23.33
30/05/2022,317700,22397850000,70.5(1.15 %),586600,41355300000,268900,18957450000,1161613500,23.32
31/05/2022,915200,63697920000,69.6(1.61 %),1572900,109473840000,657700,45775920000,1160403799,23.35
01/06/2022,1229600,86440880000,70.3(1.01 %),2232600,156951780000,1003000,70510900000,1158440099,23.4
02/06/2022,-230400,-16012800000,69.5(-1.14 %),853500,59318250000,1083900,75331050000,1158244299,23.4
03/06/2022,-289400,-20084360000,69.4(-0.14 %),489900,33999060000,779300,54083420000,1158757399,23.39
06/06/2022,550000,38081180000,69.3(-0.14 %),1591500,109807280000,1041500,71726100000,1158249799,23.4
07/06/2022,-696900,-47737650000,68.5(-1.15 %),552700,37859950000,1249600,85597600000,1158476400,23.4
08/06/2022,-291600,-19974600000,68.5(0.00 %),537200,36798200000,828800,56772800000,1158980700,23.38
09/06/2022,-658700,-44989210000,68.3(-0.29 %),974300,66544690000,1633000,111533900000,1159256060,23.38
10/06/2022,-129900,-8872170000,68.3(0.00 %),510400,34860320000,640300,43732490000,1159574460,23.37
13/06/2022,-368800,-24340800000,66(-3.37 %),726100,47922600000,1094900,72263400000,1160428860,23.35
14/06/2022,508000,33528000000,66(0.00 %),1107900,73121400000,599900,39593400000,1159961260,23.36
15/06/2022,222100,14636390000,65.9(-0.15 %),929800,61273820000,707700,46637430000,1160126150,23.36
16/06/2022,588300,38827800000,66(0.15 %),1168600,77127600000,580300,38299800000,1159588950,23.37
17/06/2022,1012700,66838200000,66(0.00 %),1557800,102814800000,545100,35976600000,1158780850,23.39
20/06/2022,60800,3961270000,65(-1.52 %),1005309,63911082600,944509,59949812600,1158782950,23.39
21/06/2022,-4000,-260000000,65(0.00 %),509300,33104500000,513300,33364500000,1158818750,23.39
22/06/2022,-1360200,-88140960000,64.8(-0.31 %),205400,13309920000,1565600,101450880000,1159137250,23.38
23/06/2022,-146300,-9246160000,63.2(-2.47 %),323700,20457840000,470000,29704000000,1159326850,23.38
24/06/2022,-374100,-23643120000,63.2(0.00 %),587500,37130000000,961600,60773120000,1160336950,23.35
27/06/2022,775900,49947690000,63.5(0.47 %),1374600,88137450000,598700,38189760000,1159432535,23.37
28/06/2022,96500,6156700000,63.8(0.47 %),535800,34184040000,439300,28027340000,1159858335,23.36
29/06/2022,-233100,-14763640000,63.3(-0.78 %),1043700,65576480000,1276800,80340120000,1159913425,23.36
30/06/2022,-265900,-16512390000,62.1(-1.90 %),1343400,83425140000,1609300,99937530000,1159409325,23.37
01/07/2022,-482800,-29643920000,61.4(-1.13 %),1012700,62179780000,1495500,91823700000,1159173425,23.38
04/07/2022,96000,5948490000,61(-0.65 %),905000,55656570000,809000,49708080000,1159333625,23.38
05/07/2022,-1266400,-76617200000,60.5(-0.82 %),398600,24115300000,1665000,100732500000,1160913125,23.34
06/07/2022,-1015900,-60039690000,59.1(-2.31 %),807200,47705520000,1823100,107745210000,1161409225,23.33
07/07/2022,221100,13487100000,61(3.21 %),1023000,62403000000,801900,48915900000,1161990325,23.31
08/07/2022,479100,-17944300000,61(0.00 %),1235300,21713450000,756200,39657750000,1161511225,0.0
11/07/2022,-296600,-17944300000,60.5(-0.82 %),358900,21713450000,655500,39657750000,1163389625,23.28
12/07/2022,-1450900,-87344180000,60.2(-0.50 %),629900,37919980000,2080800,125264160000,1163667525,23.28
13/07/2022,-570400,-34281040000,60.1(-0.17 %),67300,4044730000,637700,38325770000,1164255445,23.26
14/07/2022,-175400,-10541540000,60.1(0.00 %),180400,10842040000,355800,21383580000,1166155935,23.22
15/07/2022,-235700,-14142000000,60(-0.17 %),234400,14064000000,470100,28206000000,1166615235,23.21
18/07/2022,-754500,-44515500000,59(-1.67 %),768700,45353300000,1523200,89868800000,1166402335,23.21
19/07/2022,-648500,-38131800000,58.8(-0.34 %),344200,20238960000,992700,58370760000,1166528235,23.21
20/07/2022,748700,44697390000,59.7(1.53 %),927300,55359810000,178600,10662420000,1166924135,23.2
21/07/2022,-640600,-37731340000,58.9(-1.34 %),77000,4535300000,717600,42266640000,1167846335,23.18
22/07/2022,-146300,-12761380000,58.7(-0.34 %),323700,14633910000,470000,27395290000,1167975635,23.18
25/07/2022,-203000,-11956700000,58.9(0.34 %),292800,17245920000,495800,29202620000,1168406935,23.17
26/07/2022,43900,2576930000,58.7(-0.34 %),96900,5688030000,53000,3111100000,1168592735,23.16
27/07/2022,33500,1963100000,58.6(-0.17 %),40500,2373300000,7000,410200000,1169035595,23.15
28/07/2022,-77000,-4527600000,58.8(0.34 %),379600,22320480000,456600,26848080000,1168708995,23.16
29/07/2022,-589700,-35323030000,59.9(1.87 %),258000,15454200000,847700,50777230000,1168457995,23.17
01/08/2022,376000,22560000000,60(0.17 %),708100,42486000000,332100,19926000000,1168245795,23.17
02/08/2022,1332200,83262500000,62.5(4.17 %),2046500,127906250000,714300,44643750000,1167576995,23.19
03/08/2022,459100,28418290000,61.9(-0.96 %),505200,31271880000,46100,2853590000,1167364595,23.19
04/08/2022,2953700,186083100000,63(1.78 %),3028000,190764000000,74300,4680900000,1164520855,23.26
05/08/2022,-116000,-7168800000,61.8(-1.90 %),524300,32401740000,640300,39570540000,1164042655,23.27
08/08/2022,294300,18099450000,61.5(-0.49 %),1389300,85441950000,1095000,67342500000,1162670155,23.3
09/08/2022,-377900,-23014110000,60.9(-0.98 %),217100,13221390000,595000,36235500000,1163104855,23.29
10/08/2022,134500,8244850000,61.3(0.66 %),605800,37135540000,471300,28890690000,1163733735,23.27
11/08/2022,-389400,-23909160000,61.4(0.16 %),846700,51987380000,1236100,75896540000,1163481945,23.28
12/08/2022,-330100,-20202120000,61.2(-0.33 %),646200,39547440000,976300,59749560000,1163172185,23.29
15/08/2022,-305473,-18786589500,61.5(0.49 %),1447900,89045850000,1753373,107832439500,1163610385,23.28
16/08/2022,-70300,-4309390000,61.3(-0.33 %),231900,14215470000,302200,18524860000,1164354815,23.26
17/08/2022,-1156500,-70893450000,61.3(0.00 %),411700,25237210000,1568200,96130660000,1165011558,23.24
18/08/2022,-1672800,-102208080000,61.1(-0.33 %),237900,14535690000,1910700,116743770000,1165131878,23.24
19/08/2022,-759100,-45621910000,60.1(-1.64 %),562100,33782210000,1321200,79404120000,1166137978,23.22
22/08/2022,-599700,-35622180000,59.4(-1.16 %),149800,8898120000,749500,44520300000,1167899049,23.18
23/08/2022,-761000,-45279500000,59.5(0.17 %),56200,3343900000,817200,48623400000,1169072049,23.15
24/08/2022,-114200,-6817740000,59.7(0.34 %),100600,6005820000,214800,12823560000,1169720949,23.14
25/08/2022,219300,13377300000,61(2.18 %),400700,24442700000,181400,11065400000,1170137449,23.13
26/08/2022,162600,9804780000,60.3(-1.15 %),229000,13808700000,66400,4003920000,1170132249,23.13
29/08/2022,316100,18871170000,59.7(-1.00 %),491600,29348520000,175500,10477350000,1169822049,23.13
30/08/2022,626000,37497400000,59.9(0.34 %),899600,53886040000,273600,16388640000,1168988849,23.15
31/08/2022,-117200,-7149200000,61(1.84 %),794500,48464500000,911700,55613700000,1168369849,23.17
05/09/2022,-231200,-14103200000,61(0.00 %),61700,3763700000,292900,17866900000,1168581749,23.16
06/09/2022,88700,5419570000,61.1(0.16 %),133500,8156850000,44800,2737280000,1169336949,23.15
07/09/2022,-1600,-95200000,59.5(-2.62 %),281900,16773050000,283500,16868250000,1169347959,23.15
08/09/2022,-253300,-15096680000,59.6(0.17 %),229200,13660320000,482500,28757000000,1169163569,23.15
09/09/2022,89200,5343080000,59.9(0.50 %),377000,22582300000,287800,17239220000,1169076069,23.15
12/09/2022,-4183,5343080000,61.4(2.50 %),1729500,22582300000,1733683,17239220000,1167829069,23.18
13/09/2022,-158573,-697558400,60.7(-1.14 %),1222824,21761779200,1381397,22459337600,1166894045,23.2
14/09/2022,-869175,-697558400,60(-1.15 %),44025,21761779200,913200,22459337600,1168599703,23.16
15/09/2022,-273049,-52150500000,60.5(0.83 %),917550,2641500000,1190599,54792000000,0,23.15
16/09/2022,564131,33622207600,59.6(-1.49 %),1717731,102376767600,1153600,68754560000,1168259019,23.17
19/09/2022,-123254,-7198033600,58.4(-2.01 %),375070,21904088000,498324,29102121600,1168382273,0.0
20/09/2022,905310,53322759000,58.9(0.86 %),1469100,86529990000,563790,33207231000,1169175048,23.15
21/09/2022,-811557,-47313773100,58.3(-1.02 %),260583,15191988900,1072140,62505762000,1169640489,23.14
22/09/2022,-631410,-36432357000,57.7(-1.03 %),266657,15386108900,898067,51818465900,1169537622,23.14
23/09/2022,-21570,-1233804000,57.2(-0.87 %),106200,6074640000,127770,7308444000,1170275862,23.12
26/09/2022,173816,9716314400,55.9(-2.27 %),305600,17083040000,131784,7366725600,1170868329,23.11
27/09/2022,-329088,-17803660800,54.1(-3.22 %),106600,5767060000,435688,23570720800,1170895499,23.11
28/09/2022,132925,6805760000,51.2(-5.36 %),379534,19432140800,246609,12626380800,1170655749,23.12
29/09/2022,-101678,-5165242400,50.8(-0.78 %),383642,19489013600,485320,24654256000,1170707795,23.11
30/09/2022,-1740705,-88253743500,50.7(-0.20 %),953775,48356392500,2694480,136610136000,1170083429,23.13
03/10/2022,-412989,-20814645600,50.4(-0.59 %),907398,45732859200,1320387,66547504800,1170034751,23.13
04/10/2022,-439151,-22221040600,50.6(0.40 %),1207600,61104560000,1646751,83325600600,1171786131,23.09
05/10/2022,1431270,77002326000,53.8(6.32 %),3060300,164644140000,1629030,87641814000,1170027918,23.13
06/10/2022,-53100,-2846160000,53.6(-0.37 %),297900,15967440000,351000,18813600000,1171181769,23.1
07/10/2022,450404,24231735200,53.8(0.37 %),1290304,69418355200,839900,45186620000,1171566495,23.09
10/10/2022,104245,5618805500,53.9(0.19 %),366245,19740605500,262000,14121800000,1171620750,23.09
11/10/2022,532178,27566820400,51.8(-3.90 %),1048010,54286918000,515832,26720097600,1171412640,23.1
12/10/2022,153900,8079750000,52.5(1.35 %),679600,35679000000,525700,27599250000,1170995040,23.11
13/10/2022,-114384,-6039475200,52.8(0.57 %),718816,37953484800,833200,43992960000,1170808056,23.11
14/10/2022,-543550,-28210245000,51.9(-1.70 %),317113,16458164700,860663,44668409700,1171016643,23.11
17/10/2022,-619128,-30646836000,49.5(-4.62 %),335500,16607250000,954628,47254086000,1171530343,23.1
18/10/2022,-1481651,-74823375500,50.5(2.02 %),357200,18038600000,1838851,92861975500,1172266806,23.08
19/10/2022,-497000,-24592045000,50(-0.99 %),191200,9502310000,688200,34094355000,1172763806,23.07
20/10/2022,-197600,-9728915000,50(0.00 %),969700,48209520000,1167300,57938435000,1173227748,23.06
21/10/2022,-3241300,-152752935000,47.95(-4.10 %),87600,4149580000,3328900,156902515000,1176953577,22.97
24/10/2022,-420500,-18571815000,44.6(-7.08 %),468600,21593525000,889100,40165340000,1174756287,23.02
25/10/2022,-680600,-28769375000,44.6(0.00 %),1065000,44790355000,1745600,73559730000,1175436887,23.01
26/10/2022,-1355500,-58144535000,43.5(-2.47 %),483400,20467980000,1838900,78612515000,1177116514,22.97
27/10/2022,-639800,-27583800000,44(1.15 %),1466100,63952980000,2105900,91536780000,1178043391,22.95
28/10/2022,46041,2067240900,44.9(2.05 %),651751,29263619900,605710,27196379000,1179350640,22.92
31/10/2022,827487,37236915000,45(0.22 %),964987,43424415000,137500,6187500000,1180491821,22.89
01/11/2022,927078,41718510000,45(0.00 %),1518723,68342535000,591645,26624025000,1179354208,22.92
02/11/2022,979126,43962757400,44.9(-0.22 %),1280026,57473167400,300900,13510410000,1178211682,22.94
03/11/2022,1373300,61798500000,45(0.22 %),1592200,71649000000,218900,9850500000,1177234127,22.96
04/11/2022,738890,32880605000,44.5(-1.11 %),1111000,49439500000,372110,16558895000,1176447027,22.98
07/11/2022,236967,10402851300,43.9(-1.35 %),1120031,49169360900,883064,38766509600,1175614896,23.0
08/11/2022,354196,15513784800,43.8(-0.23 %),1965711,86098141800,1611515,70584357000,1174116295,23.04
09/11/2022,3416700,152213985000,44.55(1.71 %),4916100,219012255000,1499400,66798270000,1170554559,23.12
10/11/2022,-363184,-15961936800,43.95(-1.46 %),925751,40686756450,1288935,56648693250,1171287823,23.1
11/11/2022,3044874,134431187100,44.15(0.34 %),3464214,152945048100,419340,18513861000,1168973309,23.15
14/11/2022,1733513,76274572000,44(-0.45 %),1864965,82058460000,131452,5783888000,1168501779,23.16
15/11/2022,895522,38865654800,43.4(-1.36 %),1476720,64089648000,581198,25223993200,1167444399,23.19
16/11/2022,1305042,58596385800,44.9(3.46 %),1992260,89452474000,687218,30856088200,1165723391,23.23
17/11/2022,2392665,114728286750,47.95(6.79 %),3146375,150868681250,753710,36140394500,1163962914,23.27
18/11/2022,734764,35268672000,48(0.00 %),3045174,146168352000,2310410,110899680000,1162150558,23.31
21/11/2022,-568409,-26686802550,46.95(-2.19 %),1016545,47726787750,1584954,74413590300,1161408923,23.33
22/11/2022,323300,14645490000,45.3(-3.62 %),952900,43166370000,629600,28520880000,1162124033,23.31
23/11/2022,13300,590520000,44.4(-1.99 %),516000,22910400000,502700,22319880000,1163030487,23.29
24/11/2022,316314,14234130000,45(1.35 %),652760,29374200000,336446,15140070000,1163054827,23.29
25/11/2022,2394696,112550712000,47(4.44 %),2419200,113702400000,24504,1151688000,1161185827,23.33
28/11/2022,4646654,233262030800,50.2(6.81 %),4796600,240789320000,149946,7527289200,1156539173,0.0
29/11/2022,6343821,336856895100,53.1(5.78 %),6689500,355212450000,345679,18355554900,1150195352,0.0
30/11/2022,4744319,258565385500,54.5(2.64 %),5442319,296606385500,698000,38041000000,1145451033,0.0
01/12/2022,3833795,205108032500,53.5(-1.83 %),4809300,257297550000,975505,52189517500,1139923904,0.0
02/12/2022,5186251,296653557200,57.2(6.92 %),5470687,312923296400,284436,16269739200,1134737653,0.0
05/12/2022,3068533,178895473900,58.3(1.92 %),3466100,202073630000,397567,23178156100,1131669120,0.0
06/12/2022,2387972,131338460000,55(-5.66 %),3093900,170164500000,705928,38826040000,1129281148,0.0
07/12/2022,2143548,118966914000,55.5(0.91 %),2326800,129137400000,183252,10170486000,1127137600,0.0
08/12/2022,1004470,55647638000,55.4(-0.18 %),2067200,114522880000,1062730,58875242000,1126934832,24.12
09/12/2022,731945,39598224500,54.1(-2.35 %),1553500,84044350000,821555,44446125500,1125766084,24.15
12/12/2022,-611100,-30860550000,50.5(-6.65 %),904700,45687350000,1515800,76547900000,1126012285,24.14
13/12/2022,2132069,112999657000,53(4.95 %),2809646,148911238000,677577,35911581000,1123880216,24.19
14/12/2022,1481001,78493053000,53(0.00 %),2127200,112741600000,646199,34248547000,1122399215,24.22
15/12/2022,393900,19970730000,50.7(-4.34 %),1008100,51110670000,614200,31139940000,1122005315,0.0
16/12/2022,-7458,-367679400,49.3(-2.76 %),1533677,75610276100,1541135,75977955500,1122012773,0.0
19/12/2022,101514,4892974800,48.2(-2.23 %),615614,29672594800,514100,24779620000,1121911259,24.23
20/12/2022,961651,46351578200,48.2(0.00 %),1724201,83106488200,762550,36754910000,1120949608,24.26
21/12/2022,372300,18056550000,48.5(0.62 %),837700,40628450000,465400,22571900000,1120577308,24.27
22/12/2022,775600,38004400000,49(1.03 %),1233200,60426800000,457600,22422400000,1119801708,24.28
23/12/2022,667300,33231540000,49.8(1.63 %),912900,45462420000,245600,12230880000,1119134408,24.3
26/12/2022,-236169,-11099943000,47(-5.62 %),977131,45925157000,1213300,57025100000,1119370577,24.29
27/12/2022,-252630,-11999925000,47.5(1.06 %),1351055,64175112500,1603685,76175037500,1119623207,24.29
28/12/2022,549050,26189685000,47.7(0.42 %),1181350,56350395000,632300,30160710000,1119074157,24.3
29/12/2022,467074,22326137200,47.8(0.21 %),1204874,57592977200,737800,35266840000,1119687467,24.29
30/12/2022,525790,25237920000,48(0.42 %),943190,45273120000,417400,20035200000,1119376577,24.29
03/01/2023,506500,25021100000,49.4(2.92 %),993900,49098660000,487400,24077560000,1118382677,0.0
04/01/2023,436500,21388500000,49(-0.81 %),840100,41164900000,403600,19776400000,1118487777,24.31
05/01/2023,908808,45167757600,49.7(1.43 %),1484100,73759770000,575292,28592012400,1117786577,24.33
06/01/2023,552300,27559770000,49.9(0.40 %),1043900,52090610000,491600,24530840000,1117450877,24.34
09/01/2023,418076,20987415200,50.2(0.60 %),863076,43326415200,445000,22339000000,1116867593,24.35
10/01/2023,245274,12202381500,49.75(-0.90 %),967002,48108349500,721728,35905968000,1116507191,24.36
11/01/2023,566849,28795929200,50.8(2.01 %),831549,42242689200,264700,13446760000,1116158642,24.37
12/01/2023,697233,35907499500,51.5(1.38 %),1196450,61617175000,499217,25709675500,1115556720,24.38
13/01/2023,548800,28537600000,52(0.97 %),1135100,59025200000,586300,30487600000,1115000620,24.39
16/01/2023,260190,13347747000,51.3(-1.35 %),969100,49714830000,708910,36367083000,1114352337,24.41
17/01/2023,-253276,-13170352000,52(1.36 %),989900,51474800000,1243176,64645152000,1114079437,24.41
18/01/2023,36518,1917195000,52.5(0.96 %),1559208,81858420000,1522690,79941225000,1114201939,24.41
19/01/2023,499300,26063460000,52.2(-0.57 %),2087700,108977940000,1588400,82914480000,1113723815,24.42
27/01/2023,217375,11586087500,53.3(2.11 %),1579500,84187350000,1362125,72601262500,1113614605,24.43
30/01/2023,-274700,-14147050000,51.5(-3.38 %),702500,36178750000,977200,50325800000,1114133005,24.41
31/01/2023,-711850,-36233165000,50.9(-1.17 %),633482,32244233800,1345332,68477398800,1114571748,24.4
01/02/2023,-2077480,-99719040000,48(-5.70 %),618600,29692800000,2696080,129411840000,1114824648,24.4
02/02/2023,-627258,-30045658200,47.9(-0.21 %),1665254,79765666600,2292512,109811324800,1114605426,24.4
03/02/2023,39436,1896871600,48.1(0.42 %),815300,39215930000,775864,37319058400,1116423806,24.36
06/02/2023,48210,2311669500,47.95(-0.31 %),792710,38010444500,744500,35698775000,1117660908,24.33
07/02/2023,-676030,-31638204000,46.8(-2.50 %),589560,27591408000,1265590,59229612000,1117704412,24.33
08/02/2023,-2595367,-120944102200,46.6(-0.43 %),799410,37252506000,3394777,158196608200,1117339002,24.34
09/02/2023,-1334076,-60433642800,45.3(-2.79 %),560200,25377060000,1894276,85810702800,1118244392,24.32
10/02/2023,43471,1973583400,45.4(0.22 %),712371,32341643400,668900,30368060000,1120926798,24.26
13/02/2023,-538388,-23904427200,44.4(-2.20 %),382115,16965906000,920503,40870333200,1122238959,24.23
14/02/2023,-828223,-35406533250,42.75(-3.72 %),1463544,62566506000,2291767,97973039250,1122045615,24.23
15/02/2023,-939880,-39944900000,42.5(-0.70 %),2446700,103984750000,3386580,143929650000,1120955218,24.26
16/02/2023,-492493,-20930952500,42.5(0.00 %),1098480,46685400000,1590973,67616352500,1121547205,24.24
17/02/2023,-318839,-13805728700,43.3(1.88 %),1814960,78587768000,2133799,92393496700,1123866925,24.19
20/02/2023,-1475499,-66692554800,45.2(4.39 %),809801,36603005200,2285300,103295560000,1124648097,24.17
21/02/2023,-3761,-169997200,45.2(0.00 %),1104990,49945548000,1108751,50115545200,1125292006,24.16
22/02/2023,-1242300,-52921980000,42.6(-5.75 %),847700,36112020000,2090000,89034000000,1126922606,24.12
23/02/2023,-1918348,-80570616000,42(-1.41 %),1169422,49115724000,3087770,129686340000,1126167935,24.14
24/02/2023,-1048739,-42998299000,41(-2.38 %),1164911,47761351000,2213650,90759650000,1127216674,0.0
27/02/2023,-1897916,-77624764400,40.9(-0.24 %),915460,37442314000,2813376,115067078400,1129151834,24.07
28/02/2023,-259548,-10771242000,41.5(1.47 %),845972,35107838000,1105520,45879080000,1130538012,24.04
01/03/2023,-1556400,-64123680000,41.2(-0.72 %),926500,38171800000,2482900,102295480000,1132424888,23.99
02/03/2023,-844850,-34723335000,41.1(-0.24 %),442500,18186750000,1287350,52910085000,1132918408,23.98
03/03/2023,129091,5286276450,40.95(-0.36 %),676400,27698580000,547309,22412303550,1134689908,23.94
06/03/2023,-123492,-5199013200,42.1(2.68 %),478908,20162026800,602400,25361040000,1135313350,23.93
07/03/2023,-191653,-8106921900,42.3(0.48 %),412817,17462159100,604470,25569081000,1135552842,23.92
08/03/2023,37018,1567712300,42.35(0.12 %),2125118,89998747300,2088100,88431035000,1135657124,23.92
09/03/2023,168162,7130068800,42.4(0.00 %),1756100,74458640000,1587938,67328571200,1135400494,23.93
10/03/2023,1113226,47701734100,42.85(1.06 %),2572778,110243537300,1459552,62541803200,1134131594,23.95
13/03/2023,1977510,88493572500,44.75(4.31 %),2059630,92168442500,82120,3674870000,1132154084,0.0
14/03/2023,1548767,69307323250,44.75(-0.11 %),2098830,93922642500,550063,24615319250,1131171346,24.02
15/03/2023,825990,37995540000,46(2.68 %),1053800,48474800000,227810,10479260000,1130102666,24.05
16/03/2023,542400,24136800000,44.5(-3.26 %),1548000,68886000000,1005600,44749200000,1129543729,24.06
17/03/2023,-1495973,-64850429550,43.35(-2.58 %),2860517,124003411950,4356490,188853841500,1126911022,24.12
20/03/2023,-381198,-16219974900,42.55(-1.96 %),610700,25985285000,991898,42205259900,1126847922,24.12
21/03/2023,1220629,-42998299000,45.4(6.57 %),1609100,47761351000,388471,90759650000,1129595312,24.06
22/03/2023,1602500,76059415000,47.65(4.96 %),2453500,116376800000,851000,40317385000,1127992812,24.1
23/03/2023,1199200,57172580000,48(0.63 %),1696700,80867020000,497500,23694440000,1126793612,24.12
24/03/2023,965700,47339525000,49(2.08 %),1616500,79007315000,650800,31667790000,1125827912,24.14
27/03/2023,1029649,49835011600,48.4(-1.22 %),1382249,66900851600,352600,17065840000,1124798263,0.0
28/03/2023,1360400,65299200000,48(-0.83 %),1611000,77328000000,250600,12028800000,1123437863,24.2
29/03/2023,290622,13949856000,48(0.00 %),591775,28405200000,301153,14455344000,1122815029,24.21
30/03/2023,755477,37433885350,49.55(3.23 %),889507,44075071850,134030,6641186500,1122176122,24.23
31/03/2023,1419430,73100645000,51.5(3.83 %),1906858,98203187000,487428,25102542000,1120570417,24.27
03/04/2023,203160,10686216000,52.6(2.14 %),533020,28036852000,329860,17350636000,1120171427,24.27
04/04/2023,-183074,-9336774000,51(-3.04 %),1137076,57990876000,1320150,67327650000,1120264379,24.27
05/04/2023,605590,31611798000,52.2(2.35 %),1516900,79182180000,911310,47570382000,1119557339,24.29
06/04/2023,-260620,-13343744000,51.2(-1.92 %),264135,13523712000,524755,26867456000,1120070754,24.28
07/04/2023,-138300,-7011810000,50.7(-0.98 %),70100,3554070000,208400,10565880000,1120431964,24.27
10/04/2023,-284690,-14177562000,49.8(-1.78 %),226810,11295138000,511500,25472700000,1120529909,24.27
11/04/2023,148020,7623030000,51.5(3.41 %),1279000,65868500000,1130980,58245470000,1119559309,24.29
12/04/2023,411735,21245526000,51.6(0.19 %),1545100,79727160000,1133365,58481634000,1118961209,24.3
13/04/2023,212500,10731250000,50.5(-2.13 %),661300,33395650000,448800,22664400000,1119330889,24.29
14/04/2023,-193850,-9692500000,50(-0.99 %),475100,23755000000,668950,33447500000,1119804154,24.28
17/04/2023,405100,20376530000,50.3(0.60 %),747900,37619370000,342800,17242840000,1119567254,24.29
18/04/2023,461950,23467060000,50.8(0.99 %),704600,35793680000,242650,12326620000,1119381604,24.29
19/04/2023,469741,23674946400,50.4(-0.79 %),698510,35204904000,228769,11529957600,1118963694,24.3
20/04/2023,147700,7461340000,50.7(0.60 %),188000,9483965000,40300,2022625000,1118815994,24.31
21/04/2023,-140581,-7071224300,50.3(-0.79 %),72100,3626630000,212681,10697854300,1119075013,24.3
24/04/2023,102290,5165645000,50.5(0.40 %),398900,20144450000,296610,14978805000,1118716413,24.31
25/04/2023,-473522,-23770804400,50.2(-0.59 %),660383,33151226600,1133905,56922031000,1118384016,24.32
26/04/2023,-913964,-43870272000,48(-4.38 %),6739428,323492544000,7653392,367362816000,1118134440,24.32
27/04/2023,-933700,-44235140000,47.5(-1.04 %),669200,31616275000,1602900,75851415000,1119068140,24.3
28/04/2023,57800,2823800000,49.5(4.21 %),388000,18908255000,330200,16084455000,1119010340,24.3
04/05/2023,-352000,-17184695000,49.5(0.00 %),149500,7268920000,501500,24453615000,1119517949,24.29
05/05/2023,-97800,-4795340000,49(-1.01 %),182500,8926710000,280300,13722050000,1121118936,24.25
08/05/2023,-98600,-4820445000,49.4(0.82 %),81100,4001460000,179700,8821905000,1121539384,24.24
09/05/2023,-212600,-10413365000,49.3(-0.20 %),130100,6388865000,342700,16802230000,1121556649,24.24
10/05/2023,-12800,-632415000,49.35(0.10 %),37700,1855880000,50500,2488295000,1121569449,24.24
11/05/2023,-132300,-6500750000,49.15(-0.51 %),50000,2456240000,182300,8956990000,1121972499,24.23
12/05/2023,308800,15456490000,51.2(4.07 %),360100,17983650000,51300,2527160000,1121662899,24.24
15/05/2023,966100,50209210000,51.7(0.98 %),1033900,53722660000,67800,3513450000,1120696799,24.26
16/05/2023,536000,27798370000,52.2(0.97 %),561400,29114310000,25400,1315940000,1120160799,24.28
17/05/2023,1396000,74549890000,53.4(2.30 %),1878600,100361650000,482600,25811760000,1118764799,24.31
18/05/2023,1759100,96151810000,55(3.00 %),1963600,107296440000,204500,11144630000,1117005699,24.35
19/05/2023,759200,41224280000,54.1(-1.64 %),1038300,56387200000,279100,15162920000,1116246499,24.36
22/05/2023,567900,30675450000,54.1(0.00 %),802400,43346130000,234500,12670680000,1115678599,24.38
23/05/2023,131000,7039410000,53.7(-0.74 %),486900,26086530000,355900,19047120000,1115547599,24.38
24/05/2023,181100,9853170000,54.5(1.49 %),281700,15267360000,100600,5414190000,1115366499,24.39
25/05/2023,-148700,-8174080000,55(0.92 %),203100,11204140000,351800,19378220000,1115515199,24.38
26/05/2023,147500,8356090000,55(0.00 %),799700,44533600000,652200,36177510000,1115367699,24.39
29/05/2023,-67800,-3764440000,55.5(0.91 %),386900,21667500000,454700,25431940000,1115435499,24.38
30/05/2023,333600,18369320000,54.9(-1.08 %),502500,27678930000,168900,9309610000,1115101899,24.39
31/05/2023,-410900,-22111110000,53.5(-2.55 %),163200,8768670000,574100,30879780000,1115512799,24.38
01/06/2023,109700,5911010000,53(-0.93 %),447000,23932990000,337300,18021980000,1116715770,24.35
02/06/2023,-19300,-1011270000,53.4(0.75 %),426000,22748800000,445300,23760070000,1116735070,24.35
05/06/2023,44900,2415600000,53.7(0.56 %),311900,16773670000,267000,14358070000,1116690170,24.35
06/06/2023,177500,9723900000,55(2.42 %),327300,17858980000,149800,8135080000,1116512670,24.36
07/06/2023,697300,38415890000,55.3(0.55 %),943000,51946180000,245700,13530290000,1115815370,24.37
08/06/2023,1201400,66687840000,55.4(0.18 %),1452200,80603590000,250800,13915750000,1114613970,24.4
09/06/2023,356700,19769630000,55.5(0.18 %),434600,24082040000,77900,4312410000,1114257270,24.41
12/06/2023,63000,3466080000,55.4(-0.18 %),597100,32752560000,534100,29286480000,1114194270,24.41
13/06/2023,307600,17261940000,56.7(2.35 %),689800,38463750000,382200,21201810000,1113886670,24.42
14/06/2023,756600,43609980000,57(0.53 %),833900,48029670000,77300,4419690000,1113130070,24.44
15/06/2023,945400,54109470000,56.5(-0.88 %),984400,56324830000,39000,2215360000,1112184670,24.46
16/06/2023,704700,39564080000,56(-0.88 %),1315800,73770540000,611100,34206460000,1108908080,24.53
19/06/2023,264200,14601290000,55(-1.79 %),549200,30310050000,285000,15708760000,1108397967,24.55
20/06/2023,329000,18146180000,55.1(0.18 %),522300,28794550000,193300,10648370000,1108068967,24.55
21/06/2023,-545900,-29874010000,54.6(-0.91 %),673700,36996240000,1219600,66870250000,1108091157,24.55
22/06/2023,411000,22813720000,55.7(2.01 %),951500,52699580000,540500,29885860000,1107680157,24.56
23/06/2023,802700,44413520000,56(0.54 %),1042300,57687940000,239600,13274420000,1106877457,24.58
26/06/2023,30800,1741210000,55.5(-0.89 %),528200,29191380000,497400,27450170000,1117861763,24.33
27/06/2023,442100,24605470000,55.9(0.72 %),563300,31344060000,121200,6738590000,1117419663,24.34
28/06/2023,389100,21644910000,55.4(-0.89 %),563600,31320650000,174500,9675740000,1117030563,24.35
29/06/2023,685100,37734210000,55(-0.72 %),788100,43416340000,103000,5682130000,1116345463,24.36
30/06/2023,508000,27814810000,55(0.00 %),1057500,57844840000,549500,30030030000,1115837463,24.37
03/07/2023,626900,34768440000,55.9(1.64 %),751700,41698270000,124800,6929830000,1122325214,24.23
04/07/2023,465100,26071470000,56.5(1.07 %),964600,54259620000,499500,28188150000,1121860114,24.24
05/07/2023,64900,3752010000,56.1(-0.71 %),783700,43657680000,718800,39905670000,1121795214,24.24
06/07/2023,-582700,-32069140000,54.5(-2.85 %),213800,11726710000,796500,43795850000,1127161930,24.11
07/07/2023,-124900,-6754140000,54(-0.92 %),613800,33320940000,738700,40075080000,1127266993,24.11
10/07/2023,-576200,-31066260000,53.8(-0.37 %),755400,40711910000,1331600,71778170000,1127843193,24.1
11/07/2023,309800,16649500000,53.9(0.19 %),826000,44393940000,516200,27744440000,1127533393,24.11
12/07/2023,591800,32425950000,55.1(2.23 %),890600,48799400000,298800,16373450000,1126941593,24.12
13/07/2023,687800,38447590000,56.3(2.18 %),774200,43289940000,86400,4842350000,1126253793,24.14
14/07/2023,828200,46506390000,56.4(0.18 %),886800,49806950000,58600,3300560000,1134006896,23.96
17/07/2023,2091800,121028890000,59(4.61 %),2239800,129599940000,148000,8571050000,1131915096,24.01
18/07/2023,846900,49834910000,58.8(-0.34 %),1596200,93885500000,749300,44050590000,1131068196,24.02
19/07/2023,862200,50579740000,58.5(-0.51 %),1507600,88457660000,645400,37877920000,1127056443,24.12
20/07/2023,330400,19003400000,57.7(-1.37 %),2057200,118589920000,1726800,99586520000,1126726043,24.12
21/07/2023,152800,9095860000,59(2.25 %),1548500,89663600000,1395700,80567740000,1126573243,24.13
24/07/2023,265800,15706930000,59.1(0.17 %),1069300,62915100000,803500,47208170000,1125037047,24.16
25/07/2023,1294600,76038520000,58.6(-0.85 %),2294400,134753380000,999800,58714860000,1124173252,24.18
26/07/2023,1493800,87633840000,59(0.68 %),1790600,105023620000,296800,17389780000,1122679452,24.22
27/07/2023,368700,21523970000,57.5(-2.54 %),742300,43420440000,373600,21896470000,1122310752,24.23
28/07/2023,986400,57214710000,58.9(2.43 %),1170100,67796490000,183700,10581780000,1121324352,24.25
31/07/2023,251100,15887300000,63(6.96 %),1345100,83391510000,1094000,67504210000,1121073252,24.25
01/08/2023,-1541900,-99965910000,62.8(-0.32 %),1479700,95198300000,3021600,195164210000,1120979438,24.26
02/08/2023,-303900,-18912920000,61.9(-1.43 %),1030300,64255070000,1334200,83167990000,1121283338,24.25
03/08/2023,-222100,-13634310000,60.1(-2.91 %),483800,29797270000,705900,43431580000,1121505438,24.24
04/08/2023,689900,43160850000,63(4.83 %),1486300,92760070000,796400,49599220000,1122189105,24.23
07/08/2023,75300,4879690000,62.9(-0.16 %),788800,49408720000,713500,44529030000,1122113805,24.23
08/08/2023,132400,8076640000,62.8(-0.16 %),1863800,117222960000,1731400,109146320000,1121981405,24.23
09/08/2023,-2063700,-126772000000,60.6(-3.50 %),919600,56477010000,2983300,183249010000,1124045105,24.19
10/08/2023,636500,38909260000,60.6(0.00 %),2617300,159943100000,1980800,121033840000,1123408605,24.2
11/08/2023,-1398300,-84753250000,60.9(0.50 %),879800,53398340000,2278100,138151590000,1124806905,24.17
14/08/2023,-1357600,-83300580000,61.2(0.49 %),1729500,106194890000,3087100,189495470000,1122207665,24.23
15/08/2023,48500,3077450000,61.7(0.82 %),1510300,93547430000,1461800,90469980000,1122673495,24.22
16/08/2023,-673500,-42309200000,62.9(1.94 %),1669000,105103880000,2342500,147413080000,1124055669,24.19
17/08/2023,411200,25292390000,61(-3.02 %),2295000,141375780000,1883800,116083390000,1123644469,24.2
18/08/2023,2487800,146871440000,56.8(-6.89 %),5048300,298263360000,2560500,151391920000,1120480577,24.27
21/08/2023,632000,35564840000,56(-1.41 %),2177300,122251630000,1545300,86686790000,1120205047,24.27
22/08/2023,-278300,-15279070000,55.5(-0.89 %),1388400,76931040000,1666700,92210110000,1121353831,24.25
23/08/2023,185200,8972930000,54.5(-1.80 %),2015900,111016070000,1830700,102043140000,1120829307,24.26
24/08/2023,1144800,62768980000,55.4(1.65 %),1449600,79509180000,304800,16740200000,1119684507,24.29
25/08/2023,-548900,-29990230000,54.1(-2.35 %),611700,33407480000,1160600,63397710000,1122203396,24.23
28/08/2023,-128200,-7008430000,54.7(1.11 %),507100,27656200000,635300,34664630000,1122331596,24.23
29/08/2023,-489300,-26837800000,54.6(-0.18 %),213600,11694610000,702900,38532410000,1122930028,24.21
30/08/2023,178300,9674810000,54.6(0.00 %),681700,37153550000,503400,27478740000,1122751728,24.22
31/08/2023,-622700,-33904150000,54.7(0.18 %),709100,39040500000,1331800,72944650000,1122877400,24.21
05/09/2023,1220900,66874400000,55.3(1.10 %),2597700,142437190000,1376800,75562790000,1120783170,24.26
06/09/2023,-259000,-14523670000,55.9(1.08 %),274400,15326060000,533400,29849730000,1121042170,24.25
07/09/2023,-361600,-20085670000,55.1(-1.43 %),474000,26346020000,835600,46431690000,1122743484,24.22
08/09/2023,38500,2243140000,54(-2.00 %),356800,19606540000,318300,17363400000,1122912034,24.21
11/09/2023,-2338700,-125910350000,52.5(-2.78 %),591000,31985360000,2929700,157895710000,1123120600,24.21
12/09/2023,845200,44418190000,53.5(1.90 %),1195200,62896320000,350000,18478130000,1122264549,24.23
13/09/2023,-2103400,-110635410000,52.1(-2.62 %),1531400,81116310000,3634800,191751720000,1123626969,24.2
14/09/2023,-1794100,-89740205000,49(-5.95 %),542800,27439630000,2336900,117179835000,1123434134,24.2
15/09/2023,4464400,224513070000,50.5(3.06 %),5493100,276243630000,1028700,51730560000,1121539800,24.24
18/09/2023,0,0,48.95(-3.07 %),0,0,0,0,1121539800,24.24
19/09/2023,-564400,-28009930000,49.35(0.82 %),865500,43078200000,1429900,71088130000,1124274155,24.18
20/09/2023,564100,28291720000,50.7(2.74 %),1061300,53215425000,497200,24923705000,1123710055,24.19
21/09/2023,-62300,-3304800000,50.2(-0.99 %),829600,41839440000,891900,45144240000,1123772355,24.19
22/09/2023,-349000,-17223165000,48(-4.38 %),491800,23701265000,840800,40924430000,1124449835,24.18
25/09/2023,1748300,83393430000,47(-2.08 %),1974300,94172580000,226000,10779150000,1123331480,24.2
26/09/2023,6100,335885000,45(-4.26 %),778300,36347600000,772200,36011715000,1123387383,24.2
27/09/2023,-62400,-2926770000,45.1(0.22 %),1285200,56958735000,1347600,59885505000,1123449783,24.2
28/09/2023,-94300,-4174065000,44.5(-1.33 %),786400,35102725000,880700,39276790000,1123544083,24.2
29/09/2023,-202100,-8958525000,45.5(2.25 %),1681600,77958180000,1883700,86916705000,1122098183,24.23
02/10/2023,45400,2084590000,45.75(0.55 %),244000,11193135000,198600,9108545000,1122734976,24.22
03/10/2023,-453300,-20200820000,44.05(-3.72 %),348300,15589375000,801600,35790195000,1124270336,24.18
04/10/2023,-146400,-6662255000,44.6(1.25 %),1019700,45555640000,1166100,52217895000,1124416736,24.18
05/10/2023,-347700,-15526805000,44.55(-0.11 %),386700,17355625000,734400,32882430000,1123874325,24.19
06/10/2023,-169100,-7631025000,46.05(3.37 %),416500,18867650000,585600,26498675000,1124043425,24.19
09/10/2023,-378500,-17719905000,47(2.06 %),283800,13226145000,662300,30946050000,1124421925,24.18
10/10/2023,-1408300,-67007510000,48(2.13 %),346100,16358175000,1754400,83365685000,1125321035,24.16
11/10/2023,-978300,-46102900000,47.4(-1.25 %),522200,24683845000,1500500,70786745000,1125461140,24.15
12/10/2023,-137700,-6564780000,47.55(0.32 %),867800,41347445000,1005500,47912225000,1126347658,24.13
13/10/2023,-27900,-1278395000,46.9(-1.37 %),630000,29592555000,657900,30870950000,1127218243,24.11
16/10/2023,-947000,-43613980000,45.55(-2.88 %),171500,7892390000,1118500,51506370000,1128052224,24.09
17/10/2023,12400,481895000,44.5(-2.31 %),717800,32701825000,705400,32219930000,1127992364,24.1
18/10/2023,-763700,-33828930000,43.3(-2.70 %),436500,19241315000,1200200,53070245000,1128674272,24.08
19/10/2023,-1059400,-45322075000,42.5(-1.85 %),676600,28936935000,1736000,74259010000,1131703190,24.01
20/10/2023,-469000,-20090890000,44.5(4.71 %),404500,17288880000,873500,37379770000,1113298890,24.43
23/10/2023,-2661600,-118782450000,44.5(0.00 %),347000,15469550000,3008600,134252000000,1088587895,25.0
24/10/2023,-1434200,-63667835000,44.6(0.22 %),149100,6646215000,1583300,70314050000,1090022095,24.97
25/10/2023,-698300,-31763675000,44.9(0.67 %),220100,10017350000,918400,41781025000,1089312295,24.98
26/10/2023,-5663800,-236746840000,41.8(-6.90 %),278100,11624580000,5941900,248371420000,1093379783,24.89
27/10/2023,-3552500,-139156655000,39.2(-6.22 %),2289200,91044360000,5841700,230201015000,1092008815,24.92
30/10/2023,-1738500,-67079810000,39.2(0.00 %),1463900,56932560000,3202400,124012370000,1096499785,24.82
31/10/2023,-669300,-25716720000,39(-0.51 %),1541100,60034905000,2210400,85751625000,1100804157,24.72
01/11/2023,-5160000,-195372335000,38.45(-1.41 %),770900,29114200000,5930900,224486535000,1109114662,24.53
02/11/2023,-2672000,-102656970000,39.95(3.90 %),1776200,69299805000,4448200,171956775000,1111786662,24.47
03/11/2023,-166500,-6857165000,40.5(1.38 %),3072800,124140845000,3239300,130998010000,1111953162,24.46
06/11/2023,682800,27865865000,41(1.23 %),2796200,114364155000,2113400,86498290000,1111270362,24.48
07/11/2023,-193300,-7728120000,40(-2.44 %),993300,40294185000,1186600,48022305000,1111463662,24.47
08/11/2023,-3187300,-128280280000,41(2.50 %),736400,29796650000,3923700,158076930000,1136666057,23.9
09/11/2023,-6728600,-286301885000,42.9(4.63 %),1106200,46976995000,7834800,333278880000,1137500417,23.88
10/11/2023,-970700,-41383790000,42.3(-1.40 %),746900,31924700000,1717600,73308490000,1140710247,23.8
13/11/2023,-1588800,-67007360000,41.35(-2.25 %),428200,17854040000,2017000,84861400000,1148076965,23.63
14/11/2023,-1746994,-72121095100,41(-0.85 %),337500,13880075000,2084494,86001170100,1144046041,23.73
15/11/2023,-1366900,-57176165000,41.45(1.10 %),1483500,62292955000,2850400,119469120000,1145412941,23.7
16/11/2023,0,0,41.15(-0.72 %),0,0,0,0,1145412941,23.7
17/11/2023,-4531000,-181004105000,38.95(-5.35 %),1229100,49845825000,5760100,230849930000,1153335726,23.51
20/11/2023,-862100,-33654240000,38.95(0.00 %),429500,16799015000,1291600,50453255000,1155381913,23.47
21/11/2023,-1359200,-53274960000,39.1(0.39 %),460000,18015260000,1819200,71290220000,1160681965,23.34
22/11/2023,-1877100,-73350310000,39(-0.26 %),420300,16477350000,2297400,89827660000,1161553239,23.32
23/11/2023,-3004700,-118648000000,39(0.00 %),347200,13723955000,3351900,132371955000,1164557939,23.26
24/11/2023,-1289800,-49620095000,39.1(0.26 %),741400,28542710000,2031200,78162805000,1165847739,23.23
27/11/2023,-349200,-13840360000,39.8(1.79 %),228600,9051875000,577800,22892235000,1166196939,23.22
28/11/2023,705400,28357440000,40.75(2.39 %),1982900,79727315000,1277500,51369875000,1165491539,23.23
29/11/2023,104300,4256725000,41.2(1.10 %),678300,27768745000,574000,23512020000,1165387239,23.24
30/11/2023,2104600,87141045000,41.3(0.24 %),3585000,147696645000,1480400,60555600000,1163282639,23.28
01/12/2023,-2810500,-114387185000,40.9(-0.97 %),544900,22128750000,3355400,136515935000,1165357058,23.24
04/12/2023,-2520600,-103687765000,41.3(0.98 %),620800,25556170000,3141400,129243935000,1167877658,23.18
05/12/2023,-4222200,-172272100000,40.5(-1.94 %),419700,17108675000,4641900,189380775000,1172099858,23.08
06/12/2023,-6100600,-244282660000,40.45(-0.12 %),752100,30210860000,6852700,274493520000,1178200458,22.94
07/12/2023,-5302400,-210803200000,39.7(-1.85 %),1226700,48784990000,6529100,259588190000,1183502858,22.82
08/12/2023,-6224100,-247711850000,39.65(-0.13 %),854600,34077160000,7078700,281789010000,1189726958,22.68
11/12/2023,-70800,-2888915000,41(3.40 %),430500,17625315000,501300,20514230000,1189797758,22.68
12/12/2023,-275300,-11340945000,41.05(0.12 %),1139200,46751755000,1414500,58092700000,1190073058,22.67
13/12/2023,-1132100,-46783435000,40.75(-0.73 %),587200,24138835000,1719300,70922270000,1191205158,22.64
14/12/2023,158400,6458100000,40.3(-1.10 %),635700,25897425000,477300,19439325000,1191046758,22.65
15/12/2023,-299000,-11907865000,39.9(-0.99 %),1154400,46152565000,1453400,58060430000,1191345758,22.64
18/12/2023,155000,6218940000,39.9(0.00 %),658900,26355930000,503900,20136990000,1191190758,22.64
19/12/2023,-17700,-722270000,39.5(-1.00 %),770100,30423195000,787800,31145465000,1191208458,22.64
20/12/2023,-361900,-14328900000,39.95(1.14 %),332000,13219775000,693900,27548675000,1191570358,22.64
21/12/2023,-10100,-367445000,40.2(0.63 %),654800,26237530000,664900,26604975000,1191580458,22.63
22/12/2023,-178300,-7131575000,40.3(0.25 %),601000,24121950000,779300,31253525000,1191758758,22.63
25/12/2023,210900,8570890000,41.2(2.23 %),684300,27876985000,473400,19306095000,1191547858,22.64
26/12/2023,-1578900,-65967645000,41.9(1.70 %),803900,33626955000,2382800,99594600000,1193126758,22.6
27/12/2023,681400,28647775000,41.9(0.00 %),1062000,44624055000,380600,15976280000,1192445358,22.61
28/12/2023,-319900,-13584420000,43.7(4.30 %),757100,32841910000,1077000,46426330000,1192765258,22.61
29/12/2023,-133700,-5873550000,43.2(-1.14 %),675600,29438900000,809300,35312450000,1192898958,22.6
02/01/2024,-570900,-24766265000,43(-0.46 %),187600,8069415000,758500,32835680000,1196825730,22.51
03/01/2024,-35200,-1504070000,43.4(0.93 %),832800,35863350000,868000,37367420000,1195949502,22.53
04/01/2024,-2127600,-92610255000,43.45(0.12 %),277100,12059845000,2404700,104670100000,1198077102,22.49
05/01/2024,-914300,-39586425000,43.1(-0.81 %),89000,3849730000,1003300,43436155000,1198991402,22.46
08/01/2024,-674100,-29271840000,43.35(0.58 %),259900,11280325000,934000,40552165000,1199665502,22.45
09/01/2024,-393100,-16856290000,43(-0.81 %),139700,5993190000,532800,22849480000,1202556800,22.38
10/01/2024,-997500,-42370575000,42.7(-0.70 %),245400,10452525000,1242900,52823100000,1203245310,22.37
11/01/2024,-661300,-28135985000,42(-1.64 %),69400,2961420000,730700,31097405000,1203708800,22.36
12/01/2024,281500,11664600000,41.3(-1.67 %),647300,26789575000,365800,15124975000,1201248263,22.41
15/01/2024,148700,6193675000,41.6(0.73 %),371400,15476510000,222700,9282835000,1204663810,22.33
16/01/2024,368400,15618900000,42.65(2.52 %),636700,26803850000,268300,11184950000,1204392830,22.34
17/01/2024,-648300,-27499965000,41.9(-1.76 %),400100,16904320000,1048400,44404285000,1204215420,22.34
18/01/2024,2221800,95237135000,43.2(3.10 %),2790800,119393075000,569000,24155940000,1199157663,22.46
19/01/2024,994100,43046465000,43.05(-0.35 %),1645100,71195285000,651000,28148820000,1198163563,22.48
22/01/2024,-713000,-30682055000,43(-0.12 %),571700,24627530000,1284700,55309585000,1198876563,22.47
23/01/2024,-143100,-6180205000,42.35(-1.51 %),660500,28061535000,803600,34241740000,1199019663,22.46
24/01/2024,89300,3795295000,42.5(0.35 %),223900,9527950000,134600,5732655000,1198930363,22.47
25/01/2024,8500,366820000,42.1(-0.94 %),133900,5674155000,125400,5307335000,1198921863,22.47
26/01/2024,-2568500,-108274625000,42(-0.24 %),254600,10749195000,2823100,119023820000,1201490363,22.41
29/01/2024,-192900,-8103365000,41.8(-0.48 %),195300,8221940000,388200,16325305000,1202535680,22.38
30/01/2024,-660600,-27728070000,42(0.48 %),131200,5498715000,791800,33226785000,1205227650,22.32
31/01/2024,-224900,-9196820000,41.5(-1.19 %),573400,24127495000,798300,33324315000,1205042430,22.33
01/02/2024,-1758000,-72432610000,41.2(-0.72 %),403400,16649110000,2161400,89081720000,1205042464,22.33
02/02/2024,-973340,-40332367000,41.2(0.00 %),149300,6186785000,1122640,46519152000,1205430910,22.32
05/02/2024,43440,1795924000,41.25(0.12 %),264900,10937630000,221460,9141706000,1205568833,22.31
06/02/2024,-2178420,-89643842000,41(-0.61 %),29600,1219855000,2208020,90863697000,1209069570,22.23
07/02/2024,24300,1001965000,41.8(1.95 %),183100,7587620000,158800,6585655000,1209107840,22.23
15/02/2024,61058,2561167500,41.95(0.36 %),603775,25342573950,542717,22781406450,1210676100,22.2
16/02/2024,332161,14165359700,42.7(1.79 %),712406,30336242600,380245,16170882900,1210122500,22.21
19/02/2024,4369208,193810153350,45.55(6.67 %),4724157,209576180250,354949,15766026900,1205941120,22.31
20/02/2024,2585353,119451238250,46.15(1.32 %),5154323,238069882750,2568970,118618644500,1202005890,22.4
21/02/2024,591354,26849758550,45(-2.49 %),1884124,85353763550,1292770,58504005000,1200787000,22.42
22/02/2024,260250,11693027250,44.8(-0.44 %),2106879,94958545400,1846629,83265518150,1200787000,22.42
23/02/2024,33600,1557240000,43.3(-3.35 %),1072600,47209930000,1039000,45652690000,1199489969,22.45
26/02/2024,-136251,-5820885750,43.35(0.12 %),2304487,100229013400,2440738,106049899150,1199835780,22.45
27/02/2024,-68759,-2995145600,44.2(1.96 %),2491700,108727795000,2560459,111722940600,1199694979,22.45
28/02/2024,-419862,-18719784700,44.4(0.45 %),947800,41980305000,1367662,60700089700,1200114841,22.44
29/02/2024,-4825556,-211392957400,43.4(-2.25 %),758294,33192445600,5583850,244585403000,1201483140,22.41
01/03/2024,-942409,-41105941950,43.95(1.27 %),879000,38463500000,1821409,79569441950,1200604129,22.43
04/03/2024,-1172960,-51830161000,43.95(0.00 %),1345000,59365535000,2517960,111195696000,1201777089,22.4
05/03/2024,-2860050,-124899075000,43.65(-0.68 %),441320,19238652000,3301370,144137727000,1207973000,22.26
06/03/2024,-2664048,-116994423850,43.5(-0.34 %),209502,9173042200,2873550,126167466050,1207301187,22.27
07/03/2024,-2055865,-88689874500,43.2(0.23 %),492703,21239319000,2548568,109929193500,1209357052,22.23
08/03/2024,-765112,-32871624900,42.55(-1.50 %),799603,34239598850,1564715,67111223750,1210122164,22.21
11/03/2024,1097000,46815100000,42.55(0.00 %),1896000,80948955000,799000,34133855000,1209025164,22.23
12/03/2024,525300,22423175000,42.7(0.35 %),1101100,46955880000,575800,24532705000,1218187650,22.02
13/03/2024,-2833200,-121064795000,42.95(0.59 %),489000,20920160000,3322200,141984955000,1218497830,22.02
14/03/2024,-3821400,-165688510000,42.9(-0.12 %),843100,36547305000,4664500,202235815000,1222319230,21.93
15/03/2024,-3703100,-157564020000,42.4(-1.17 %),737600,31478195000,4440700,189042215000,1226022330,21.84
18/03/2024,-4382500,-184955035000,42.1(-0.71 %),833900,34946800000,5216400,219901835000,1224646140,21.88
19/03/2024,466300,19903550000,42.9(1.90 %),3872900,165219520000,3406600,145315970000,1225178000,21.86
20/03/2024,-1041100,-44277355000,42.5(-0.93 %),321600,13657760000,1362700,57935115000,1230979630,21.73
21/03/2024,-3849800,-165118445000,42.9(0.94 %),171900,7359350000,4021700,172477795000,1234829430,21.64
22/03/2024,-2690100,-115810815000,42.8(-0.23 %),383100,16440605000,3073200,132251420000,1237519530,21.58
25/03/2024,-2400200,-103247590000,42.55(-0.58 %),805200,34507680000,3205400,137755270000,1237450750,21.58
26/03/2024,-601300,-25689745000,42.75(0.47 %),394600,16848490000,995900,42538235000,1236789830,21.6
27/03/2024,-3169600,-135075230000,42.5(-0.58 %),30600,1306030000,3200200,136381260000,1243255300,21.45
28/03/2024,-7444500,-323197025000,43.3(1.88 %),1459500,63710765000,8904000,386907790000,1242773760,21.46
29/03/2024,-3500500,-150852040000,42.85(-1.04 %),391000,16833430000,3891500,167685470000,1245583000,21.39
01/04/2024,-471800,-20295170000,42.9(0.12 %),1492400,63996080000,1964200,84291250000,1252994560,21.22
02/04/2024,-2157200,-92635415000,43.15(0.58 %),147000,6264710000,2304200,98900125000,1247740158,21.35
03/04/2024,-4101600,-177219745000,43.1(-0.12 %),851100,36930535000,4952700,214150280000,1257816320,21.11
04/04/2024,-2570700,-110709590000,43(-0.23 %),477300,20512445000,3048000,131222035000,1254412458,21.19
05/04/2024,-5325600,-228083045000,42.95(-0.12 %),165800,7067895000,5491400,235150940000,1265013000,20.95
08/04/2024,-6585400,-282948850000,43(0.12 %),245000,10524205000,6830400,293473055000,1266323458,20.92
09/04/2024,-3080500,-132740465000,43.2(0.47 %),1042600,44847030000,4123100,177587495000,1269403958,20.85
10/04/2024,-4888900,-216245390000,44.2(2.31 %),3375600,149411425000,8264500,365656815000,1274292858,20.74
11/04/2024,-5588100,-246173475000,44.15(-0.11 %),370500,16347410000,5958600,262520885000,1279473920,20.62
12/04/2024,-5557500,-247348595000,44.5(0.79 %),351600,15631045000,5909100,262979640000,1287386750,20.43
15/04/2024,-6420000,-280214280000,42.4(-4.72 %),245600,10527800000,6665600,290742080000,1291858458,20.33
16/04/2024,-4991000,-207411135000,42.7(0.71 %),528000,21845115000,5519000,229256250000,1296849458,20.22
17/04/2024,-3446300,-145763415000,41.8(-2.11 %),109800,4649230000,3556100,150412645000,1295304758,20.25
19/04/2024,-1088400,-44573135000,41.5(-0.72 %),1824300,74382780000,2912700,118955915000,1296393158,20.23
22/04/2024,-1485400,-60892300000,41.45(-0.12 %),1776400,72938810000,3261800,133831110000,1310634750,19.9
23/04/2024,-4384700,-177370415000,40.2(-3.02 %),130000,5275510000,4514700,182645925000,1313412350,19.84
24/04/2024,-2086400,-84721170000,40.6(1.00 %),284000,11536310000,2370400,96257480000,1304349658,20.05
25/04/2024,-397300,-16123785000,40.7(0.25 %),352000,14296955000,749300,30420740000,1304746958,20.04
26/04/2024,1700,75475000,40.8(0.25 %),1204500,49045955000,1202800,48970480000,1321722240,19.65
02/05/2024,604600,24806080000,41.15(0.86 %),1380500,56547355000,775900,31741275000,1321091070,19.66
03/05/2024,-1391600,-57114865000,41.1(-0.12 %),420600,17249040000,1812200,74363905000,1321873150,19.64
06/05/2024,-1554300,-63764315000,41.15(0.12 %),644100,26468265000,2198400,90232580000,1322005120,19.64
07/05/2024,-1676000,-68733705000,41.05(-0.24 %),535000,21947360000,2211000,90681065000,1323282300,19.61
08/05/2024,-1054600,-42901100000,40.9(-0.37 %),1300300,53025145000,2354900,95926245000,1324180480,19.59
09/05/2024,-3532100,-145699010000,40.95(0.12 %),105800,4349255000,3637900,150048265000,1326175740,19.54
10/05/2024,-4761400,-192939675000,40.35(-1.47 %),67400,2748960000,4828800,195688635000,1349832000,19.0
13/05/2024,-3125000,-125062770000,40.1(-0.62 %),312200,12506705000,3437200,137569475000,1380114300,18.31
14/05/2024,-3652700,-147979325000,40.15(0.12 %),35300,1419380000,3688000,149398705000,1342470002,19.17
15/05/2024,-3548700,-142562170000,40.25(0.25 %),79600,3205550000,3628300,145767720000,1346018702,19.09
16/05/2024,-4787800,-192720730000,40.25(0.00 %),244100,9822995000,5031900,202543725000,1350806502,18.98
17/05/2024,-3639700,-148157740000,40.85(1.49 %),2008100,81639605000,5647800,229797345000,1393329410,18.0
20/05/2024,-5035700,-204990515000,40.45(-0.98 %),290500,11832605000,5326200,216823120000,1398070910,17.89
21/05/2024,-3510500,-141601450000,40.2(-0.62 %),44400,1792205000,3554900,143393655000,1403630340,17.77
22/05/2024,-3131800,-126959915000,40.35(0.37 %),717600,29416035000,3849400,156375950000,1408150910,17.66
23/05/2024,-2020200,-81420545000,40.55(0.50 %),382000,15478395000,2402200,96898940000,1411324290,17.59
24/05/2024,-2537300,-101780030000,39.8(-1.85 %),197500,7906910000,2734800,109686940000,1365893902,18.63
27/05/2024,-950800,-37892960000,39.8(0.00 %),300000,11969330000,1250800,49862290000,1417316350,17.45
28/05/2024,-1049300,-41799045000,39.95(0.38 %),248500,9905540000,1297800,51704585000,1419820160,17.39
29/05/2024,-1126100,-44786195000,39.45(-1.25 %),267400,10612225000,1393500,55398420000,1420753540,17.37
30/05/2024,-688700,-26924105000,39(-1.14 %),156600,6126565000,845300,33050670000,1421894780,17.35
31/05/2024,-1161800,-45427940000,38.85(-0.38 %),730900,28603240000,1892700,74031180000,1422557310,17.33
03/06/2024,-1431400,-56244185000,39.3(1.16 %),341000,13387085000,1772400,69631270000,1422557313,17.33
04/06/2024,-1672300,-66440020000,39.4(0.25 %),646100,25689520000,2318400,92129540000,1424229613,17.29
05/06/2024,-1867200,-73749505000,39.3(-0.25 %),427500,16852955000,2294700,90602460000,1426096813,17.25
06/06/2024,-1069975,-41996677350,39.05(-0.64 %),163438,6394512900,1233413,48391190250,1443141425,16.86
07/06/2024,-1179533,-46084323000,39(-0.13 %),228270,8913109000,1407803,54997432000,1445163855,16.81
10/06/2024,-1648487,-64284882650,38.9(-0.26 %),449573,17558678350,2098060,81843561000,1446812342,16.77
11/06/2024,-5577763,-214073925350,38.15(-1.93 %),292690,11253351950,5870453,225327277300,1443141425,16.86
12/06/2024,-4859584,-184051258900,38.5(0.92 %),407846,15521784100,5267430,199573043000,1448709022,16.73
13/06/2024,0,0,38.25(-0.65 %),0,0,0,0,1454519847,16.6
14/06/2024,-3206840,-122822826400,38.2(-0.13 %),219289,8389867700,3426129,131212694100,1459567988,16.48
17/06/2024,-2671432,-101613306100,38.3(0.26 %),2433488,92939143400,5104920,194552449500,1461469934,16.44
18/06/2024,-1483516,-56816931100,38.3(0.00 %),2109746,80853160700,3593262,137670091800,1462786317,16.41
19/06/2024,-2571288,-97562605800,38(-0.78 %),393312,14922709200,2964600,112485315000,1466605925,16.32
20/06/2024,-2453409,-92537357450,38(0.00 %),512173,19351465750,2965582,111888823200,1469687014,16.25
21/06/2024,-156493,-5382312000,37.75(-0.66 %),6478657,244539213000,6635150,249921525000,1466242957,16.33
24/06/2024,-410967,-15614074150,37.45(-0.79 %),894033,33551080850,1305000,49165155000,1468314506,16.28
25/06/2024,-878227,-33107778050,37.8(0.93 %),954608,36013156350,1832835,69120934400,1474082048,16.15
26/06/2024,-999453,-37631194250,37.5(-0.79 %),903137,34016384750,1902590,71647579000,1474570411,16.14
27/06/2024,-916222,-34400583800,37.6(0.27 %),446477,16752023650,1362699,51152607450,1475967769,16.1
28/06/2024,-925074,-34767569800,37.65(0.13 %),727500,27312200000,1652574,62079769800,1477164859,16.08
04/07/2024,-3213600,-122655640000,38.45(0.92 %),69200,2631635000,3282800,125287275000,1481959283,0.0
05/07/2024,-1720400,-65757495000,38.45(0.00 %),1306100,49861780000,3026500,115619275000,1483679683,0.0
08/07/2024,-2954900,-112283225000,38(-1.17 %),1784800,67810595000,4739700,180093820000,1486634583,0.0
09/07/2024,317400,11901260000,38.3(0.79 %),2684600,102053790000,2367200,90152530000,1486317183,0.0
10/07/2024,-1637000,-62427360000,38.25(-0.13 %),217800,8310865000,1854800,70738225000,1487954183,0.0
11/07/2024,-1420600,-54706430000,38.45(0.52 %),910200,34884645000,2330800,89591075000,1489374783,0.0
12/07/2024,-1137700,-43806440000,38.5(0.13 %),337800,13013715000,1475500,56820155000,1490512483,0.0
15/07/2024,-1038400,-39581775000,38(-1.30 %),60900,2319670000,1099300,41901445000,1491550883,0.0
16/07/2024,-433000,-16372915000,37.9(-0.26 %),266800,10108020000,699800,26480935000,1491983883,0.0
17/07/2024,-1201300,-45006420000,37.3(-1.58 %),107900,4035740000,1309200,49042160000,1493185183,0.0
18/07/2024,-885700,-32875460000,37.45(0.40 %),355600,13116930000,1241300,45992390000,1494070883,0.0
19/07/2024,-779400,-29538595000,37.85(1.07 %),74700,2820240000,854100,32358835000,1494850283,0.0
22/07/2024,-853600,-32242625000,37.9(0.13 %),98200,3688455000,951800,35931080000,1495703883,0.0
23/07/2024,-778100,-29380805000,37.85(-0.13 %),192800,7255050000,970900,36635855000,1496481983,0.0
24/07/2024,-339400,-12834955000,37.85(0.00 %),524500,19713760000,863900,32548715000,1496821383,0.0
25/07/2024,-1584600,-60227690000,37.8(-0.13 %),72700,2757460000,1657300,62985150000,1498405983,0.0
26/07/2024,-947700,-35706965000,37.75(-0.13 %),144100,5429440000,1091800,41136405000,1499353683,0.0
29/07/2024,-595300,-22340505000,37.1(-1.72 %),15500,582405000,610800,22922910000,1499948983,0.0
30/07/2024,-595300,-22340505000,36.7(-1.08 %),15500,582405000,610800,22922910000,1500544283,0.0
31/07/2024,-549600,-20205835000,36.7(0.00 %),70100,2577990000,619700,22783825000,1501093883,0.0
01/08/2024,-353500,-12758770000,36.45(-0.68 %),324800,11909920000,678300,24668690000,1517765800,0.0
02/08/2024,-1115100,-39600050000,36(-1.23 %),90400,3197200000,1205500,42797250000,1518880900,0.0
05/08/2024,-804300,-27887990000,34.5(-4.17 %),58200,2002545000,862500,29890535000,1519685200,0.0
06/08/2024,-653400,-22518265000,34.8(0.87 %),313700,10782835000,967100,33301100000,1520338600,0.0
07/08/2024,-19358700,-720128095000,37.2(6.90 %),3426300,127436440000,22785000,847564535000,1539697300,0.0
08/08/2024,-1558600,-58386585000,37.6(1.08 %),353100,13304405000,1911700,71690990000,1541255900,0.0
09/08/2024,-617200,-23006620000,37.2(-1.06 %),1888400,70137275000,2505600,93143895000,1541873100,0.0
12/08/2024,-115100,-4156895000,36.5(-1.88 %),884800,32390400000,999900,36547295000,1541988200,0.0
13/08/2024,-719200,-26094030000,36.35(-0.41 %),348700,12654065000,1067900,38748095000,1542707400,0.0
14/08/2024,-1253600,-46421750000,37.2(2.34 %),1255800,46551135000,2509400,92972885000,1543961000,0.0
15/08/2024,-2796300,-105609805000,37.85(1.75 %),3620800,137041475000,6417100,242651280000,1546757300,0.0
16/08/2024,-1804500,-68988390000,38.4(1.45 %),3587300,137498670000,5391800,206487060000,1548561800,0.0
19/08/2024,-2003000,-77254345000,38.6(0.52 %),1700200,65573575000,3703200,142827920000,1550564800,0.0
20/08/2024,-4584800,-180398520000,39.4(2.07 %),1234700,48471730000,5819500,228870250000,1555149600,0.0
21/08/2024,-1621600,-63599645000,39.75(0.89 %),3106700,122455550000,4728300,186055195000,1556771200,0.0
22/08/2024,-269500,-10698080000,39.8(0.13 %),2021600,80590705000,2291100,91288785000,1557040700,0.0
23/08/2024,-1416400,-56131905000,39.75(-0.13 %),1100000,43640620000,2516400,99772525000,1558457100,0.0
26/08/2024,-650700,-25855625000,40.5(1.89 %),3593100,145256285000,4243800,171111910000,1559107800,0.0
27/08/2024,-391100,-16086715000,41.4(2.22 %),1685300,70111325000,2076400,86198040000,1559498900,0.0
28/08/2024,-1278300,-52448295000,40.9(-1.21 %),323300,13201725000,1601600,65650020000,1560777200,0.0
29/08/2024,-8000,-127030000,41.5(1.47 %),956000,39524535000,964000,39651565000,1560785200,0.0
30/08/2024,-958800,-39604235000,41.5(0.00 %),1492500,61806245000,2451300,101410480000,1561744000,0.0
04/09/2024,368100,15724730000,42.5(2.41 %),1172200,49384055000,804100,33659325000,1573880909,0.0
05/09/2024,4486500,196792070000,43.75(2.94 %),5988800,262798825000,1502300,66006755000,1569394409,0.0
06/09/2024,648100,28421070000,43.9(0.34 %),1802200,78791315000,1154100,50370245000,1568746309,0.0
09/09/2024,465800,20138550000,43(-2.05 %),1137200,49242355000,671400,29103805000,1568280509,0.0
10/09/2024,1797000,76799785000,42.8(-0.47 %),2173600,93017720000,376600,16217935000,1566483509,0.0
11/09/2024,856500,36237355000,43(0.47 %),1680700,71424385000,824200,35187030000,1565627009,0.0
12/09/2024,898200,38797305000,43.1(0.23 %),1360800,58811160000,462600,20013855000,1564728809,0.0
13/09/2024,689000,29673620000,43(-0.23 %),882100,37966065000,193100,8292445000,1564039809,0.0
16/09/2024,569100,23889390000,41.75(-2.91 %),743900,31320815000,174800,7431425000,1563470709,0.0
17/09/2024,4482100,192816810000,44(5.39 %),5011100,215611335000,529000,22794525000,1558988609,0.0
18/09/2024,740100,32857260000,43.9(-0.23 %),2277000,101088720000,1536900,68231460000,1558248509,0.0
19/09/2024,1035900,45651075000,44.15(0.57 %),1536700,67718595000,500800,22067520000,1557212609,0.0
20/09/2024,-6082300,-266176700000,43.75(-0.91 %),3535000,156265465000,9617300,422442165000,1563294909,0.0
23/09/2024,-59300,-2566195000,43.65(-0.23 %),666500,28973135000,725800,31539330000,1563354209,0.0
24/09/2024,556300,24463580000,44.25(1.37 %),906800,39871370000,350500,15407790000,1562797909,0.0
25/09/2024,-466400,-20482495000,44.15(-0.23 %),654400,28842725000,1120800,49325220000,1563264309,0.0
26/09/2024,2390800,106004595000,44.4(0.57 %),2603800,115450080000,213000,9445485000,1560873509,0.0
27/09/2024,549000,24070375000,43.4(-2.25 %),1270400,55615650000,721400,31545275000,1560324509,0.0
30/09/2024,806500,34508505000,42.8(-1.38 %),1169000,50050965000,362500,15542460000,1559518009,0.0
01/10/2024,3981000,173565670000,43.45(1.52 %),4335600,189072590000,354600,15506920000,1575784241,0.0
02/10/2024,1083200,46711295000,43.4(-0.12 %),1298300,55987615000,215100,9276320000,1574701041,0.0
03/10/2024,2793800,118005420000,41.6(-4.15 %),3819500,161432565000,1025700,43427145000,1571907241,0.0
04/10/2024,460800,18965795000,41.5(-0.24 %),1059500,43976290000,598700,25010495000,1571446441,0.0
07/10/2024,-93500,-3930130000,41.2(-0.72 %),1505300,62148295000,1598800,66078425000,1571539941,0.0
08/10/2024,-374300,-15173295000,41.6(0.97 %),728300,30071510000,1102600,45244805000,1571914241,0.0
09/10/2024,993900,42010280000,42.5(2.16 %),1209700,51113215000,215800,9102935000,1570920341,0.0
10/10/2024,-744500,-31659365000,42.15(-0.82 %),142900,6065490000,887400,37724855000,1571664841,0.0
11/10/2024,3817500,165968735000,43.6(3.44 %),4088600,177643880000,271100,11675145000,1567847341,0.0
14/10/2024,1516200,69499370000,45.35(4.01 %),3109800,142066885000,1593600,72567515000,1566331141,0.0
15/10/2024,657800,29427475000,44.65(-1.54 %),1076000,48245140000,418200,18817665000,1565673341,0.0
16/10/2024,-895800,-40039105000,45(0.78 %),298500,13397005000,1194300,53436110000,1566569141,0.0
17/10/2024,-994500,-44795990000,45.1(0.22 %),150800,6782050000,1145300,51578040000,1567563641,0.0
18/10/2024,-751800,-33910160000,45.25(0.33 %),1240400,56532575000,1992200,90442735000,1568315441,0.0
21/10/2024,2227100,103348115000,47.8(5.64 %),4314800,201849905000,2087700,98501790000,1566088341,0.0
22/10/2024,166900,7825030000,48.25(0.94 %),1771900,84854295000,1605000,77029265000,1565921441,0.0
23/10/2024,-1854700,-87403325000,47(-2.59 %),483100,22817285000,2337800,110220610000,1567776141,0.0
24/10/2024,-1005400,-44522390000,43.85(-6.70 %),1556600,70556500000,2562000,115078890000,1568781541,0.0
25/10/2024,-363900,-16029030000,43.85(0.00 %),1531100,67246795000,1895000,83275825000,1569145441,0.0
28/10/2024,226400,9582920000,42.7(-2.62 %),1724100,74047810000,1497700,64464890000,1568919041,0.0
29/10/2024,-2223400,-95075635000,42.75(0.12 %),454800,19469910000,2678200,114545545000,1571142441,0.0
30/10/2024,-1710600,-73263420000,41.15(-3.74 %),1741100,72973870000,3451700,146237290000,1572853041,0.0
31/10/2024,-4977100,-204916915000,41.5(0.85 %),1174400,48571895000,6151500,253488810000,1577830141,0.0
01/11/2024,-3946100,-164592165000,41.5(0.00 %),427800,17769155000,4373900,182361320000,1580429438,0.0
04/11/2024,-4949500,-203072325000,41.5(0.00 %),1305500,53497515000,6255000,256569840000,1585378938,0.0
05/11/2024,-2005700,-83262255000,41.5(0.00 %),1469100,61028675000,3474800,144290930000,1587384638,0.0
06/11/2024,-3618600,-150035835000,41.55(0.12 %),307500,12750925000,3926100,162786760000,1591003238,0.0
07/11/2024,-2499400,-103724465000,41.4(-0.36 %),2342100,97226665000,4841500,200951130000,1593502638,0.0
08/11/2024,-3929900,-159987435000,40(-3.38 %),167600,6827365000,4097500,166814800000,1597432538,0.0
11/11/2024,-848500,-34055140000,40.6(1.50 %),379400,15120535000,1227900,49175675000,1598281038,0.0
12/11/2024,-1540300,-62945385000,40.3(-0.74 %),587000,23922510000,2127300,86867895000,1669090840,11.67
13/11/2024,-648200,-26246605000,40.3(0.00 %),175000,7073925000,823200,33320530000,1600469538,0.0
14/11/2024,-1183700,-48205680000,40.35(0.12 %),1000400,40830560000,2184100,89036240000,1601653238,0.0
15/11/2024,-1567000,-63358710000,40.25(-0.25 %),597000,24124990000,2164000,87483700000,1603220238,0.0
18/11/2024,-6051200,-242561070000,40.8(1.37 %),415200,16595605000,6466400,259156675000,1609271438,0.0
19/11/2024,-8194300,-342034990000,42.2(3.43 %),1126400,47068170000,9320700,389103160000,1617465738,0.0
20/11/2024,-7918700,-337936505000,43.3(2.61 %),611200,26338070000,8529900,364274575000,1625384438,0.0
21/11/2024,-4897000,-212265235000,43.3(0.00 %),814400,35339545000,5711400,247604780000,1630281438,0.0
22/11/2024,-19400,-912745000,41.6(-3.93 %),649500,27316385000,668900,28229130000,1630300838,0.0
25/11/2024,1079900,45894505000,42.7(2.64 %),1306000,55462420000,226100,9567915000,1666854240,11.72
26/11/2024,437300,18686545000,42.4(-0.70 %),589700,25245675000,152400,6559130000,1666876032,11.72
27/11/2024,-134900,-5705585000,41.9(-1.18 %),48400,2046685000,183300,7752270000,1667001946,11.72
28/11/2024,-615600,-25697020000,41.1(-1.91 %),124600,5178345000,740200,30875365000,1667003775,11.72
29/11/2024,-1300300,-53193475000,40.8(-0.73 %),192300,7874230000,1492600,61067705000,1666994775,11.72
02/12/2024,-266200,-10868020000,40.75(-0.12 %),127200,5189485000,393400,16057505000,1667607725,11.7
03/12/2024,206800,8568110000,40.9(0.37 %),603400,24712840000,396600,16144730000,1668497054,11.68
04/12/2024,-600700,-24262105000,40.1(-1.96 %),83100,3373595000,683800,27635700000,1668879344,11.67
05/12/2024,18500,682645000,41.4(3.24 %),280500,11468905000,262000,10786260000,1669031511,11.67
09/12/2024,-134300,-5586280000,41.45(-0.12 %),54700,2280845000,189000,7867125000,1669269532,11.66
10/12/2024,-127000,-5262930000,40.95(-1.21 %),64500,2664780000,191500,7927710000,1669374232,11.66
16/12/2024,-324900,-13266430000,40.95(0.74 %),198700,8124260000,523600,21390690000,1669533282,11.66
17/12/2024,805400,33276675000,41.3(0.85 %),1314600,54218705000,509200,20942030000,1545314599,12.38
18/12/2024,-109200,-4466390000,40.9(-0.97 %),280400,11582960000,389600,16049350000,1545557756,12.37
19/12/2024,-1053500,-42686855000,40.2(-1.71 %),8300,336120000,1061800,43022975000,1546059066,12.36
20/12/2024,-1252300,-50505200000,40.35(0.37 %),668000,26957010000,1920300,77462210000,1545780602,12.37
24/12/2024,0,0,40.35(-0.62 %),0,0,0,0,1547796078,12.32
25/12/2024,-7400,-272525000,40.6(0.62 %),467000,18981425000,474400,19253950000,1547350013,12.33
26/12/2024,492300,20226385000,40.65(0.12 %),899800,36873700000,407500,16647315000,1547616902,12.32
27/12/2024,-327500,-13237460000,40.35(-0.74 %),76100,3097070000,403600,16334530000,1547963202,12.31
30/12/2024,-13100,-539870000,40.3(-0.12 %),159600,6446055000,172700,6985925000,1548185102,12.31
31/12/2024,-1133000,-45418595000,40(-0.74 %),46700,1880905000,1179700,47299500000,1548542065,12.3
02/01/2025,153400,6147655000,40(0.00 %),429100,17185725000,275700,11038070000,1548285699,12.31
03/01/2025,-86500,-3442485000,40(0.00 %),259200,10365015000,345700,13807500000,1549206254,12.28
06/01/2025,-302200,-12075275000,40(0.00 %),167700,6693680000,469900,18768955000,1549335854,12.28
07/01/2025,329900,13179715000,40(0.00 %),467800,18686935000,137900,5507220000,1549335854,12.28
08/01/2025,710000,28381625000,40(0.00 %),790400,31586265000,80400,3204640000,1548841442,12.29
09/01/2025,165500,6804715000,40.4(1.00 %),693400,28181110000,527900,21376395000,1548285965,12.31
10/01/2025,-401200,-16074625000,40(-0.99 %),216500,8758780000,617700,24833405000,1548190643,12.31
13/01/2025,45100,1662990000,40(0.00 %),310500,12176410000,265400,10513420000,1548408043,12.3
14/01/2025,-639700,-25342755000,40(0.00 %),175900,6957105000,815600,32299860000,1548797843,12.29
15/01/2025,-572600,-22895430000,40(0.00 %),68600,2744835000,641200,25640265000,1548968643,12.29
16/01/2025,1090800,44120140000,40(0.00 %),2361800,95156095000,1271000,51035955000,1547877843,0.0
17/01/2025,-491300,-19518520000,40.1(0.25 %),1590600,63634475000,2081900,83152995000,1546473079,12.35
20/01/2025,-260000,-10358775000,40(-0.25 %),781900,31302015000,1041900,41660790000,1546962185,12.34
21/01/2025,-737800,-29430340000,40(0.00 %),1533000,61203955000,2270800,90634295000,1547510920,12.32
22/01/2025,-726400,-28871625000,39.5(-1.25 %),169100,6729415000,895500,35601040000,1548383717,12.3
23/01/2025,-253200,-9944380000,39.5(0.00 %),446800,17703160000,700000,27647540000,1550207892,12.26
24/01/2025,83100,3283935000,39.5(0.00 %),505600,20003975000,422500,16720040000,1550597852,12.25
03/02/2025,-1516300,-59294720000,0(0.00 %),40500,1580840000,1556800,60875560000,1551257414,12.23
04/02/2025,-1200100,-46472665000,38.75(-0.64 %),27500,1064245000,1227600,47536910000,1551652492,12.22
05/02/2025,-645800,-25177745000,38.85(0.26 %),132800,5214875000,778600,30392620000,1553076630,12.19
06/02/2025,-360700,-13992160000,38.8(-0.13 %),61400,2390375000,422100,16382535000,1554162914,12.16
07/02/2025,-660400,-25621705000,38.75(-0.13 %),126600,4926475000,787000,30548180000,1554814964,12.15
10/02/2025,-1080100,-41221980000,37.8(-2.45 %),29200,1125030000,1109300,42347010000,1555207896,12.14
11/02/2025,-1484700,-56014605000,37.75(-0.13 %),135700,5121345000,1620400,61135950000,1555827169,12.12
12/02/2025,-1216100,-46210175000,38(0.66 %),99100,3766815000,1315200,49976990000,1556805369,12.1
13/02/2025,644500,24790540000,38.75(1.97 %),1143800,43961780000,499300,19171240000,1557264232,12.09
14/02/2025,222200,8673545000,38.8(0.13 %),1052700,40983555000,830500,32310010000,1557526755,12.08
17/02/2025,965800,37692980000,38.8(0.00 %),2004600,78237340000,1038800,40544360000,1555989596,12.12
18/02/2025,-125700,-4865390000,38.9(0.26 %),694700,27104310000,820400,31969700000,1556143396,12.11
19/02/2025,-90400,-3504745000,39.1(0.51 %),287700,11224230000,378100,14728975000,1556878627,12.1
20/02/2025,1177700,47193375000,40.55(3.71 %),1415500,56796780000,237800,9603405000,1556283596,12.11
21/02/2025,-85700,-3456415000,40.3(-0.62 %),112900,4566450000,198600,8022865000,1556548732,12.1
24/02/2025,23100,926245000,40.25(-0.12 %),152300,6114035000,129200,5187790000,1556634232,12.1
25/02/2025,-294200,-12036130000,40.75(1.24 %),445600,18190185000,739800,30226315000,1556378358,12.11
26/02/2025,-1269600,-51581290000,40.7(-0.12 %),318300,12942730000,1587900,64524020000,1556189353,12.11
27/02/2025,-494700,-20193070000,41.05(0.86 %),484100,19771470000,978800,39964540000,1556429153,12.11
28/02/2025,-2413200,-99359700000,41.2(0.37 %),280800,11559850000,2694000,110919550000,1557736167,12.07
03/03/2025,3064000,129463585000,42.55(3.28 %),3115200,131624860000,51200,2161275000,1555599752,12.13
04/03/2025,1196700,51607490000,42.05(-1.18 %),3428500,146709795000,2231800,95102305000,1554865266,12.14
05/03/2025,1714900,73362670000,42.7(1.55 %),2497200,106857225000,782300,33494555000,1552419272,12.2
06/03/2025,1164500,50519105000,43.6(2.11 %),1581400,68555270000,416900,18036165000,1553067972,12.19
07/03/2025,961200,42842415000,44.95(3.10 %),2631600,117252570000,1670400,74410155000,1551216659,12.23
10/03/2025,-655200,-29606110000,45.3(0.78 %),1271800,57574265000,1927000,87180375000,1550361746,12.25
11/03/2025,2172600,98040560000,45.5(0.44 %),2628100,118602055000,455500,20561495000,1550361746,12.25
12/03/2025,3240000,151234095000,46.95(3.19 %),4058800,189587000000,818800,38352905000,1547269218,12.33
13/03/2025,1640213,79278735550,47.8(1.81 %),3284201,158549219550,1643988,79270484000,1544440637,12.4
14/03/2025,2932700,142475230000,47.9(0.21 %),4068000,197594165000,1135300,55118935000,1541191118,12.48
17/03/2025,1364000,64910245000,47.8(-0.21 %),1974400,94013795000,610400,29103550000,1540858795,12.49
18/03/2025,-347200,-16858145000,47.3(-1.05 %),965000,45806090000,1312200,62664235000,1541029610,12.48
19/03/2025,2639400,123925295000,47.35(0.11 %),3276700,154058550000,637300,30133255000,1538362391,12.55
20/03/2025,-2981600,-140470585000,47.35(0.00 %),3151300,149615740000,6132900,290086325000,1536514157,12.59
21/03/2025,-1362400,-66065650000,48.25(1.90 %),3729000,179376095000,5091400,245441745000,1533405320,12.67
24/03/2025,634100,32601650000,51.3(6.32 %),2789000,140491470000,2154900,107889820000,1536747136,12.59
25/03/2025,-1126900,-58656550000,51.5(0.39 %),2422200,125714750000,3549100,184371300000,1539390399,12.52
26/03/2025,-1009000,-51605300000,51.5(0.00 %),693000,35283740000,1702000,86889040000,1540852344,12.49
27/03/2025,-188100,-9646280000,51.2(-0.58 %),923100,47198860000,1111200,56845140000,1543448127,12.42
28/03/2025,972000,49869830000,51.2(0.00 %),2058700,105604900000,1086700,55735070000,1543075512,12.43
31/03/2025,522700,26830210000,51.3(0.20 %),2148700,110145210000,1626000,83315000000,1542038755,12.46
01/04/2025,2255600,119078530000,53(3.31 %),4487200,236377280000,2231600,117298750000,1538637949,12.54
02/04/2025,673400,35584740000,53(0.00 %),3051700,162087750000,2378300,126503010000,1537180344,12.58
03/04/2025,-419200,-21109575000,49.3(-6.98 %),987300,49411305000,1406500,70520880000,1538424814,12.55
04/04/2025,-1847300,-89080415000,50.3(2.03 %),5017500,243568500000,6864800,332648915000,1535754990,12.61
08/04/2025,-7752100,-369990870000,47(-6.56 %),1915800,91002590000,9667900,460993460000,1535193722,12.62
09/04/2025,-2565400,-123645230000,48.5(3.19 %),1952300,93152995000,4517700,216798225000,1540060724,12.51
10/04/2025,11800,611240000,51.8(6.80 %),35500,1838900000,23700,1227660000,1549616056,12.27
11/04/2025,-182700,-10037510000,53.5(3.28 %),2631900,139289770000,2814600,149327280000,1551501975,12.23
14/04/2025,2636600,150926630000,57.2(6.92 %),6352700,359762450000,3716100,208835820000,1545241160,12.38
15/04/2025,-1555000,-89261850000,57.5(0.52 %),4416400,261681890000,5971400,350943740000,1543639437,12.42
16/04/2025,3659600,208026680000,56.5(-1.74 %),4611100,262015860000,951500,53989180000,1542744574,12.44
17/04/2025,529100,29277380000,56.8(0.53 %),1467800,81862280000,938700,52584900000,1546648145,12.34
18/04/2025,-1253200,-68967350000,55(-3.17 %),761000,41353520000,2014200,110320870000,1546838688,12.34
21/04/2025,-709300,-39027380000,55(0.00 %),540200,29432140000,1249500,68459520000,1547237210,12.33
22/04/2025,468700,29793140000,57.5(4.55 %),2928400,163471260000,2459700,133678120000,1546322895,12.35
23/04/2025,726100,42327920000,58.5(1.74 %),2926400,169880930000,2200300,127553010000,1544654995,12.39
24/04/2025,1834500,111559980000,61.2(4.62 %),2636100,159666780000,801600,48106800000,1544478720,12.4
25/04/2025,-555900,-33869930000,62.3(1.80 %),3282100,202405330000,3838000,236275260000,1543396940,12.42
28/04/2025,-1932000,-118840820000,58.5(-6.10 %),802200,48704690000,2734200,167545510000,1543396427,12.42
29/04/2025,-575500,-33314700000,58.4(-0.17 %),1247700,72652530000,1823200,105967230000,1545986681,12.36
05/05/2025,2502834,10109242000,60.9(4.28 %),2502834,150997255000,0,140888013000,1548562300,12.3
06/05/2025,240300,14616020000,60.9(0.00 %),1503900,91557300000,1263600,76941280000,1550145393,12.26
07/05/2025,928200,57271640000,62(1.81 %),2033300,125313800000,1105100,68042160000,1549217779,12.28
08/05/2025,-4544000,-282197530000,62.2(0.32 %),863900,53778780000,5407900,335976310000,1549217779,12.28
09/05/2025,-2152700,-133668610000,62.2(0.00 %),50900,3173370000,2203600,136841980000,1549217779,12.28
12/05/2025,-1223500,-75850340000,62.3(0.16 %),713600,44580190000,1937100,120430530000,1553761938,12.17
13/05/2025,-425800,-26483910000,62(-0.48 %),1661100,102256960000,2086900,128740870000,1555915730,12.12
14/05/2025,-2551600,-155548590000,60.4(-2.58 %),797600,48737570000,3349200,204286160000,1557139263,12.09
15/05/2025,2552525,-633214235000,58(-3.97 %),2552525,147922425000,0,781136660000,1557565166,12.08
16/05/2025,1327005,-188876558400,58(0.00 %),1327005,77330473500,0,266207031900,1560116943,12.02
19/05/2025,821810,-937948888800,58.8(1.38 %),821810,48985564100,0,986934452900,1571048718,11.75
20/05/2025,5487700,-571020970900,62.9(6.97 %),5487700,341864630000,0,912885600900,1574289912,11.67
21/05/2025,6605832,152250109300,67.3(7.00 %),6605832,440504470300,0,288254361000,1588875975,11.32
22/05/2025,3467900,111785876400,68.1(1.19 %),3467900,241262320000,0,129476443600,1596381146,11.13
23/05/2025,995300,68622720000,68.8(1.03 %),3003900,206312440000,2008600,137689720000,1595385963,11.16
26/05/2025,4888415,150642791500,73.5(6.83 %),4888415,343824751500,0,193181960000,1593257048,11.21
27/05/2025,-4300,782420000,74.3(1.09 %),2227800,162989300000,2232100,162206880000,1593257048,11.21
28/05/2025,2676800,123294617400,75.7(1.88 %),2676800,201583820000,0,78289202600,1591625648,11.25
29/05/2025,2228350,-75124820000,76.9(1.59 %),2228350,169440870000,0,244565690000,1591629998,11.25
30/05/2025,2271238,44933602300,77.6(0.91 %),2271238,176136673800,0,131203071500,1591051039,11.26
02/06/2025,270982,-17130822400,77(-0.77 %),270982,20586273200,0,37717095600,1592068999,11.24
03/06/2025,871811,32015237500,77.6(0.78 %),871811,67373447900,0,35358210400,1591653989,11.25
04/06/2025,962110,-133548427200,77.1(-0.64 %),962110,74068977000,0,207617404200,1591873888,11.24
05/06/2025,569514,-71709044800,76.8(-0.39 %),569514,43450299000,0,115159343800,1591875588,11.24
06/06/2025,750606,-1579506497800,76(-1.04 %),750606,56796871200,0,1636303369000,1593619886,11.2
09/06/2025,2282700,46226008000,70.7(-6.97 %),2282700,166701050000,0,120475042000,1593899443,11.19
10/06/2025,4128900,8895248600,72.6(2.69 %),4128900,292998560000,0,284103311400,1614290507,10.7
11/06/2025,92600,6813610000,72.1(-0.69 %),678700,48720850000,586100,41907240000,1614197907,10.7
12/06/2025,-583300,-41201630000,70(-2.91 %),1210300,84672320000,1793600,125873950000,1614197907,10.7
13/06/2025,784600,53180730000,68.4(-2.29 %),1959200,132307240000,1174600,79126510000,1613413308,10.72
16/06/2025,-992600,-66590780000,67.4(-1.46 %),1245000,83238950000,2237600,149829730000,1613997912,10.71
17/06/2025,-739000,-51394760000,69.6(3.26 %),523100,36628870000,1262100,88023630000,1614006412,10.71
18/06/2025,-380800,-26443600000,71.4(2.59 %),735000,51669750000,1115800,78113350000,1614598962,10.69
19/06/2025,-1676400,-120753790000,71.7(0.42 %),300600,21737430000,1977000,142491220000,1615338053,10.67
20/06/2025,-4049200,-284847820000,70.2(-2.09 %),3133400,220681820000,7182600,505529640000,1615719060,10.66
23/06/2025,721400,52004910000,74(5.41 %),1118700,81074350000,397300,29069440000,1616674030,10.64
24/06/2025,949800,73080200000,77.3(4.46 %),2892000,220862030000,1942200,147781830000,1619773640,10.56
25/06/2025,1478600,114726890000,77.9(0.78 %),2305700,178811830000,827100,64084940000,1618285664,10.6
26/06/2025,-671500,-51397720000,76(-2.44 %),1630600,124749670000,2302100,176147390000,1618285664,10.6
27/06/2025,787900,60135360000,77(1.32 %),1360000,103671600000,572100,43536240000,1617347794,10.62
30/06/2025,-751,-1179526,76.7(-0.39 %),2255,6740310,3006,7919836,1618019324,10.61
01/07/2025,15300,1196160000,76.3(-0.52 %),1245700,94803710000,1230400,93607550000,1618004074,10.61
02/07/2025,-1363100,-102249360000,76(-0.39 %),668000,50435680000,2031100,152685040000,1618768168,10.59
03/07/2025,571800,43688890000,76.3(0.39 %),1016200,77454270000,444400,33765380000,1618196308,10.6
04/07/2025,-631100,-47636970000,76(-0.39 %),733100,55600700000,1364200,103237670000,1619559424,10.57
07/07/2025,401000,30792710000,76.9(1.18 %),1165400,88920720000,764400,58128010000,1619158509,10.58
08/07/2025,483100,37946320000,79.2(2.99 %),992800,77880570000,509700,39934250000,1619306805,10.58
09/07/2025,76200,6092920000,81.8(3.28 %),263200,21210720000,187000,15117800000,1619299705,10.58
10/07/2025,-148400,-12337010000,86(5.13 %),2251100,190858370000,2399500,203195380000,1619299705,10.58
11/07/2025,1170300,103480170000,87.9(2.21 %),2091000,184586390000,920700,81106220000,1617884415,10.61
14/07/2025,-341800,-30419730000,88.8(1.02 %),999300,88536640000,1341100,118956370000,1618072846,10.61
15/07/2025,-647400,-56784810000,87.4(-1.58 %),731300,64100040000,1378700,120884850000,1618072846,10.61
16/07/2025,-6400,-462190000,88(0.69 %),1194200,105567750000,1200600,106029940000,1618439576,10.6
17/07/2025,700,-1292300000,94.1(6.93 %),1659800,152907400000,1659100,154199700000,1618439576,10.6
18/07/2025,-815500,-78617760000,96(2.02 %),606400,58051210000,1421900,136668970000,1619046846,10.58
21/07/2025,-187600,-18561630000,92(-4.17 %),1629500,152302340000,1817100,170863970000,1619082830,10.58
22/07/2025,-135300,-13543950000,95.5(3.80 %),983600,91738490000,1118900,105282440000,1619798322,10.56
23/07/2025,-1160300,-108421160000,92.2(-3.46 %),525700,48812150000,1686000,157233310000,1619984125,10.56
24/07/2025,-2290500,-206434400000,92(-0.22 %),1340100,121181530000,3630600,327615930000,1620059520,10.56
25/07/2025,397100,37078700000,93.7(1.85 %),911400,84761170000,514300,47682470000,1620737855,10.54
28/07/2025,-884800,-81098450000,95.6(2.03 %),2235000,211002740000,3119800,292101190000,1622982114,10.49
29/07/2025,440100,41347850000,92.1(-3.66 %),1179400,110051510000,739300,68703660000,1622539294,10.5
30/07/2025,213200,19405560000,91.5(-0.65 %),1336800,122283570000,1123600,102878010000,1623210949,10.48
31/07/2025,-181500,-15206550000,90(-1.64 %),1451900,130468280000,1633400,145674830000,1623210949,10.48
01/08/2025,-1731700,-153856210000,89.9(-0.11 %),1539500,137907480000,3271200,291763690000,1623210949,10.48
04/08/2025,-1392600,-128575710000,92.2(2.56 %),510500,47028220000,1903100,175603930000,1623392813,10.48
05/08/2025,-1361300,-129782690000,96(4.12 %),2326300,223082610000,3687600,352865300000,1625124583,10.43
06/08/2025,566900,55714840000,97.5(1.56 %),1877200,180996070000,1310300,125281230000,1625503403,10.43
07/08/2025,-1083200,-102340890000,95(-2.56 %),972500,93442400000,2055700,195783290000,1627083103,10.39
08/08/2025,-322100,-29899470000,94.8(-0.21 %),848700,80120760000,1170800,110020230000,1627083103,10.39
11/08/2025,-650500,-60983280000,93.5(-1.37 %),827200,77630130000,1477700,138613410000,1628161983,10.36
12/08/2025,-1674500,-155472000000,93(-0.53 %),379200,35005900000,2053700,190477900000,1628477563,10.35
13/08/2025,-830700,-76502290000,93(0.00 %),543200,50160240000,1373900,126662530000,1629128280,10.34
14/08/2025,-737000,-68851550000,0(0.00 %),940200,87983730000,1677200,156835280000,1630800318,10.3
15/08/2025,-1699900,-159337590000,94(0.11 %),916200,87640830000,2616100,246978420000,1631631102,10.28
18/08/2025,-960800,-89353300000,93.9(-0.11 %),580800,53772720000,1541600,143126020000,1632368019,10.26
19/08/2025,-888500,-82579410000,93.9(0.00 %),483500,45252090000,1372000,127831500000,1634067896,10.22
20/08/2025,279900,28857980000,99(5.43 %),1847300,177798360000,1567400,148940380000,1634716950,10.2
21/08/2025,610100,60951070000,99.8(0.81 %),1293900,128777860000,683800,67826790000,1634989316,10.19
22/08/2025,116400,11910610000,98.1(-1.70 %),1165100,114008260000,1048700,102097650000,1634989316,10.19
25/08/2025,-2329500,-230017200000,98.4(0.31 %),680100,67186420000,3009600,297203620000,1634872934,10.2
26/08/2025,-952800,-100081460000,0(-100.00 %),767300,78895630000,1720100,178977090000,1634872934,10.2
