Ngay,KLGDRong,GTDGRong,ThayDoi,KLMua,GtMua,KLBan,GtBan,RoomConLai,DangSoHuu
30/06/2009,4100,246000000.0,0(0.00 %),4100,246000000,0,0.0,82612532,0.0
01/07/2009,170680,10595515000.0,0(0.00 %),3590680,226055515000,3420000,215460000000.0,82441852,26.58
02/07/2009,-49670,-2906525000.0,0(0.00 %),55180,3280495000,104850,6187020000.0,82491522,26.53
03/07/2009,-215390,-12113850000.0,0(0.00 %),75290,4261395000,290680,16375245000.0,82706912,26.34
06/07/2009,-294930,-16748720000.0,0(0.00 %),75070,4348780000,370000,21097500000.0,83001842,26.08
07/07/2009,-335000,-19189085000.0,0(0.00 %),18500,1062500000,353500,20251585000.0,83336842,25.78
08/07/2009,-160900,-8910940000.0,0(0.00 %),665100,39126380000,826000,48037320000.0,83497742,25.64
09/07/2009,-420740,-22969365000.0,54(-2.70 %),32060,1777260000,452800,24746625000.0,83918482,25.26
10/07/2009,-867170,-44837725000.0,51.5(-4.63 %),6670,350035000,873840,45187760000.0,84785652,24.49
13/07/2009,-20050,-998367000.0,49(-4.85 %),8800,435748000,28850,1434115000.0,84805702,24.47
14/07/2009,-60570,-2897232000.0,47.8(-2.45 %),11620,563104000,72190,3460336000.0,84866272,24.42
15/07/2009,-107170,-5225291000.0,49(2.51 %),2830,137240000,110000,5362531000.0,84973442,24.32
16/07/2009,-5830,-301760000.0,49.8(1.63 %),46670,2322090000,52500,2623850000.0,84979272,24.32
17/07/2009,37140,1826422000.0,49.1(-1.41 %),39690,1952172000,2550,125750000.0,84942132,24.35
20/07/2009,18320,856622000.0,46.8(-4.68 %),21620,1010832000,3300,154210000.0,84923812,-26.63
21/07/2009,-20030,-947837000.0,46.9(0.21 %),470,22163000,20500,970000000.0,84943842,-26.65
22/07/2009,182160,8645192000.0,47.5(1.28 %),187160,8882692000,5000,237500000.0,84761682,-26.49
23/07/2009,4730,301980000.0,49.8(4.84 %),302010,14520249000,297280,14218269000.0,84756952,-26.48
24/07/2009,-398760,-20735520000.0,52(4.42 %),16840,875680000,415600,21611200000.0,85155712,-26.84
27/07/2009,134270,7286625000.0,54.5(4.81 %),134270,7286625000,0,0.0,85021442,-26.72
28/07/2009,-129130,-6891030000.0,53(-2.75 %),41740,2236500000,170870,9127530000.0,85150572,-75.83
29/07/2009,36770,1772035000.0,52.5(-0.94 %),257770,13572825000,221000,11800790000.0,85113802,-75.8
30/07/2009,290010,14961190000.0,51.5(-1.90 %),290710,14997440000,700,36250000.0,84823792,-75.54
31/07/2009,263440,14126650000.0,54(4.85 %),392020,21069970000,128580,6943320000.0,84560352,-75.31
03/08/2009,-210080,-11873420000.0,56.5(4.63 %),291920,16489580000,502000,28363000000.0,84770432,-75.5
04/08/2009,319580,18644635000.0,58.5(3.54 %),373130,21804085000,53550,3159450000.0,84450852,-75.21
05/08/2009,-238310,-13888985000.0,58(-0.85 %),211790,12301865000,450100,26190850000.0,84689162,-75.42
06/08/2009,-1880,-59750000.0,57(-1.72 %),174820,10088260000,176700,10148010000.0,84691042,-75.42
07/08/2009,-113130,-6379960000.0,56.5(-0.88 %),72070,4092440000,185200,10472400000.0,84804172,-75.53
10/08/2009,27520,1578350000.0,57.5(1.77 %),27520,1578350000,0,0.0,84776652,-75.5
11/08/2009,43530,2547710000.0,57(-0.87 %),257530,14692185000,214000,12144475000.0,84733122,-75.46
12/08/2009,-52970,-2974360000.0,56.5(-0.88 %),93630,5342640000,146600,8317000000.0,84786092,-75.51
13/08/2009,-292250,-16608450000.0,57(0.88 %),28750,1649835000,321000,18258285000.0,85078342,-75.77
14/08/2009,-61850,-3492600000.0,57(0.00 %),7550,429575000,69400,3922175000.0,85140192,-75.82
17/08/2009,9430,531345000.0,56(-1.75 %),9930,559595000,500,28250000.0,85130762,-75.82
18/08/2009,-114070,-6295235000.0,55.5(-0.89 %),1730,95665000,115800,6390900000.0,85244832,-75.92
19/08/2009,-401790,-22123120000.0,55.5(0.00 %),210,11755000,402000,22134875000.0,85646622,-76.28
20/08/2009,10020,556110000.0,55.5(0.00 %),10020,556110000,0,0.0,85636602,-76.27
21/08/2009,-299870,-16773795000.0,56(0.90 %),150130,8521140000,450000,25294935000.0,85936472,-76.53
24/08/2009,68770,3894140000.0,56.5(0.89 %),68770,3894140000,0,0.0,85867702,-76.47
25/08/2009,106020,5939130000.0,55.5(-1.77 %),107020,5995630000,1000,56500000.0,85761682,-76.38
26/08/2009,163650,9228225000.0,56(0.90 %),165400,9326225000,1750,98000000.0,85598032,-76.23
27/08/2009,73840,4118600000.0,56(0.00 %),73840,4118600000,0,0.0,85524192,-76.17
28/08/2009,249040,14042650000.0,56.5(0.89 %),285680,16112810000,36640,2070160000.0,85275152,-75.94
31/08/2009,90750,5216010000.0,57.5(1.77 %),190750,10916010000,100000,5700000000.0,85184402,-75.86
01/09/2009,120260,6877740000.0,57(-0.87 %),320260,18222740000,200000,11345000000.0,85064142,-75.76
03/09/2009,-98210,-5172470000.0,56(-1.75 %),343650,19255690000,441860,24428160000.0,85162352,-75.84
04/09/2009,24450,1284900000.0,54.5(-2.68 %),128600,7117300000,104150,5832400000.0,85137902,-75.82
07/09/2009,76930,4066490000.0,53(-2.75 %),77850,4115450000,920,48960000.0,85060972,-75.75
08/09/2009,-106190,-5709400000.0,53.5(0.94 %),880,47380000,107070,5756780000.0,85167162,-75.85
09/09/2009,-100160,-5358560000.0,53.5(0.00 %),90,4815000,100250,5363375000.0,85267322,-75.94
10/09/2009,-400,-21150000.0,53(-0.93 %),1200,63650000,1600,84800000.0,85267722,-75.94
11/09/2009,-16500,-874500000.0,53(0.00 %),2400,127200000,18900,1001700000.0,85284222,-75.95
14/09/2009,93070,4930810000.0,53(0.00 %),98070,5195810000,5000,265000000.0,85191152,-75.87
15/09/2009,-44480,-2320565000.0,52.5(-0.94 %),85160,4488545000,129640,6809110000.0,85235632,-75.91
16/09/2009,36260,1994300000.0,55(4.76 %),38260,2104300000,2000,110000000.0,85199372,-75.88
17/09/2009,176390,9897470000.0,56(1.82 %),286870,16155920000,110480,6258450000.0,85022982,-75.72
18/09/2009,479670,26759760000.0,56.5(0.89 %),480670,26815760000,1000,56000000.0,83951612,-74.77
21/09/2009,112030,6230940000.0,55(-2.65 %),112110,6235460000,80,4520000.0,84431282,-75.19
22/09/2009,9420,517230000.0,54(-1.82 %),33320,1807830000,23900,1290600000.0,84421862,-75.19
23/09/2009,500,25200000.0,54.5(0.93 %),25100,1379000000,24600,1353800000.0,84421362,-75.18
24/09/2009,36770,1984555000.0,53.5(-1.83 %),45220,2436880000,8450,452325000.0,84384592,-75.15
25/09/2009,0,0.0,55.5(3.74 %),0,0,0,0.0,84384592,60.29
28/09/2009,0,0.0,54.5(-1.80 %),0,0,0,0.0,84321662,60.33
29/09/2009,-304120,-16372295000.0,54(-0.92 %),2110,113940000,306230,16486235000.0,84801112,-75.52
30/09/2009,-96600,-5092640000.0,53.5(-0.93 %),183900,9869900000,280500,14962540000.0,84897712,-75.61
01/10/2009,-412470,-21776550000.0,52.5(-1.87 %),30000,1575000000,442470,23351550000.0,85310182,-75.98
02/10/2009,-339590,-17164640000.0,51(-2.86 %),56210,2868260000,395800,20032900000.0,85649772,-76.28
05/10/2009,-189800,-9585000000.0,51(0.00 %),200,10000000,190000,9595000000.0,85839572,-76.45
06/10/2009,-189140,-9575965000.0,50.5(-0.98 %),1410,72360000,190550,9648325000.0,86028712,-76.62
07/10/2009,-112890,-5737595000.0,51(0.99 %),37110,1892610000,150000,7630205000.0,86141602,-76.72
08/10/2009,-94010,-4710160000.0,51(0.00 %),97450,4960820000,191460,9670980000.0,86235612,-76.8
09/10/2009,-228550,-11686795000.0,51.5(0.98 %),33450,1715955000,262000,13402750000.0,86464162,-77.0
12/10/2009,-11380,-523075000.0,53(2.91 %),161020,8429400000,172400,8952475000.0,86475542,-77.01
13/10/2009,-86170,-4411850000.0,52(-1.89 %),89330,4657065000,175500,9068915000.0,86561712,-77.09
14/10/2009,49610,2761720000.0,54.5(4.81 %),219710,11592170000,170100,8830450000.0,86512102,-77.05
15/10/2009,424880,24096585000.0,57(4.59 %),506260,28725025000,81380,4628440000.0,86087222,-76.67
16/10/2009,-117010,-6776785000.0,56.5(-0.88 %),99880,5730015000,216890,12506800000.0,86204232,-76.77
19/10/2009,105690,5909350000.0,55(-2.65 %),167890,9345450000,62200,3436100000.0,86098542,-76.68
20/10/2009,66100,3628450000.0,54.5(-0.91 %),77000,4228950000,10900,600500000.0,86032442,-76.62
21/10/2009,-27150,-1456680000.0,54(-0.92 %),38850,2107320000,66000,3564000000.0,86059592,-76.64
22/10/2009,164970,9015830000.0,55(1.85 %),256970,14029830000,92000,5014000000.0,85894622,-76.5
23/10/2009,58350,3358500000.0,56.5(2.73 %),154180,8831985000,95830,5473485000.0,85836272,-76.44
26/10/2009,28790,1630360000.0,55(-2.65 %),64280,3600290000,35490,1969930000.0,85807482,-76.42
27/10/2009,-600850,-31898715000.0,53(-3.64 %),67360,3576080000,668210,35474795000.0,86408332,-76.95
28/10/2009,-36490,-1932660000.0,53(0.00 %),3510,187340000,40000,2120000000.0,86444822,-76.99
29/10/2009,-451440,-22849710000.0,51(-3.77 %),14060,720790000,465500,23570500000.0,86896262,-77.39
30/10/2009,-45610,-2353355000.0,52(1.96 %),80490,4219830000,126100,6573185000.0,86941872,-77.43
02/11/2009,-129570,-6724200000.0,53(1.92 %),38030,1972900000,167600,8697100000.0,87071442,-77.54
03/11/2009,95510,4853510000.0,51.5(-2.83 %),145510,7458510000,50000,2605000000.0,86975932,-77.46
04/11/2009,-41050,-2109025000.0,51.5(0.00 %),58950,3060975000,100000,5170000000.0,87016982,-77.5
05/11/2009,-123360,-6400545000.0,53(2.91 %),15020,781030000,138380,7181575000.0,87140342,-77.61
06/11/2009,103810,5435210000.0,51.5(-2.83 %),103810,5435210000,0,0.0,87036532,-77.51
09/11/2009,44560,2303160000.0,50.5(-1.94 %),49360,2550360000,4800,247200000.0,86991972,-77.47
10/11/2009,29620,1491392000.0,49.6(-1.78 %),29620,1491392000,0,0.0,86962352,-77.45
11/11/2009,78070,3896052000.0,50(0.81 %),78070,3896052000,0,0.0,86884282,-77.38
12/11/2009,-94750,-4730140000.0,50.5(1.00 %),6010,302115000,100760,5032255000.0,86979032,-77.46
13/11/2009,-88560,-4432790000.0,49.8(-1.39 %),42540,2122210000,131100,6555000000.0,87067592,-77.54
16/11/2009,-41970,-2086401000.0,49.6(-0.40 %),27180,1354227000,69150,3440628000.0,87109562,-77.58
17/11/2009,800,41862000.0,48.9(-1.41 %),10200,501566000,9400,459704000.0,87108762,-77.58
18/11/2009,46310,2241135000.0,48.3(-1.23 %),46310,2241135000,0,0.0,87062452,-77.54
19/11/2009,10570,514264000.0,48.9(1.24 %),13150,639279000,2580,125015000.0,87051882,-77.53
20/11/2009,-147490,-7147320000.0,48.2(-1.43 %),20160,978810000,167650,8126130000.0,87199372,-77.66
23/11/2009,-175610,-8377730000.0,47.2(-2.07 %),9390,449620000,185000,8827350000.0,87374982,-77.82
24/11/2009,-14980,-698895000.0,46.3(-1.91 %),8560,400839000,23540,1099734000.0,87389962,-77.83
25/11/2009,-99182,-4329603000.0,44(-4.97 %),39818,1823148000,139000,6152751000.0,87489144,-77.92
26/11/2009,128120,5387182000.0,41.8(-5.00 %),339920,14265108000,211800,8877926000.0,87361024,-77.8
27/11/2009,110400,4581084000.0,43.8(4.78 %),134650,5546854000,24250,965770000.0,87250624,-77.7
30/11/2009,-84780,-3833922000.0,45.9(4.79 %),16650,762465000,101430,4596387000.0,87335404,-77.78
01/12/2009,17880,860140000.0,48.1(4.79 %),20600,990810000,2720,130670000.0,87317524,-77.76
02/12/2009,-42040,-1995260000.0,47(-2.29 %),7960,379740000,50000,2375000000.0,87359564,-77.8
03/12/2009,27380,1282590000.0,47(0.00 %),28400,1329510000,1020,46920000.0,87332184,-77.78
04/12/2009,79640,3719643000.0,46.2(-1.70 %),89640,4185643000,10000,466000000.0,87252544,-77.71
07/12/2009,71010,3265607000.0,46(-0.43 %),113080,5189748000,42070,1924141000.0,87181534,-77.64
08/12/2009,83480,3780950000.0,44.7(-2.83 %),102480,4654950000,19000,874000000.0,87098054,-77.57
09/12/2009,-28070,-1211943000.0,43(-3.80 %),90930,3911910000,119000,5123853000.0,87126124,-77.59
10/12/2009,17500,755002000.0,42.7(-0.70 %),20900,901442000,3400,146440000.0,87108624,-77.58
11/12/2009,-38030,-1525322000.0,40.8(-4.45 %),33060,1385894000,71090,2911216000.0,87146654,-77.61
14/12/2009,-122500,-5237300000.0,42.8(4.90 %),10500,449400000,133000,5686700000.0,87269154,-77.72
15/12/2009,590110,26193287000.0,44.9(4.91 %),691460,30588567000,101350,4395280000.0,86679044,-77.2
16/12/2009,465130,20749300000.0,43(-4.23 %),555890,24805324000,90760,4056024000.0,86213914,-76.78
17/12/2009,317070,13827416000.0,44(2.33 %),328240,14311512000,11170,484096000.0,85896844,-76.5
18/12/2009,310230,14252587000.0,46.2(5.00 %),443050,20376537000,132820,6123950000.0,85586614,-76.22
21/12/2009,199760,9514748000.0,47.6(3.03 %),200060,9529148000,300,14400000.0,85386854,-76.04
22/12/2009,203520,9489709000.0,46.6(-2.10 %),223520,10427609000,20000,937900000.0,85183334,-75.86
23/12/2009,-21070,-970553000.0,46.2(-0.86 %),120290,5557649000,141360,6528202000.0,85204404,-75.88
24/12/2009,45900,2118935000.0,46(-0.43 %),190400,8717235000,144500,6598300000.0,85158504,-75.84
25/12/2009,150800,7151436000.0,47(2.17 %),238800,11315387000,88000,4163951000.0,85007704,-75.71
28/12/2009,40050,1842765000.0,46(-2.13 %),60050,2763265000,20000,920500000.0,84967654,-75.67
29/12/2009,-48820,-2198468000.0,45.2(-1.74 %),110000,4966656000,158820,7165124000.0,85016474,-75.71
30/12/2009,10030,469554000.0,45.6(0.88 %),50530,2296690000,40500,1827136000.0,85006444,-75.71
31/12/2009,78070,3618520000.0,47(3.07 %),100270,4651920000,22200,1033400000.0,84928374,-75.64
04/01/2010,-62540,-2853452000.0,49.3(4.89 %),132490,6528804000,195030,9382256000.0,84990914,-75.69
05/01/2010,-118660,-5936920000.0,49.8(1.01 %),256070,12941870000,374730,18878790000.0,85109574,-75.8
06/01/2010,47480,2350137000.0,48(-3.61 %),261510,12750515000,214030,10400378000.0,85062094,-75.76
07/01/2010,52760,2518465000.0,47(-2.08 %),62260,2973815000,9500,455350000.0,85009334,-75.71
08/01/2010,-46660,-2232590000.0,47(0.00 %),90100,4258450000,136760,6491040000.0,85055994,-75.75
11/01/2010,-6910,-264386000.0,47(0.00 %),46430,2175075000,53340,2439461000.0,85062904,-75.76
12/01/2010,88070,4092615000.0,45.5(-3.19 %),129510,6021475000,41440,1928860000.0,84974834,-75.68
13/01/2010,67590,3049465000.0,47(3.30 %),68090,3072965000,500,23500000.0,84907244,-75.62
14/01/2010,58470,2724784000.0,46.4(-1.28 %),59470,2771684000,1000,46900000.0,84848774,-75.57
15/01/2010,-23650,-1076394000.0,45.3(-2.37 %),93940,4271474000,117590,5347868000.0,84872424,-75.59
18/01/2010,-51750,-2266093000.0,43.5(-3.97 %),55160,2451400000,106910,4717493000.0,84924174,-75.63
19/01/2010,43340,1926134000.0,44.7(2.76 %),82040,3642298000,38700,1716164000.0,84880834,-75.59
20/01/2010,32760,1457664000.0,43.8(-2.01 %),32760,1457664000,0,0.0,84848074,-75.56
21/01/2010,91060,3953468000.0,43(-1.83 %),91060,3953468000,0,0.0,84757014,-75.48
22/01/2010,-14730,-616302000.0,42.5(-1.16 %),37270,1596580000,52000,2212882000.0,84771744,-75.5
25/01/2010,30460,1293970000.0,42.5(0.00 %),30460,1293970000,0,0.0,84741284,-75.47
26/01/2010,-119610,-5129181000.0,42.8(0.71 %),31660,1366920000,151270,6496101000.0,84860894,-75.58
27/01/2010,2100,88765000.0,42.8(0.00 %),15050,645615000,12950,556850000.0,84858794,-75.57
28/01/2010,-3140,-128250000.0,42.3(-1.17 %),32400,1382200000,35540,1510450000.0,84861934,-75.58
29/01/2010,8240,346145000.0,42(-0.71 %),33450,1407993000,25210,1061848000.0,84853694,-75.57
01/02/2010,1970,82686000.0,41.8(-0.48 %),2470,103686000,500,21000000.0,84851724,-75.57
02/02/2010,101450,4313422000.0,42.3(1.20 %),102150,4343522000,700,30100000.0,84750274,-75.48
03/02/2010,257830,11144953000.0,43.5(2.84 %),377830,15968953000,120000,4824000000.0,84492444,-75.25
04/02/2010,250300,10991923000.0,44.5(2.30 %),252300,11080223000,2000,88300000.0,84242144,-75.03
05/02/2010,128070,5606038000.0,43.7(-1.80 %),129070,5649938000,1000,43900000.0,84114074,-74.91
08/02/2010,-28110,-1212375000.0,43.7(0.00 %),37220,1609130000,65330,2821505000.0,84142184,-74.94
09/02/2010,1000,43100000.0,42.6(-2.52 %),121000,5035100000,120000,4992000000.0,84141184,-74.94
10/02/2010,39040,1695632000.0,43.5(2.11 %),39040,1695632000,0,0.0,84102144,-74.9
11/02/2010,113280,5019443000.0,44.5(2.30 %),115280,5108243000,2000,88800000.0,83988864,-74.8
12/02/2010,-3770,-153140000.0,44.5(0.00 %),55230,2472480000,59000,2625620000.0,83992634,-74.8
22/02/2010,103870,4682150000.0,45.2(1.57 %),153870,6941150000,50000,2259000000.0,83888764,-74.71
23/02/2010,322170,14519754000.0,45.2(0.00 %),389110,17538442000,66940,3018688000.0,83566594,-74.42
24/02/2010,309720,14268370000.0,46.5(2.88 %),534790,24477384000,225070,10209014000.0,83256874,-74.15
25/02/2010,283830,13330756000.0,47(1.08 %),609110,28233775000,325280,14903019000.0,82973044,-73.89
26/02/2010,605760,29249390000.0,49(4.26 %),763530,36892226000,157770,7642836000.0,83036057,-73.36
01/03/2010,188530,9390262000.0,49.8(1.63 %),194530,9689062000,6000,298800000.0,82847527,-73.78
02/03/2010,-207250,-9968992000.0,47.4(-4.82 %),3400,162260000,210650,10131252000.0,83054777,-73.97
03/03/2010,79040,3755861000.0,47.8(0.84 %),101040,4753461000,22000,997600000.0,82975737,-73.9
04/03/2010,-1240,-59529000.0,47.1(-1.46 %),10,471000,1250,60000000.0,82976977,-73.9
05/03/2010,4200,197280000.0,46.9(-0.42 %),4200,197280000,0,0.0,82972777,-73.89
08/03/2010,69410,3250794000.0,46.9(0.00 %),69410,3250794000,0,0.0,82903367,-73.83
09/03/2010,160340,7659390000.0,48(2.35 %),281510,13161213000,121170,5501823000.0,82743027,-73.69
10/03/2010,120600,5770992000.0,47.9(2.35 %),141070,6752505000,20470,981513000.0,82622427,-73.58
11/03/2010,59570,2849331000.0,47.5(-0.84 %),60070,2873431000,500,24100000.0,82562857,-73.53
12/03/2010,76440,3625861000.0,47.5(0.00 %),76440,3625861000,0,0.0,82486417,-73.46
15/03/2010,44610,2110500000.0,47(-1.05 %),44610,2110500000,0,0.0,82441807,-73.42
16/03/2010,-30330,-1399237000.0,45.8(-2.55 %),2000,91600000,32330,1490837000.0,82472137,-73.45
17/03/2010,25720,1203978000.0,45(-1.75 %),64820,2977090000,39100,1773112000.0,82446417,-73.43
18/03/2010,-56360,-2542335000.0,45.1(0.22 %),700,31510000,57060,2573845000.0,82502777,-73.48
19/03/2010,-67920,-3030280000.0,44.6(-1.11 %),59810,2682131000,127730,5712411000.0,82570697,-73.54
22/03/2010,5810,259575000.0,44.8(0.45 %),24570,1101195000,18760,841620000.0,82564887,-73.53
23/03/2010,23080,1039156000.0,44.9(0.22 %),25080,1129082000,2000,89926000.0,82541807,-73.51
24/03/2010,41910,1884956000.0,45.2(0.67 %),41910,1884956000,0,0.0,82499897,-73.47
25/03/2010,25460,1130196000.0,44.2(-2.21 %),26960,1197096000,1500,66900000.0,82474437,-73.45
26/03/2010,185730,8396655000.0,45.5(2.94 %),185730,8396655000,0,0.0,82288707,-73.29
29/03/2010,25800,1163288000.0,44.9(-1.32 %),25800,1163288000,0,0.0,82262907,-73.26
30/03/2010,12120,538240000.0,44.2(-1.56 %),27120,1205740000,15000,667500000.0,82250787,-73.25
31/03/2010,10810,479338000.0,44(-0.45 %),46810,2071738000,36000,1592400000.0,82239977,-73.24
01/04/2010,59290,2613518000.0,44.2(0.45 %),116290,5126318000,57000,2512800000.0,82180687,-73.19
02/04/2010,102760,4573384000.0,44.3(0.23 %),120040,5338832000,17280,765448000.0,82077927,-73.1
05/04/2010,139500,6237470000.0,44.7(0.90 %),139500,6237470000,0,0.0,81938427,-72.97
06/04/2010,77910,3476276000.0,44.5(-0.45 %),149110,6657158000,71200,3180882000.0,81860517,-72.9
07/04/2010,-19700,-870850000.0,44.3(-0.45 %),15300,680650000,35000,1551500000.0,81880217,-72.92
08/04/2010,22700,1000260000.0,43.9(-0.90 %),82500,3631900000,59800,2631640000.0,81857517,-72.9
09/04/2010,91230,3996480000.0,44(0.23 %),108230,4741380000,17000,744900000.0,81766287,-72.82
12/04/2010,174980,7719894000.0,44.5(1.14 %),174980,7719894000,0,0.0,81591307,-72.66
13/04/2010,-31520,-1387584000.0,43.9(-1.35 %),8020,352884000,39540,1740468000.0,81622827,-72.69
14/04/2010,-4560,-198456000.0,43.6(-0.68 %),5440,238544000,10000,437000000.0,81627387,-72.7
15/04/2010,3390,156486000.0,43.6(0.00 %),153390,6698022000,150000,6541536000.0,81623997,-72.69
16/04/2010,-76450,-3315683000.0,43.2(-0.92 %),69550,3031427000,146000,6347110000.0,81700447,-72.76
19/04/2010,-9120,-391060000.0,42.8(-0.93 %),1180,50840000,10300,441900000.0,81709567,-72.77
20/04/2010,-84810,-3606793000.0,42.4(-0.93 %),12000,508200000,96810,4114993000.0,81794377,-72.85
21/04/2010,41100,1740650000.0,42.5(0.24 %),42200,1787190000,1100,46540000.0,81753277,-72.81
22/04/2010,113430,4964016000.0,43.8(3.06 %),119130,5211456000,5700,247440000.0,81639847,-72.71
26/04/2010,-54550,-2381323000.0,43.4(-0.91 %),48270,2107226000,102820,4488549000.0,81694397,-72.76
27/04/2010,169020,7395798000.0,43.9(1.15 %),196020,8574558000,27000,1178760000.0,81525377,-72.61
28/04/2010,50130,2187882000.0,43.5(-0.91 %),51030,2227212000,900,39330000.0,81475247,-72.56
29/04/2010,-47260,-2034872000.0,43(-1.15 %),28090,1212948000,75350,3247820000.0,81522507,-72.6
04/05/2010,-16000,-678865000.0,44.2(2.79 %),38420,1690160000,54420,2369025000.0,81538507,-72.62
05/05/2010,26290,1144860000.0,43.3(-2.04 %),26290,1144860000,0,0.0,81512217,-72.59
06/05/2010,-30530,-1314427000.0,42.9(-0.92 %),25900,1113900000,56430,2428327000.0,81542747,-72.62
07/05/2010,-44440,-1887702000.0,42.5(-0.93 %),28240,1200500000,72680,3088202000.0,81587187,-72.66
10/05/2010,15360,649586000.0,42.5(0.00 %),30460,1289196000,15100,639610000.0,81571827,-72.65
11/05/2010,-5830,-247915000.0,42.5(0.00 %),1190,50635000,7020,298550000.0,81577657,-72.65
12/05/2010,13430,573020000.0,41.5(-2.35 %),150430,6318470000,137000,5745450000.0,81564227,-72.64
13/05/2010,108650,4555817000.0,41.7(0.48 %),109650,4598217000,1000,42400000.0,81455577,-72.54
14/05/2010,80810,3382545000.0,41.7(0.00 %),110810,4633545000,30000,1251000000.0,81374767,-72.47
17/05/2010,101710,4203929000.0,41.4(-0.72 %),105710,4369529000,4000,165600000.0,81273057,-72.38
18/05/2010,59530,2450778000.0,41.4(0.00 %),59530,2450778000,0,0.0,81213527,-72.33
19/05/2010,55390,2257058000.0,40.6(-1.93 %),170500,6947070000,115110,4690012000.0,81158137,-72.28
20/05/2010,168220,6812928000.0,40.8(0.49 %),198300,8028622000,30080,1215694000.0,80989917,-72.13
21/05/2010,-102240,-4021345000.0,39.1(-4.17 %),5700,223420000,107940,4244765000.0,81092157,-72.22
24/05/2010,-50950,-2027426000.0,40(2.30 %),200,7840000,51150,2035266000.0,81143107,-72.27
25/05/2010,158980,6362604000.0,40.2(0.50 %),160980,6442604000,2000,80000000.0,80984127,-72.12
26/05/2010,116680,4685311000.0,40(-0.50 %),118680,4765311000,2000,80000000.0,80867447,-72.02
27/05/2010,128150,5127706000.0,40.1(0.25 %),132000,5281706000,3850,154000000.0,80739297,-71.91
28/05/2010,85530,3480064000.0,41(2.24 %),85530,3480064000,0,0.0,80653767,-71.83
31/05/2010,134170,5481391000.0,40.8(-0.49 %),134170,5481391000,0,0.0,80519597,-71.71
01/06/2010,11850,488662000.0,41(0.49 %),87440,3565302000,75590,3076640000.0,80507747,-71.7
02/06/2010,-54260,-2220534000.0,41(0.00 %),75110,3074199000,129370,5294733000.0,80562007,-71.75
03/06/2010,-51780,-2126146000.0,41(0.00 %),70540,2895740000,122320,5021886000.0,80613787,-71.79
04/06/2010,-88030,-3424694000.0,38.8(1.04 %),51580,2006104000,139610,5430798000.0,80701817,-71.87
07/06/2010,-54980,-2086217000.0,37.9(-2.32 %),66560,2532568000,121540,4618785000.0,80756797,-71.92
08/06/2010,-29580,-1116417000.0,37.8(-0.26 %),93240,3535196000,122820,4651613000.0,80786377,-71.95
09/06/2010,49240,1863563000.0,37.7(-0.26 %),105760,3998376000,56520,2134813000.0,80737137,-71.9
10/06/2010,4530,171283000.0,37.8(0.27 %),54000,2039700000,49470,1868417000.0,80732607,-71.9
11/06/2010,98140,3747956000.0,38.2(1.06 %),98140,3747956000,0,0.0,80634467,-71.81
14/06/2010,50580,1930606000.0,38.1(-0.26 %),55580,2121606000,5000,191000000.0,80583887,-71.77
15/06/2010,154650,5942226000.0,38.7(1.57 %),161150,6191626000,6500,249400000.0,80429237,-71.63
16/06/2010,87710,3436635000.0,39.5(2.07 %),99840,3912368000,12130,475733000.0,80341527,-71.55
17/06/2010,235040,9409693000.0,40.4(2.28 %),391010,15375758000,155970,5966065000.0,80106487,-71.34
18/06/2010,-338230,-13548237000.0,40(-0.99 %),100710,4049200000,438940,17597437000.0,80444717,-71.64
21/06/2010,29160,1170840000.0,40.1(0.25 %),40710,1633340000,11550,462500000.0,80415557,-71.62
22/06/2010,45310,1824577000.0,40.2(0.25 %),70310,2825877000,25000,1001300000.0,80370247,-71.58
23/06/2010,26710,1068014000.0,40(-0.50 %),26710,1068014000,0,0.0,80343537,-71.55
24/06/2010,-20740,-828289000.0,40(0.00 %),29110,1165711000,49850,1994000000.0,80364277,-71.57
25/06/2010,-28420,-1071732000.0,38.5(-3.75 %),30290,1188603000,58710,2260335000.0,80392697,-71.6
28/06/2010,41880,1648790000.0,39.5(2.60 %),41880,1648790000,0,0.0,80350817,-71.56
29/06/2010,92350,3661306000.0,41.4(4.81 %),124090,4972264000,31740,1310958000.0,80258467,-71.48
30/06/2010,12990,519056000.0,41.2(-0.48 %),32590,1326576000,19600,807520000.0,80245477,-71.47
01/07/2010,-23170,-914975000.0,39.5(-4.13 %),1040,42120000,24210,957095000.0,80268647,-71.49
02/07/2010,-31210,-1230980000.0,39.4(-0.25 %),1250,49750000,32460,1280730000.0,80299857,-71.51
05/07/2010,121520,4819193000.0,39.8(1.02 %),139270,5523318000,17750,704125000.0,80178337,-71.41
06/07/2010,6020,234998000.0,39.1(-1.76 %),6020,234998000,0,0.0,80172317,-71.4
07/07/2010,5640,220666000.0,39(-0.26 %),17590,687969000,11950,467303000.0,80166677,-71.4
08/07/2010,12040,469560000.0,39(0.00 %),17040,664560000,5000,195000000.0,80154637,-71.38
09/07/2010,6840,266764000.0,38.9(-0.26 %),6840,266764000,0,0.0,80147797,-71.38
12/07/2010,7600,294880000.0,38.6(-0.77 %),7600,294880000,0,0.0,80140197,-71.37
13/07/2010,99880,3964050000.0,40(3.63 %),99890,3964445000,10,395000.0,80040317,-71.28
14/07/2010,11950,462426000.0,38.7(-3.25 %),11980,463626000,30,1200000.0,80028367,-71.27
15/07/2010,21960,860172000.0,39(0.78 %),21960,860172000,0,0.0,80006407,-71.25
16/07/2010,42820,1681190000.0,39.1(0.26 %),52820,2074490000,10000,393300000.0,79963587,-71.21
19/07/2010,116330,4578066000.0,39.4(0.77 %),116830,4597766000,500,19700000.0,79847257,-71.11
20/07/2010,87000,3417720000.0,39.2(-0.51 %),130390,5122783000,43390,1705063000.0,79760257,-71.03
21/07/2010,19500,756195000.0,38.7(-1.28 %),21500,833750000,2000,77555000.0,79740757,-71.02
22/07/2010,4130,159787000.0,38.2(-1.29 %),16400,630580000,12270,470793000.0,79736627,-71.01
23/07/2010,-14000,-532207000.0,38(-0.52 %),11000,418000000,25000,950207000.0,79750627,-71.02
26/07/2010,-13280,-496598000.0,37.2(-2.11 %),14020,524868000,27300,1021466000.0,79763907,-71.04
27/07/2010,-9430,-341512000.0,37(-0.54 %),23100,867600000,32530,1209112000.0,79773337,-71.05
28/07/2010,6570,244170000.0,36.9(-0.27 %),22200,822900000,15630,578730000.0,79766767,-71.04
29/07/2010,11000,412488000.0,37(0.27 %),11000,412488000,0,0.0,79755767,-71.03
30/07/2010,13500,505833000.0,37.5(1.35 %),13500,505833000,0,0.0,79742267,-71.02
02/08/2010,16820,628770000.0,37(-1.33 %),20820,778770000,4000,150000000.0,79725447,-71.0
03/08/2010,-53630,-1986308000.0,36.9(-0.27 %),6370,237038000,60000,2223346000.0,79779077,-71.05
04/08/2010,31490,1163114000.0,37(0.27 %),31490,1163114000,0,0.0,79747587,-71.02
05/08/2010,76110,2831251000.0,37.2(0.54 %),76110,2831251000,0,0.0,79671477,-70.95
06/08/2010,107260,3987573000.0,37.2(0.00 %),111160,4133043000,3900,145470000.0,79564217,-70.86
09/08/2010,-19070,-683558000.0,35.7(-4.03 %),60930,2198426000,80000,2881984000.0,79583287,-70.88
10/08/2010,-16290,-563632000.0,34.7(-2.80 %),99020,3472170000,115310,4035802000.0,79599577,-70.89
11/08/2010,-21480,-744071000.0,34.8(0.29 %),36600,1275475000,58080,2019546000.0,21480,-0.02
12/08/2010,-9100,-300747000.0,34.7(-0.29 %),50900,1751633000,60000,2052380000.0,79608677,-70.9
13/08/2010,26510,910380000.0,34.6(-0.29 %),26510,910380000,0,0.0,79582167,-70.87
16/08/2010,49870,1765622000.0,35.7(3.18 %),62650,2209088000,12780,443466000.0,79532297,-70.83
17/08/2010,113520,4086327000.0,36.5(2.24 %),143520,5181327000,30000,1095000000.0,0,0.27
18/08/2010,21400,775210000.0,36.1(-1.10 %),21850,791635000,450,16425000.0,79397377,-70.71
19/08/2010,53750,1936961000.0,36.1(0.00 %),53750,1936961000,0,0.0,0,0.0
20/08/2010,189770,6923015000.0,37.1(2.77 %),189770,6923015000,0,0.0,0,0.17
23/08/2010,36500,1351570000.0,37(-0.27 %),86500,3199470000,50000,1847900000.0,0,0.2
24/08/2010,81510,2997866000.0,36.5(-1.35 %),111910,4107626000,30400,1109760000.0,0,0.27
25/08/2010,90730,3264613000.0,36(-1.37 %),99630,3579818000,8900,315205000.0,0,0.35
26/08/2010,125250,4517223000.0,36.1(0.28 %),155250,5595328000,30000,1078105000.0,0,0.47
27/08/2010,126270,4596610000.0,36.8(1.94 %),126270,4596610000,0,0.0,0,0.58
30/08/2010,49910,1884394000.0,37.8(2.72 %),56220,2119726000,6310,235332000.0,0,0.62
31/08/2010,455250,17379210000.0,38.4(1.59 %),485250,18518210000,30000,1139000000.0,0,1.03
01/09/2010,89560,3427056000.0,38.4(0.00 %),105850,4049592000,16290,622536000.0,0,1.11
06/09/2010,135950,5216988000.0,38(-1.04 %),135950,5216988000,0,0.0,77483464,1.23
07/09/2010,74150,2772273000.0,37.4(-1.58 %),75150,2809773000,1000,37500000.0,0,1.3
08/09/2010,165210,6227286000.0,38(1.60 %),165210,6227286000,0,0.0,0,1.44
09/09/2010,57350,2178556000.0,37.9(-0.26 %),57350,2178556000,0,0.0,0,1.49
10/09/2010,13260,500954000.0,37(-2.37 %),13260,500954000,0,0.0,0,1.51
13/09/2010,82850,3078926000.0,37.4(1.08 %),82870,3079660000,20,734000.0,0,1.58
14/09/2010,16890,628914000.0,37.3(-0.27 %),17300,644084000,410,15170000.0,0,1.59
15/09/2010,-13430,-481323000.0,37.2(-0.27 %),117100,4347508000,130530,4828831000.0,0,1.58
16/09/2010,-70280,-2588627000.0,36.6(-1.61 %),43820,1616832000,114100,4205459000.0,0,1.52
17/09/2010,108650,4041428000.0,37.6(2.73 %),117510,4368317000,8860,326889000.0,0,1.62
20/09/2010,-115730,-4280328000.0,36.8(-2.13 %),0,0,115730,4280328000.0,0,1.51
21/09/2010,-64140,-2281604000.0,35.6(-3.26 %),25550,925484000,89690,3207088000.0,0,1.46
22/09/2010,14630,526902000.0,36(1.12 %),33640,1210510000,19010,683608000.0,0,1.47
23/09/2010,30520,1148412000.0,36.9(2.50 %),60940,2248556000,30420,1100144000.0,0,1.5
24/09/2010,-7010,-255873000.0,36.5(-1.08 %),1310,48339000,8320,304212000.0,0,1.49
27/09/2010,100,3870000.0,36(-1.37 %),900,32670000,800,28800000.0,0,1.49
28/09/2010,48750,1779775000.0,36.5(1.39 %),49750,1815875000,1000,36100000.0,0,1.53
29/09/2010,6370,230907000.0,36.4(-0.27 %),16370,591907000,10000,361000000.0,0,1.54
30/09/2010,123690,4474153000.0,36.2(-0.55 %),209690,7573800000,86000,3099647000.0,77011634,1.65
01/10/2010,830,30191000.0,36(-0.55 %),17290,623117000,16460,592926000.0,77010804,-68.58
04/10/2010,90730,3268916000.0,36(0.00 %),239950,8646720000,149220,5377804000.0,76920074,-68.5
05/10/2010,63850,2300986000.0,36.2(0.56 %),191070,6881832000,127220,4580846000.0,76856224,-68.45
06/10/2010,83060,3042558000.0,36.8(1.66 %),320740,11721709000,237680,8679151000.0,76773164,-68.37
07/10/2010,65230,2386991000.0,36.5(-0.82 %),129540,4736904000,64310,2349913000.0,76707934,-68.32
08/10/2010,-15760,-574310000.0,36.5(0.00 %),106250,3879855000,122010,4454165000.0,76723694,-68.33
11/10/2010,31450,1148542000.0,36.5(0.00 %),89450,3262537000,58000,2113995000.0,76692244,-68.3
12/10/2010,26280,947731000.0,36(-1.37 %),27900,1006699000,1620,58968000.0,76665964,-68.28
13/10/2010,66690,2413106000.0,36.4(1.11 %),113760,4126454000,47070,1713348000.0,76599274,-68.22
14/10/2010,43930,1599845000.0,36.4(0.00 %),70930,2582645000,27000,982800000.0,76555344,-68.18
15/10/2010,78530,2851148000.0,36.4(0.00 %),156890,5700952000,78360,2849804000.0,76476814,-68.11
18/10/2010,-20890,-748151000.0,35.9(-1.37 %),40500,1456110000,61390,2204261000.0,84291753,-68.69
19/10/2010,8340,294576000.0,35.5(-1.11 %),86050,3052766000,77710,2758190000.0,84283413,-68.69
20/10/2010,81370,2846635000.0,34.9(-1.69 %),96370,3376135000,15000,529500000.0,84202043,-68.62
21/10/2010,39710,1391123000.0,35(0.29 %),85030,2969650000,45320,1578527000.0,84162333,-68.59
22/10/2010,8590,301322000.0,34.8(-0.57 %),103400,3598338000,94810,3297016000.0,84153743,-68.58
25/10/2010,-84950,-2891207000.0,34.1(-2.01 %),28330,966220000,113280,3857427000.0,84238693,-68.65
26/10/2010,-19180,-662019000.0,34.4(0.88 %),55820,1925962000,75000,2587981000.0,84257873,-68.67
27/10/2010,50520,1756301000.0,34.8(1.16 %),74020,2566263000,23500,809962000.0,84207353,-68.63
28/10/2010,28860,1001552000.0,34.8(0.00 %),41630,1445948000,12770,444396000.0,84178493,-68.6
29/10/2010,47290,1648283000.0,34.8(0.00 %),200110,6976045000,152820,5327762000.0,84131203,-68.56
01/11/2010,62250,2175581000.0,35(0.57 %),109110,3808479000,46860,1632898000.0,84068953,-68.51
02/11/2010,-61090,-2098732000.0,34.2(-2.29 %),56910,1955763000,118000,4054495000.0,84130043,-68.56
03/11/2010,1000,36694000.0,34.1(-0.29 %),108920,3707663000,107920,3670969000.0,84129043,-68.56
04/11/2010,33640,1147844000.0,34(-0.29 %),140640,4797564000,107000,3649720000.0,84095403,-68.53
05/11/2010,33770,1163262000.0,34.4(1.18 %),86100,2957518000,52330,1794256000.0,84061633,-68.51
08/11/2010,-72930,-2460906000.0,33.5(-2.62 %),38900,1319678000,111830,3780584000.0,84134563,-68.57
09/11/2010,-60740,-2004177000.0,33(-1.49 %),114560,3780851000,175300,5785028000.0,84195303,-68.62
10/11/2010,68930,2275482000.0,33(0.00 %),145980,4816020000,77050,2540538000.0,84126373,-68.56
11/11/2010,26720,859431000.0,32(-3.03 %),29430,946996000,2710,87565000.0,84099653,-68.54
12/11/2010,63710,2053144000.0,32.4(1.25 %),95610,3060108000,31900,1006964000.0,84035943,-68.49
15/11/2010,-11490,-355737000.0,31.6(-2.47 %),54270,1722562000,65760,2078299000.0,84047433,-68.5
16/11/2010,38280,1196543000.0,31.2(-1.27 %),68490,2140155000,30210,943612000.0,84009153,-68.46
17/11/2010,-19250,-585801000.0,30.3(-2.88 %),61970,1930454000,81220,2516255000.0,84028403,-68.48
18/11/2010,27030,836051000.0,31(2.31 %),57120,1760976000,30090,924925000.0,84001373,-68.46
19/11/2010,46240,1434112000.0,31(0.00 %),65060,2018478000,18820,584366000.0,83955133,-68.42
22/11/2010,67850,2152524000.0,31.8(2.58 %),86670,2725564000,18820,573040000.0,83887283,-68.37
23/11/2010,189970,6167980000.0,33(3.77 %),224630,7295688000,34660,1127708000.0,83697313,-68.21
24/11/2010,138610,4558238000.0,33(0.00 %),138610,4558238000,0,0.0,83558703,-68.1
25/11/2010,-50840,-1701641000.0,33.6(1.82 %),27300,914627000,78140,2616268000.0,83609543,-68.14
26/11/2010,-33040,-1087604000.0,32.9(-2.08 %),33590,1107648000,66630,2195252000.0,83642583,-68.17
29/11/2010,77800,2609602000.0,34(3.34 %),206960,6958338000,129160,4348736000.0,83564783,-68.1
30/11/2010,7540,254073000.0,33.8(-0.59 %),91490,3116911000,83950,2862838000.0,83557243,-68.1
01/12/2010,-5410,-161571000.0,33(-2.37 %),79840,2666982000,85250,2828553000.0,83562653,-68.1
02/12/2010,-139810,-4571970000.0,32.8(-0.61 %),29080,950106000,168890,5522076000.0,83702463,-68.21
03/12/2010,-166110,-5591765000.0,33.2(1.22 %),31600,1068152000,197710,6659917000.0,83868573,-68.35
06/12/2010,87830,2930857000.0,33.4(0.60 %),207830,6938536000,120000,4007679000.0,83780743,-68.28
07/12/2010,-28840,-948428000.0,32.7(-2.10 %),80950,2665624000,109790,3614052000.0,83809583,-68.3
08/12/2010,9880,321771000.0,31.8(-2.75 %),37000,1199010000,27120,877239000.0,83799703,-68.29
09/12/2010,-57450,-1819424000.0,32.1(0.94 %),30200,964150000,87650,2783574000.0,83857153,-68.34
10/12/2010,-9190,-295941000.0,32.7(1.87 %),148340,4828759000,157530,5124700000.0,83866343,-68.35
13/12/2010,21900,742386000.0,34.1(4.28 %),125620,4281812000,103720,3539426000.0,83844443,-68.33
14/12/2010,60320,1779440000.0,29.5(4.98 %),110320,3254440000,50000,1475000000.0,83784123,-68.28
15/12/2010,551950,17052055000.0,30.9(4.75 %),649180,20056462000,97230,3004407000.0,83232173,-67.83
16/12/2010,960540,30025620000.0,30.9(0.00 %),987230,30869646000,26690,844026000.0,82271633,-67.05
17/12/2010,1892690,59895672000.0,32.4(4.85 %),2259780,71733307000,367090,11837635000.0,80378943,-65.51
20/12/2010,342470,11203890000.0,32.5(0.31 %),402360,13149934000,59890,1946044000.0,80036473,-65.23
21/12/2010,527400,16701366000.0,31.9(-1.85 %),527430,16702314000,30,948000.0,79509073,-64.8
22/12/2010,-28370,-816171000.0,30.5(-4.39 %),153990,4846980000,182360,5663151000.0,79537443,-64.82
23/12/2010,234110,7127326000.0,30.3(-0.66 %),257880,7851795000,23770,724469000.0,79303333,-64.63
24/12/2010,-12930,-377980000.0,29.5(-2.64 %),114010,3398523000,126940,3776503000.0,79316263,-64.64
27/12/2010,100530,2978395000.0,29.8(1.02 %),101530,3008085000,1000,29690000.0,79215733,-64.56
28/12/2010,-61000,-1796218000.0,29.7(-0.34 %),86300,2566598000,147300,4362816000.0,79276733,-64.61
29/12/2010,-35240,-1031941000.0,30.5(2.69 %),93040,2787810000,128280,3819751000.0,79311973,-64.64
30/12/2010,8170,270210000.0,31(1.64 %),156570,4714507000,148400,4444297000.0,79303803,-64.63
31/12/2010,13880,396626000.0,32.5(4.84 %),43880,1362626000,30000,966000000.0,79289923,-64.62
04/01/2011,28830,908649000.0,31.5(-3.08 %),130830,4161359000,102000,3252710000.0,79261093,-64.6
05/01/2011,49030,1552688000.0,30.6(-2.86 %),320180,9917862000,271150,8365174000.0,79212063,-64.56
06/01/2011,87760,2692135000.0,30.8(0.65 %),88790,2723550000,1030,31415000.0,79124303,-64.48
07/01/2011,63610,1964331000.0,30.7(-0.32 %),65620,2026440000,2010,62109000.0,79060693,-64.43
10/01/2011,233210,7181639000.0,31(0.98 %),233660,7195589000,450,13950000.0,78827483,-64.24
11/01/2011,182070,5585708000.0,30.7(-0.97 %),182070,5585708000,0,0.0,78645413,-64.09
12/01/2011,76490,2348621000.0,30.5(-0.65 %),76580,2351384000,90,2763000.0,78568923,-64.03
13/01/2011,122400,3774669000.0,31(1.64 %),129300,3987969000,6900,213300000.0,78446523,-63.93
14/01/2011,409710,12840781000.0,31.9(2.90 %),419740,13160711000,10030,319930000.0,78036813,52.18
17/01/2011,70110,2210667000.0,31.5(-1.25 %),72740,2293249000,2630,82582000.0,77966703,52.23
18/01/2011,219370,6913168000.0,31.5(0.00 %),219370,6913168000,0,0.0,78227153,-63.75
19/01/2011,282490,8900733000.0,31.6(0.32 %),331080,10430458000,48590,1529725000.0,77944663,-63.52
20/01/2011,115290,3630809000.0,31.5(-0.32 %),116410,3666095000,1120,35286000.0,77829373,-63.43
21/01/2011,43220,1409874000.0,33(4.76 %),193220,6359874000,150000,4950000000.0,77786153,-63.39
24/01/2011,318080,11001613000.0,34.6(4.85 %),340890,11790639000,22810,789026000.0,77468073,-63.13
25/01/2011,338600,11625362000.0,34.2(-1.16 %),369480,12676580000,30880,1051218000.0,77129473,-62.86
26/01/2011,194530,6650531000.0,34.3(0.29 %),282780,9666832000,88250,3016301000.0,76934943,27.11
27/01/2011,392070,13425134000.0,34.6(0.87 %),396070,13561034000,4000,135900000.0,76737403,-62.54
28/01/2011,604920,21657977000.0,36.1(4.34 %),611920,21908377000,7000,250400000.0,76132483,-62.05
08/02/2011,323670,12249939000.0,37.9(4.99 %),491770,18601779000,168100,6351840000.0,75808813,-61.78
09/02/2011,283640,11098859000.0,38(0.26 %),380640,14889379000,97000,3790520000.0,75525173,53.72
10/02/2011,72090,2712010000.0,37.7(-0.79 %),186290,7020250000,114200,4308240000.0,75453083,-61.49
11/02/2011,75700,2814412000.0,37.2(-1.33 %),79700,2962941000,4000,148529000.0,75377383,53.81
14/02/2011,-132080,-4726398000.0,35.5(-4.57 %),62440,2290210000,194520,7016608000.0,75509463,-61.54
15/02/2011,17860,663099000.0,35.9(1.13 %),72860,2576812000,55000,1913713000.0,75491603,-61.52
16/02/2011,183220,6568110000.0,35.3(-1.67 %),183720,6586310000,500,18200000.0,75308383,-61.37
17/02/2011,115520,4037465000.0,35.2(-0.28 %),127120,4442885000,11600,405420000.0,75192863,-61.28
18/02/2011,528420,18446044000.0,35(-0.57 %),561470,19593794000,33050,1147750000.0,74664443,-60.85
21/02/2011,62140,2079193000.0,33.3(-4.86 %),142330,4751430000,80190,2672237000.0,74602303,-60.8
22/02/2011,16550,529425000.0,31.9(-4.20 %),91850,2938099000,75300,2408674000.0,74585753,-60.78
23/02/2011,143350,4671860000.0,32.9(3.13 %),143350,4671860000,0,0.0,74442403,-60.67
24/02/2011,-151640,-4802759000.0,31.7(-3.65 %),137040,4357394000,288680,9160153000.0,74594043,-60.79
25/02/2011,63790,2047448000.0,32.2(1.58 %),93790,3008448000,30000,961000000.0,74530253,-60.74
28/02/2011,82380,2715778000.0,32.4(0.62 %),198000,6464454000,115620,3748676000.0,74447873,-60.67
01/03/2011,89260,2898192000.0,32.7(0.93 %),89800,2915688000,540,17496000.0,74358613,-60.6
02/03/2011,99730,3152091000.0,31.5(-3.67 %),130510,4120413000,30780,968322000.0,74258883,-60.52
03/03/2011,234080,7306092000.0,31(-1.59 %),263670,8227170000,29590,921078000.0,0,0.0
04/03/2011,76640,2392624000.0,31.4(1.29 %),90640,2830824000,14000,438200000.0,0,0.0
07/03/2011,61440,1957390000.0,32(1.91 %),66440,2116592000,5000,159202000.0,0,0.0
08/03/2011,46450,1512455000.0,32(0.00 %),100450,3260973000,54000,1748518000.0,0,0.0
09/03/2011,-33950,-1067755000.0,31.5(-1.56 %),118050,3742145000,152000,4809900000.0,0,0.0
10/03/2011,-463260,-14633537000.0,32(1.59 %),170300,5387832000,633560,20021369000.0,0,0.0
11/03/2011,-374620,-11958394000.0,31.9(-0.31 %),112270,3605825000,486890,15564219000.0,0,0.0
14/03/2011,-14080,-412571000.0,30.9(-3.13 %),392280,12358537000,406360,12771108000.0,0,0.0
15/03/2011,-298230,-9022050000.0,30.1(-2.59 %),491370,14888494000,789600,23910544000.0,0,0.0
16/03/2011,-310660,-9382627000.0,30.2(0.33 %),458220,13857701000,768880,23240328000.0,163157637,0.03
17/03/2011,-370830,-11181651000.0,30(-0.66 %),562600,16998662000,933430,28180313000.0,163528467,0.0
18/03/2011,-807720,-24705533000.0,31.5(5.00 %),732690,22572902000,1540410,47278435000.0,164336187,0.0
21/03/2011,116190,3829980000.0,32.9(4.44 %),185000,6073000000,68810,2243020000.0,164219997,0.0
22/03/2011,251420,8119309000.0,31.7(-3.65 %),271420,8764309000,20000,645000000.0,163968577,0.0
23/03/2011,76900,2439214000.0,31.6(-0.32 %),293150,9275253000,216250,6836039000.0,163891677,0.0
24/03/2011,121960,3792313000.0,30.9(-2.22 %),136290,4240609000,14330,448296000.0,163769717,0.0
25/03/2011,139240,4306216000.0,31(0.32 %),164690,5088081000,25450,781865000.0,163630477,0.0
28/03/2011,51660,1599482000.0,31(0.00 %),106460,3299184000,54800,1699702000.0,163578817,0.0
29/03/2011,124880,3892423000.0,31(0.00 %),147000,4579152000,22120,686729000.0,163453937,0.0
30/03/2011,292410,8975899000.0,30.7(-0.97 %),292410,8975899000,0,0.0,163161527,0.02
31/03/2011,85330,2628302000.0,31.2(1.63 %),116180,3572682000,30850,944380000.0,163076197,0.07
01/04/2011,227870,7009757000.0,30.7(-1.60 %),227870,7009757000,0,0.0,163197677,0.0
04/04/2011,105850,3229130000.0,30.4(-0.98 %),240850,7335638000,135000,4106508000.0,163091827,0.06
05/04/2011,36590,1113757000.0,30.3(-0.33 %),151590,4598954000,115000,3485197000.0,163055237,0.08
06/04/2011,17070,524339000.0,31(2.31 %),148170,4574753000,131100,4050414000.0,163038167,0.09
07/04/2011,73160,2254461000.0,30.6(-1.29 %),76300,2351801000,3140,97340000.0,162965007,0.13
08/04/2011,55900,1700469000.0,30.5(-0.33 %),117310,3573924000,61410,1873455000.0,162909107,0.17
13/04/2011,47950,1445145000.0,30(-1.64 %),190730,5756377000,142780,4311232000.0,162861157,0.19
14/04/2011,-80460,-2432229000.0,29.9(-0.33 %),208470,6250337000,288930,8682566000.0,162941617,0.15
15/04/2011,74770,2207735000.0,29.4(-1.67 %),84500,2498102000,9730,290367000.0,162866847,0.19
18/04/2011,268730,7809579000.0,28.6(-2.72 %),328730,9554778000,60000,1745199000.0,162598117,0.35
19/04/2011,146340,4216222000.0,28.7(0.35 %),210660,6079094000,64320,1862872000.0,162451777,0.46
20/04/2011,-2630,-75934000.0,29(1.05 %),300190,8676056000,302820,8751990000.0,162454407,0.46
21/04/2011,141670,4090480000.0,28.6(-1.38 %),182170,5260930000,40500,1170450000.0,162312737,0.54
22/04/2011,89220,2542874000.0,28.2(-1.40 %),90220,2571534000,1000,28660000.0,162223517,0.6
25/04/2011,-47440,-1373516000.0,28.7(1.77 %),52170,1500113000,99610,2873629000.0,162270957,0.57
26/04/2011,80630,2286618000.0,28.1(-2.09 %),82630,2343818000,2000,57200000.0,162190327,0.62
27/04/2011,131720,3732625000.0,28.3(0.71 %),174690,4947738000,42970,1215113000.0,162058607,0.7
28/04/2011,-49770,-1398228000.0,28(-1.06 %),52220,1469390000,101990,2867618000.0,162108377,0.67
29/04/2011,-21400,-604856000.0,28.4(1.43 %),95980,2724960000,117380,3329816000.0,162129777,0.65
04/05/2011,64270,1825502000.0,28.4(0.00 %),102270,2904702000,38000,1079200000.0,163185887,0.01
05/05/2011,44040,1243558000.0,28.2(-0.70 %),86040,2430558000,42000,1187000000.0,163141847,0.03
06/05/2011,92080,2612850000.0,28.8(2.13 %),92080,2612850000,0,0.0,163049767,0.09
09/05/2011,-53582,-1510076000.0,28.6(-0.69 %),52790,1510352000,106372,3020428000.0,163103349,0.06
10/05/2011,-22110,-627108000.0,28.2(-1.40 %),124890,3554914000,147000,4182022000.0,163125459,0.04
11/05/2011,33620,943056000.0,28.2(0.00 %),53130,1493988000,19510,550932000.0,163091839,0.06
12/05/2011,-9360,-262116000.0,28.1(-0.35 %),53410,1503418000,62770,1765534000.0,163101199,0.06
13/05/2011,35020,984762000.0,28.1(0.00 %),105020,2949762000,70000,1965000000.0,163066179,0.08
16/05/2011,26350,777325000.0,29.5(4.98 %),147280,4344760000,120930,3567435000.0,163039829,0.1
17/05/2011,108790,3361611000.0,30.9(4.75 %),110590,3417231000,1800,55620000.0,162931039,0.16
18/05/2011,1064080,34032164000.0,31.9(3.24 %),1201597,38486851000,137517,4454687000.0,161866959,0.82
19/05/2011,491640,15413620000.0,31.3(-1.88 %),501580,15726816000,9940,313196000.0,161375319,1.12
20/05/2011,206520,6246807000.0,30(-4.15 %),358400,10847207000,151880,4600400000.0,161168799,1.24
23/05/2011,58010,1674186000.0,28.6(-4.67 %),158390,4584064000,100380,2909878000.0,161110789,1.28
24/05/2011,22230,613637000.0,27.2(-4.90 %),267560,7303558000,245330,6689921000.0,161088559,1.29
25/05/2011,-102380,-2652722000.0,25.9(-4.78 %),161920,4194228000,264300,6846950000.0,161190939,1.23
26/05/2011,-48450,-1394536000.0,27.1(4.63 %),219150,5417570000,267600,6812106000.0,161239389,1.2
27/05/2011,169150,4703130000.0,28.4(4.80 %),171150,4757730000,2000,54600000.0,161070239,1.3
30/05/2011,41090,1151131000.0,27(-4.93 %),45090,1263891000,4000,112760000.0,161029149,1.33
31/05/2011,193660,5264275000.0,28(3.70 %),199410,5417426000,5750,153151000.0,160835489,1.45
01/06/2011,308670,8879728000.0,29.4(5.00 %),331390,9526888000,22720,647160000.0,162972577,0.14
02/06/2011,23020,663426000.0,30.5(3.74 %),187490,5670549000,164470,5007123000.0,162949557,0.15
03/06/2011,363830,10985556000.0,29.1(-4.59 %),373830,11286556000,10000,301000000.0,162585727,0.37
06/06/2011,117330,3404397000.0,29.3(0.69 %),171680,4964112000,54350,1559715000.0,162468397,0.45
07/06/2011,309100,9395180000.0,30.6(4.44 %),311450,9466620000,2350,71440000.0,162159297,0.64
08/06/2011,103450,3119427000.0,29.2(-4.58 %),107750,3249055000,4300,129628000.0,162055847,0.7
09/06/2011,9100,267247000.0,29.3(0.34 %),34100,1005620000,25000,738373000.0,162046747,0.71
10/06/2011,-77570,-2287866000.0,29.4(0.34 %),100,2930000,77670,2290796000.0,162124317,0.66
13/06/2011,-40550,-1187551000.0,29.3(-0.34 %),20200,589880000,60750,1777431000.0,162164867,0.63
14/06/2011,-81150,-2382103000.0,29.1(-0.68 %),23200,686420000,104350,3068523000.0,162246017,0.58
15/06/2011,-179550,-5121911000.0,28.3(-2.75 %),600,17110000,180150,5139021000.0,162425567,0.47
16/06/2011,20460,590799000.0,28.7(1.41 %),94710,2724618000,74250,2133819000.0,162405107,0.49
17/06/2011,-370310,-10351097000.0,27.6(-3.83 %),196470,5534189000,566780,15885286000.0,162775417,0.26
20/06/2011,-41500,-1154996000.0,27.8(0.72 %),100,2780000,41600,1157776000.0,162816917,0.23
21/06/2011,167100,4773593000.0,28.9(3.96 %),170340,4864549000,3240,90956000.0,162649817,0.34
22/06/2011,68610,1982991000.0,28.9(0.00 %),136540,3946541000,67930,1963550000.0,162581207,0.38
23/06/2011,-98160,-2763546000.0,28.1(-2.77 %),0,0,98160,2763546000.0,162679367,0.32
24/06/2011,-219090,-6108679000.0,27.6(-1.78 %),300,8280000,219390,6116959000.0,162898457,0.18
27/06/2011,-40490,-1130478000.0,28.1(1.81 %),0,0,40490,1130478000.0,162938947,0.16
28/06/2011,-1450,-40185000.0,27.9(-0.71 %),2400,67230000,3850,107415000.0,162940397,0.16
29/06/2011,-43440,-1210976000.0,28(0.36 %),58530,1635787000,101970,2846763000.0,162983837,0.13
30/06/2011,22000,615368000.0,27.7(-1.07 %),36000,1006498000,14000,391130000.0,162961837,0.14
01/07/2011,-1000,-27740000.0,27.9(0.72 %),0,0,1000,27740000.0,163197677,0.0
04/07/2011,0,0.0,27.8(-0.36 %),0,0,0,0.0,163197677,0.0
05/07/2011,62770,1775813000.0,28.4(2.16 %),148770,4203313000,86000,2427500000.0,163134907,0.04
06/07/2011,43130,1216472000.0,28.1(-1.06 %),479130,13470172000,436000,12253700000.0,163091777,0.06
07/07/2011,-8050,-225950000.0,28.1(0.00 %),33300,935230000,41350,1161180000.0,163099827,0.06
08/07/2011,-66960,-1871481000.0,27.9(-0.71 %),40020,1117232000,106980,2988713000.0,163166787,0.02
11/07/2011,-36000,-1010240000.0,28.1(0.72 %),200,5600000,36200,1015840000.0,163202787,0.0
12/07/2011,-21710,-607881000.0,28(-0.36 %),8500,238120000,30210,846001000.0,163224497,0.0
13/07/2011,-10000,-280800000.0,28(0.00 %),0,0,10000,280800000.0,163234497,0.0
14/07/2011,41400,1188055000.0,29.4(5.00 %),41400,1188055000,0,0.0,163193097,0.0
15/07/2011,-106050,-3060414000.0,28.6(-2.72 %),110730,3221515000,216780,6281929000.0,163299147,0.0
18/07/2011,14600,384950000.0,26.8(4.69 %),14600,384950000,0,0.0,163284547,0.0
19/07/2011,19460,519268000.0,26.8(0.00 %),19460,519268000,0,0.0,163265087,0.0
20/07/2011,295190,8142216000.0,27.6(2.99 %),309070,8520340000,13880,378124000.0,162969897,0.14
21/07/2011,356810,10186703000.0,28.5(3.26 %),365810,10441103000,9000,254400000.0,162613087,0.36
22/07/2011,95370,2686508000.0,28(-1.75 %),105370,2968708000,10000,282200000.0,162517717,0.42
25/07/2011,115000,3210706000.0,28(0.00 %),115000,3210706000,0,0.0,162402717,0.49
26/07/2011,10,-226000.0,27.4(-2.14 %),16010,445074000,16000,445300000.0,162402707,0.49
27/07/2011,237750,6575543000.0,28.2(2.92 %),274150,7570803000,36400,995260000.0,162164957,0.63
28/07/2011,419400,11959241000.0,28.3(0.35 %),440400,12555441000,21000,596200000.0,161745557,0.89
29/07/2011,157330,4419819000.0,28.1(-0.71 %),220430,6192929000,63100,1773110000.0,161588227,0.99
01/08/2011,102800,2891299000.0,27.9(-0.71 %),232400,6536550000,129600,3645251000.0,163197677,0.0
02/08/2011,99980,2778942000.0,27.8(-0.36 %),100100,2782290000,120,3348000.0,163097697,0.06
03/08/2011,3100,84410000.0,27(-2.88 %),3100,84410000,0,0.0,163094597,0.06
04/08/2011,25560,701954000.0,27.4(1.48 %),80200,2202190000,54640,1500236000.0,163069037,0.08
05/08/2011,78770,2147064000.0,27.2(-0.73 %),80100,2183240000,1330,36176000.0,162990267,0.13
08/08/2011,-127970,-3454424000.0,26.9(-1.10 %),57050,1541226000,185020,4995650000.0,163118237,0.05
09/08/2011,111750,2939768000.0,26.2(-2.60 %),111750,2939768000,0,0.0,163006487,0.12
10/08/2011,-98170,-2588106000.0,26.4(0.76 %),68500,1830405000,166670,4418511000.0,163104657,0.06
11/08/2011,3360,90264000.0,26.6(0.76 %),58970,1554730000,55610,1464466000.0,163101297,0.06
12/08/2011,72640,1943177000.0,26.9(1.13 %),73140,1956477000,500,13300000.0,163028657,0.1
15/08/2011,-600,-16014000.0,26.8(-0.37 %),400,10720000,1000,26734000.0,163029257,0.1
16/08/2011,22000,589600000.0,26.8(0.00 %),22000,589600000,0,0.0,163007257,0.12
17/08/2011,103680,2814475000.0,27.5(2.61 %),158680,4302975000,55000,1488500000.0,162903577,0.18
18/08/2011,153010,4237095000.0,27.8(1.09 %),153010,4237095000,0,0.0,162750567,0.27
19/08/2011,-60360,-1644502000.0,27.3(-1.80 %),49640,1353212000,110000,2997714000.0,162810927,0.24
22/08/2011,-101700,-2786189000.0,27.3(0.00 %),8300,227410000,110000,3013599000.0,162912627,0.17
23/08/2011,-40750,-1103400000.0,27(-1.10 %),5500,148900000,46250,1252300000.0,162953377,0.15
24/08/2011,-70970,-1902798000.0,26.8(-0.74 %),111790,3011492000,182760,4914290000.0,163024347,0.11
25/08/2011,4100,110330000.0,27(0.75 %),4100,110330000,0,0.0,163020247,0.11
26/08/2011,-115760,-3125817000.0,26.9(-0.37 %),13530,365330000,129290,3491147000.0,163136007,0.04
29/08/2011,-317230,-8562406000.0,27.1(0.74 %),3540,95934000,320770,8658340000.0,163453237,0.0
30/08/2011,-132680,-3652165000.0,27.3(0.74 %),38500,1057300000,171180,4709465000.0,163585917,0.0
31/08/2011,30260,843748000.0,27.5(0.73 %),243600,6709780000,213340,5866032000.0,163555657,0.0
01/09/2011,-25870,-728054000.0,28.8(4.73 %),154130,4431906000,180000,5159960000.0,163197677,0.0
05/09/2011,-136920,-3902866000.0,28.3(-1.74 %),60010,1700295000,196930,5603161000.0,163334597,0.0
06/09/2011,82400,2311254000.0,28.1(-0.71 %),82400,2311254000,0,0.0,163252197,0.0
07/09/2011,41950,1184980000.0,28.3(0.71 %),55050,1555920000,13100,370940000.0,163210247,0.0
08/09/2011,70970,2008702000.0,28.1(-0.71 %),101970,2890102000,31000,881400000.0,163139277,0.04
09/09/2011,83680,2341240000.0,28(-0.36 %),83680,2341240000,0,0.0,163055597,0.09
12/09/2011,-275720,-7572124000.0,27.3(-2.50 %),0,0,275720,7572124000.0,163331317,0.0
13/09/2011,98800,2731407000.0,27.6(1.10 %),321300,8872728000,222500,6141321000.0,163232517,11.98
14/09/2011,-104950,-2856903000.0,27(-2.17 %),281150,7639300000,386100,10496203000.0,163337467,11.91
15/09/2011,-107590,-2877153000.0,27(0.00 %),379320,10170240000,486910,13047393000.0,163445057,11.85
16/09/2011,-125570,-3318318000.0,26.4(-2.22 %),483360,12762509000,608930,16080827000.0,163570627,11.77
19/09/2011,52570,1433228000.0,27.4(3.79 %),55160,1503755000,2590,70527000.0,163518057,11.8
20/09/2011,-135310,-3635672000.0,26.7(-2.55 %),48720,1311584000,184030,4947256000.0,163653367,11.72
21/09/2011,30750,823076000.0,26.7(0.00 %),51730,1384863000,20980,561787000.0,163622617,10.48
22/09/2011,26520,723944000.0,27.1(1.50 %),233310,6277952000,206790,5554008000.0,163596097,10.5
23/09/2011,-194080,-5169836000.0,26.5(-2.21 %),0,0,194080,5169836000.0,163790177,10.39
26/09/2011,-143480,-3795965000.0,26.4(-0.38 %),21240,561655000,164720,4357620000.0,163933657,10.31
27/09/2011,-129370,-3433754000.0,26.6(0.76 %),49910,1330936000,179280,4764690000.0,164063027,10.24
28/09/2011,-339180,-9462122000.0,27.9(4.89 %),1560,43524000,340740,9505646000.0,164402207,10.06
29/09/2011,-15460,-416329000.0,27.4(-1.79 %),46760,1292780000,62220,1709109000.0,164417667,10.05
30/09/2011,176570,4848534000.0,27.3(-0.36 %),178970,4914294000,2400,65760000.0,164241097,10.14
03/10/2011,105450,2856311000.0,27(-1.10 %),206760,5603948000,101310,2747637000.0,182781398,0.0
04/10/2011,-92480,-2467945000.0,26.7(-1.11 %),1240,33208000,93720,2501153000.0,182873878,0.0
05/10/2011,-186850,-4966065000.0,26.6(-0.37 %),33300,885710000,220150,5851775000.0,183060728,0.0
06/10/2011,-162420,-4327789000.0,26.7(0.38 %),25000,662500000,187420,4990289000.0,183223148,0.0
07/10/2011,-98560,-2621644000.0,26.5(-0.75 %),25000,662500000,123560,3284144000.0,183321708,0.0
10/10/2011,66140,1759103000.0,26.6(0.38 %),70140,1865103000,4000,106000000.0,183255568,0.0
11/10/2011,-20220,-535823000.0,26.4(-0.75 %),90700,2403290000,110920,2939113000.0,183275788,0.0
12/10/2011,51300,1344320000.0,26.2(-0.76 %),51300,1344320000,0,0.0,183224488,0.0
13/10/2011,53300,1385430000.0,26.1(-0.38 %),55300,1437830000,2000,52400000.0,183171188,0.0
14/10/2011,66110,1743053000.0,26.3(0.77 %),206410,5435601000,140300,3692548000.0,183105078,0.0
17/10/2011,-9390,-242495000.0,26.2(-0.38 %),30940,810678000,40330,1053173000.0,183114468,0.0
18/10/2011,43000,1128253000.0,25.9(-1.15 %),261000,6792916000,218000,5664663000.0,183071468,0.0
19/10/2011,-146910,-3774835000.0,25.7(-0.77 %),0,0,146910,3774835000.0,183218378,0.0
20/10/2011,-26920,-690760000.0,25.7(0.00 %),0,0,26920,690760000.0,183245298,0.0
21/10/2011,255090,6677117000.0,26.6(3.50 %),255090,6677117000,0,0.0,182990208,0.0
24/10/2011,97190,2573978000.0,26.5(-0.38 %),100010,2648506000,2820,74528000.0,182893018,0.0
25/10/2011,134220,3549822000.0,26.3(-0.75 %),159220,4211122000,25000,661300000.0,182758798,0.01
26/10/2011,148950,3938995000.0,26.5(0.76 %),148950,3938995000,0,0.0,182609848,0.09
27/10/2011,73380,1939808000.0,26.5(0.00 %),77860,2057632000,4480,117824000.0,182536468,0.13
28/10/2011,-107620,-2843191000.0,26.5(0.00 %),28500,755250000,136120,3598441000.0,182644088,0.08
31/10/2011,40130,1066145000.0,26.2(-1.13 %),40130,1066145000,0,0.0,182603958,0.1
01/11/2011,41480,1090228000.0,26.1(-0.38 %),41480,1090228000,0,0.0,182781398,0.0
02/11/2011,49070,1273130000.0,25.8(-1.15 %),49070,1273130000,0,0.0,182732328,0.03
03/11/2011,-129010,-3289639000.0,25.5(-1.16 %),750,19140000,129760,3308779000.0,182861338,0.0
04/11/2011,-5200,-93015000.0,25.4(-0.39 %),69010,1797557000,74210,1890572000.0,182866538,0.0
07/11/2011,-45990,-1150869000.0,24.7(-2.76 %),12500,311857000,58490,1462726000.0,182912528,0.0
08/11/2011,-131930,-3180189000.0,24.4(-1.21 %),61200,1529240000,193130,4709429000.0,183044458,0.0
09/11/2011,4480,107497000.0,23.8(-2.46 %),4480,107497000,0,0.0,183039978,0.0
10/11/2011,55820,1328542000.0,23.5(-1.26 %),156100,3694122000,100280,2365580000.0,182984158,0.0
11/11/2011,-52280,-1210979000.0,23.3(-0.85 %),26680,620904000,78960,1831883000.0,183036438,0.0
14/11/2011,78600,1813117000.0,23(-1.29 %),153940,3531613000,75340,1718496000.0,182957838,0.0
15/11/2011,214430,4925014000.0,23(0.00 %),445830,10226412000,231400,5301398000.0,182743408,0.02
16/11/2011,167890,3944600000.0,23.9(3.91 %),420610,9825260000,252720,5880660000.0,182575518,0.11
17/11/2011,422900,10230346000.0,24.3(1.67 %),568230,13740770000,145330,3510424000.0,182152618,0.34
18/11/2011,268000,6482525000.0,24.2(-0.41 %),307100,7424905000,39100,942380000.0,181884618,0.49
21/11/2011,48810,1193950000.0,23.6(-2.48 %),131100,3152339000,82290,1958389000.0,181835808,0.52
22/11/2011,106570,2530446000.0,23.8(0.85 %),111570,2648646000,5000,118200000.0,181729238,0.58
23/11/2011,27760,664488000.0,23.9(0.42 %),27760,664488000,0,0.0,181701478,0.59
24/11/2011,13040,312800000.0,23.9(0.00 %),15400,369560000,2360,56760000.0,181688438,0.6
25/11/2011,-43860,-1036506000.0,23.6(-1.26 %),500,11800000,44360,1048306000.0,181732298,0.57
28/11/2011,-155670,-3638780000.0,23.2(-1.69 %),300,7030000,155970,3645810000.0,181887968,0.49
29/11/2011,-191530,-4360348000.0,22.7(-2.16 %),1250,28780000,192780,4389128000.0,182079498,0.38
30/11/2011,-52240,-1167783000.0,22.2(-2.20 %),40600,910520000,92840,2078303000.0,182131738,0.36
01/12/2011,91150,2020810000.0,22.2(0.00 %),91150,2020810000,0,0.0,182781398,0.0
02/12/2011,163040,3631620000.0,22.5(1.35 %),191040,4256089000,28000,624469000.0,182618358,0.09
05/12/2011,-65040,-1473980000.0,22.7(0.89 %),0,0,65040,1473980000.0,182683398,0.05
06/12/2011,-90590,-2036621000.0,22.2(-2.20 %),17320,387078000,107910,2423699000.0,182773988,0.0
07/12/2011,-20360,-448414000.0,22(-0.90 %),5200,115960000,25560,564374000.0,182794348,0.0
08/12/2011,-230630,-4968199000.0,21.4(-2.73 %),500,10700000,231130,4978899000.0,183024978,0.0
09/12/2011,-29970,-633604000.0,21.1(-1.40 %),51030,1077756000,81000,1711360000.0,183054948,0.0
12/12/2011,95000,1965097000.0,20.6(-2.37 %),192010,3971644000,97010,2006547000.0,182959948,0.0
13/12/2011,207400,4268356000.0,20.6(0.00 %),225040,4631150000,17640,362794000.0,182752548,0.02
14/12/2011,200580,4086346000.0,20.2(-1.94 %),525580,10703536000,325000,6617190000.0,182551968,0.13
15/12/2011,510920,10212576000.0,20(-0.99 %),519740,10388827000,8820,176251000.0,182041048,0.41
16/12/2011,481790,9970234000.0,21(5.00 %),481790,9970234000,0,0.0,181559258,0.67
19/12/2011,611140,13405581000.0,22(4.76 %),753940,16518443000,142800,3112862000.0,180948118,1.0
20/12/2011,118580,2602905000.0,21.3(-3.18 %),119700,2627451000,1120,24546000.0,180829538,1.07
21/12/2011,126800,2740459000.0,21.7(1.88 %),126800,2740459000,0,0.0,180702738,1.14
22/12/2011,-285460,-5906831000.0,20.7(-4.61 %),39540,832466000,325000,6739297000.0,180988198,0.98
23/12/2011,-37500,-723550000.0,20.4(-1.45 %),110500,2253000000,148000,2976550000.0,181025698,0.96
26/12/2011,-215470,-4284338000.0,19.7(-3.43 %),3210,64109000,218680,4348447000.0,181241168,0.84
27/12/2011,-182670,-3559511000.0,19.4(-1.52 %),50860,989970000,233530,4549481000.0,181423838,0.74
28/12/2011,85160,1715077000.0,20.3(4.64 %),114560,2305838000,29400,590761000.0,181338678,0.79
29/12/2011,-2290,-44018000.0,21(3.45 %),142738,2880304000,145028,2924322000.0,181340968,0.79
30/12/2011,-2130,-27537000.0,21.8(3.81 %),55260,1162160000,57390,1189697000.0,181343098,0.79
03/01/2012,-52340,-1106170000.0,20.8(-4.59 %),1300,27060000,53640,1133230000.0,182781398,0.0
04/01/2012,-25890,-523421000.0,20.3(-2.40 %),21000,426400000,46890,949821000.0,182807288,0.0
05/01/2012,4900,100120000.0,20.2(-0.49 %),7000,142540000,2100,42420000.0,182802388,0.0
06/01/2012,-202520,-4013190000.0,19.8(-1.98 %),50600,1005090000,253120,5018280000.0,183004908,0.0
09/01/2012,150580,3061866000.0,20.4(3.03 %),150580,3061866000,0,0.0,182630818,0.02
10/01/2012,178720,3683703000.0,20.6(0.98 %),261070,5378963000,82350,1695260000.0,182675608,0.06
11/01/2012,258130,5397521000.0,20.6(0.00 %),327580,6846291000,69450,1448770000.0,182417478,0.2
12/01/2012,323670,6801295000.0,21(1.94 %),323670,6801295000,0,0.0,182093808,0.38
13/01/2012,212740,4499274000.0,21.1(0.48 %),212740,4499274000,0,0.0,181881068,0.49
16/01/2012,-15160,-326748000.0,21.5(1.90 %),0,0,15160,326748000.0,181896228,0.48
17/01/2012,173370,3730492000.0,21.4(-0.47 %),180370,3880292000,7000,149800000.0,272104473,14.61
18/01/2012,54330,1173428000.0,21.7(1.40 %),54330,1173428000,0,0.0,272050143,14.61
19/01/2012,213580,4805402000.0,22.7(4.61 %),213580,4805402000,0,0.0,271836563,14.62
20/01/2012,323700,7462887000.0,23.1(1.76 %),323710,7463117000,10,230000.0,271528013,14.64
30/01/2012,212340,5037518000.0,24.2(4.76 %),598920,14369354000,386580,9331836000.0,270936093,14.68
31/01/2012,428900,10543281000.0,24.4(0.83 %),478060,11756077000,49160,1212796000.0,270578633,14.7
01/02/2012,-181150,-4232203000.0,23.8(-2.46 %),479300,11566680000,660450,15798883000.0,270309033,49.04
02/02/2012,538360,13333124000.0,24.9(4.62 %),538390,13333859000,30,735000.0,269770673,49.14
03/02/2012,246710,6188627000.0,24.5(-1.61 %),250500,6286788000,3790,98161000.0,269523963,49.18
06/02/2012,262010,6368419000.0,24.3(-0.82 %),262010,6368419000,0,0.0,269261953,49.23
07/02/2012,318870,7744090000.0,24.5(0.82 %),325870,7913490000,7000,169400000.0,268943083,49.29
08/02/2012,397690,10040582000.0,25.5(4.08 %),447790,11293082000,50100,1252500000.0,268545393,49.37
09/02/2012,46550,1184496000.0,25.2(-1.18 %),50540,1285842000,3990,101346000.0,268498843,49.38
10/02/2012,654680,16254443000.0,24.6(-2.38 %),654680,16254443000,0,0.0,267844163,49.5
13/02/2012,413770,10026220000.0,24.2(-1.63 %),413770,10026220000,0,0.0,267430393,49.58
14/02/2012,240480,5983890000.0,25.2(4.13 %),247240,6150018000,6760,166128000.0,267189913,49.62
15/02/2012,344840,8702000000.0,25(-0.79 %),344840,8702000000,0,0.0,266845073,49.69
16/02/2012,270650,6797971000.0,25(0.00 %),280450,7040786000,9800,242815000.0,266574423,49.74
17/02/2012,309070,7865151000.0,25.5(2.00 %),309070,7865151000,0,0.0,266265353,49.8
20/02/2012,410970,10906248000.0,26.7(4.71 %),410970,10906248000,0,0.0,265854383,49.88
21/02/2012,470540,12803418000.0,26.9(0.75 %),484870,13197159000,14330,393741000.0,265383843,49.96
22/02/2012,341090,9491720000.0,28.1(4.46 %),350440,9747625000,9350,255905000.0,265042753,50.03
23/02/2012,282940,7964032000.0,28.5(1.42 %),1185270,33501039000,902330,25537007000.0,264759813,50.08
24/02/2012,429640,12103818000.0,28.1(2.93 %),1059550,29860640000,629910,17756822000.0,264330173,50.16
27/02/2012,413700,11604528000.0,28.3(0.71 %),928500,26053368000,514800,14448840000.0,264116473,50.2
28/02/2012,1149220,31978940000.0,27.5(-2.83 %),1156930,32195156000,7710,216216000.0,262967253,50.42
29/02/2012,158870,4360171000.0,27.2(-1.09 %),628550,17165790000,469680,12805619000.0,262808383,50.45
01/03/2012,448490,12523437000.0,28.4(4.41 %),769130,21364771000,320640,8841334000.0,262412963,50.52
02/03/2012,39740,1149386000.0,29(2.11 %),508780,14755371000,469040,13605985000.0,262373223,50.53
05/03/2012,-150600,-4519670000.0,30.4(4.83 %),809120,24297908000,959720,28817578000.0,262523823,50.5
06/03/2012,404640,12124259000.0,28.9(-4.93 %),440650,13233989000,36010,1109730000.0,262119183,50.58
07/03/2012,379790,10823380000.0,28.9(0.00 %),931580,26635937000,551790,15812557000.0,261739393,50.65
08/03/2012,150920,4420504000.0,27.5(-4.84 %),845450,24006190000,694530,19585686000.0,261588473,50.68
09/03/2012,596090,16381071000.0,27.9(1.45 %),675160,18550744000,79070,2169673000.0,260992383,50.79
12/03/2012,33430,922193000.0,26.8(-3.94 %),303900,8237070000,270470,7314877000.0,260958953,50.8
13/03/2012,-5090,-142671000.0,27.3(1.87 %),164410,4469464000,169500,4612135000.0,260964043,50.8
14/03/2012,493980,13586145000.0,27.7(1.47 %),689020,18946357000,195040,5360212000.0,260470063,50.89
15/03/2012,-61400,-1673006000.0,28.3(2.17 %),342650,9613984000,404050,11286990000.0,260531463,50.88
16/03/2012,-709550,-19277160000.0,27(-4.59 %),510510,14115723000,1220060,33392883000.0,261241013,50.75
19/03/2012,216420,6107718000.0,28.3(4.81 %),602120,16950898000,385700,10843180000.0,261024593,50.79
20/03/2012,880830,26092753000.0,29.7(4.95 %),959370,28413931000,78540,2321178000.0,260143763,50.95
21/03/2012,229610,6962779000.0,29.8(0.34 %),364980,10992778000,135370,4029999000.0,259914153,51.0
22/03/2012,164710,4946005000.0,30(0.67 %),264000,7935095000,99290,2989090000.0,259749443,15.31
23/03/2012,301700,8996421000.0,29.6(-1.33 %),416980,12442771000,115280,3446350000.0,259447743,15.33
26/03/2012,394130,11661101000.0,29.5(-0.34 %),433660,12829463000,39530,1168362000.0,259053613,15.35
27/03/2012,353060,10226564000.0,28.5(-3.39 %),375400,10885594000,22340,659030000.0,258700553,15.37
28/03/2012,321800,9179635000.0,29(1.75 %),321800,9179635000,0,0.0,258378753,15.39
29/03/2012,235830,6897847000.0,28.7(-1.03 %),250970,7341179000,15140,443332000.0,258142923,15.4
30/03/2012,547420,15695568000.0,29(1.05 %),547420,15695568000,0,0.0,257595503,15.43
03/04/2012,142650,4162663000.0,29.1(0.34 %),149120,4349449000,6470,186786000.0,258028387,15.41
04/04/2012,180710,5259855000.0,28.9(-0.69 %),181710,5289155000,1000,29300000.0,257847677,15.42
05/04/2012,52630,1526685000.0,28.9(0.00 %),66970,1941111000,14340,414426000.0,257795047,15.42
06/04/2012,19690,566878000.0,28.8(-0.35 %),27300,786770000,7610,219892000.0,257775357,15.42
09/04/2012,204980,5911728000.0,28.8(0.00 %),210980,6084528000,6000,172800000.0,257570377,15.43
10/04/2012,209490,6118633000.0,29.2(1.39 %),241790,7062423000,32300,943790000.0,257360887,15.44
11/04/2012,362630,10643798000.0,29.6(1.37 %),381270,11191139000,18640,547341000.0,256998257,15.46
12/04/2012,621300,19032481000.0,30.8(4.05 %),677440,20749483000,56140,1717002000.0,256376957,15.5
13/04/2012,539070,16719991000.0,31.2(1.30 %),551170,17096976000,12100,376985000.0,255837887,15.53
16/04/2012,317970,10262349000.0,32.6(4.49 %),319670,10317169000,1700,54820000.0,255519917,15.55
17/04/2012,652710,22036959000.0,34.2(4.91 %),725720,24495916000,73010,2458957000.0,254867207,15.58
18/04/2012,228690,7720623000.0,33.8(-1.17 %),422470,14309318000,193780,6588695000.0,254638517,15.6
19/04/2012,666860,22510221000.0,33.5(-0.89 %),702360,23702521000,35500,1192300000.0,253971657,15.63
20/04/2012,255800,8497497000.0,32.9(-1.79 %),255800,8497497000,0,0.0,253715857,15.65
23/04/2012,221810,7292922000.0,32.8(-0.30 %),240270,7900256000,18460,607334000.0,253494047,15.66
24/04/2012,140220,4565737000.0,32.6(-0.61 %),242220,7886337000,102000,3320600000.0,253353827,15.67
25/04/2012,99600,3241455000.0,32.6(0.00 %),211500,6905647000,111900,3664192000.0,253254227,15.68
26/04/2012,115200,3764843000.0,32.5(-0.31 %),217050,7083488000,101850,3318645000.0,253139027,15.68
27/04/2012,110960,3652519000.0,33(1.54 %),210960,6958863000,100000,3306344000.0,253028067,15.69
02/05/2012,216740,7150217000.0,33(0.00 %),217740,7183117000,1000,32900000.0,252463909,15.72
03/05/2012,100380,3293096000.0,32.8(-0.61 %),100380,3293096000,0,0.0,252363529,15.73
04/05/2012,334610,11207633000.0,33.1(0.91 %),335910,11251333000,1300,43700000.0,252028919,15.74
07/05/2012,259860,8752712000.0,33.7(1.81 %),259860,8752712000,0,0.0,251769059,15.76
08/05/2012,281350,9608032000.0,33.7(0.00 %),286160,9771361000,4810,163329000.0,251487709,15.78
09/05/2012,90720,3069338000.0,34.2(1.48 %),100630,3409558000,9910,340220000.0,251396989,15.78
10/05/2012,141850,4977960000.0,35.3(3.22 %),163150,5733630000,21300,755670000.0,251255139,15.79
11/05/2012,187970,6764894000.0,36.3(2.83 %),218450,7860264000,30480,1095370000.0,251067169,15.8
14/05/2012,35890,1392639000.0,37(1.93 %),256010,9710584000,220120,8317945000.0,251031279,19.17
15/05/2012,-604360,-21462642000.0,35.2(-4.86 %),194890,7023940000,799250,28486582000.0,251635639,19.14
16/05/2012,137370,4758709000.0,34(-3.41 %),281500,9702046000,144130,4943337000.0,251498269,19.15
17/05/2012,-177930,-5727870000.0,32.5(-4.41 %),398600,13390413000,576530,19118283000.0,251676199,19.14
18/05/2012,-152570,-4774280000.0,32(-1.54 %),403110,12828820000,555680,17603100000.0,251828769,19.13
21/05/2012,-123800,-4055839000.0,32.8(2.50 %),10000,327000000,133800,4382839000.0,251952569,19.13
22/05/2012,31820,1021610000.0,32(-2.44 %),36120,1160050000,4300,138440000.0,251920749,19.13
23/05/2012,-189510,-5860311000.0,30.4(-5.00 %),90610,2787200000,280120,8647511000.0,252110259,19.12
24/05/2012,95260,2776226000.0,29.2(-3.95 %),301470,8856033000,206210,6079807000.0,252014999,19.13
25/05/2012,-20720,-655825000.0,30.6(4.79 %),164820,4984102000,185540,5639927000.0,252035719,19.12
28/05/2012,-4500,-142750000.0,30.6(0.00 %),31500,969650000,36000,1112400000.0,252040219,19.12
29/05/2012,-410070,-12203355000.0,29.7(-2.94 %),117210,3522380000,527280,15725735000.0,252450289,19.11
30/05/2012,48260,1474249000.0,30.1(1.35 %),97260,2926377000,49000,1452128000.0,252402029,19.11
31/05/2012,1320,55982000.0,29.5(-1.99 %),49000,1479800000,47680,1423818000.0,252400709,19.11
01/06/2012,35830,1061211000.0,29.6(0.34 %),85740,2539101000,49910,1477890000.0,252058503,19.12
04/06/2012,-428700,-12184435000.0,28.2(-4.73 %),61630,1748915000,490330,13933350000.0,252487203,19.1
05/06/2012,-39850,-1167021000.0,28.7(1.77 %),54400,1537954000,94250,2704975000.0,252098353,19.12
06/06/2012,15310,448916000.0,29.4(2.44 %),55500,1613038000,40190,1164122000.0,252083043,19.12
07/06/2012,-57810,-1736073000.0,30.1(2.38 %),29500,891350000,87310,2627423000.0,252140853,19.12
08/06/2012,-158650,-4756860000.0,30.1(0.00 %),123700,3755680000,282350,8512540000.0,252299503,19.11
11/06/2012,-737310,-21841387000.0,29.6(-1.66 %),163400,4860817000,900710,26702204000.0,253036813,19.08
12/06/2012,-111010,-3214945000.0,29.4(-0.68 %),180000,5391500000,291010,8606445000.0,253147823,19.08
13/06/2012,-23290,-674285000.0,29.6(0.68 %),93460,2769755000,116750,3444040000.0,253171113,19.08
14/06/2012,-136250,-3998102000.0,29.2(-1.35 %),113000,3308950000,249250,7307052000.0,253307363,19.07
15/06/2012,588480,17740567000.0,29.9(2.40 %),1139130,34093827000,550650,16353260000.0,252718883,19.09
18/06/2012,126000,3826470000.0,30.3(1.34 %),126000,3826470000,0,0.0,252592883,19.1
19/06/2012,-204470,-6043083000.0,29.4(-2.97 %),3189603,92112566000,3394073,98155649000.0,252797353,19.09
20/06/2012,17460,516347000.0,29.8(1.36 %),17460,516347000,0,0.0,252779893,19.09
21/06/2012,400150,12044398000.0,29.9(0.34 %),427130,12854492000,26980,810094000.0,252379743,19.11
22/06/2012,124430,3743210000.0,29.6(-1.00 %),154040,4621196000,29610,877986000.0,252255313,19.11
25/06/2012,40100,1180838000.0,29.4(-0.68 %),80880,2381524000,40780,1200686000.0,252215213,19.12
26/06/2012,88630,2622417000.0,28.8(-2.04 %),188000,5511200000,99370,2888783000.0,252126583,19.12
27/06/2012,22810,672468000.0,28.8(0.00 %),101000,2924340000,78190,2251872000.0,252103773,16.63
28/06/2012,203070,5916472000.0,29.2(1.39 %),631470,18370360000,428400,12453888000.0,251900703,16.63
29/06/2012,338110,10085574000.0,29.5(1.03 %),564830,16783002000,226720,6697428000.0,251562593,16.65
02/07/2012,126450,3705193000.0,29.3(-0.68 %),194870,5712741000,68420,2007548000.0,251892350,16.64
03/07/2012,-141170,-4055784000.0,28.1(-4.10 %),155000,4459500000,296170,8515284000.0,252033520,16.63
04/07/2012,-84100,-2382958000.0,28.1(0.00 %),900,25370000,85000,2408328000.0,252117620,16.63
05/07/2012,-78500,-2233494000.0,28.6(1.78 %),13300,377330000,91800,2610824000.0,252196120,16.62
06/07/2012,-55850,-1594992000.0,28.5(-0.35 %),0,0,55850,1594992000.0,252251970,16.62
09/07/2012,6920,187820000.0,28(-1.75 %),55210,1552262000,48290,1364442000.0,252245050,16.62
10/07/2012,-117630,-3272180000.0,27.8(-0.71 %),155360,4353408000,272990,7625588000.0,252362680,16.62
11/07/2012,-4810,-135406000.0,28(0.72 %),38830,1086514000,43640,1221920000.0,252367490,16.62
12/07/2012,42810,1210413000.0,28(0.00 %),94600,2670070000,51790,1459657000.0,252324680,16.62
13/07/2012,61800,1765244000.0,28.6(2.14 %),225000,6396584000,163200,4631340000.0,252262880,16.62
16/07/2012,55120,1574516000.0,28.3(-1.05 %),55120,1574516000,0,0.0,252207760,16.62
17/07/2012,31310,913116000.0,28.3(0.00 %),152670,4359604000,121360,3446488000.0,252176450,16.62
18/07/2012,-81850,-2320393000.0,28.4(0.35 %),197510,5603321000,279360,7923714000.0,252258300,16.62
19/07/2012,26420,795935000.0,29.4(3.52 %),174000,5044007000,147580,4248072000.0,252231880,16.62
20/07/2012,-143390,-4138577000.0,28.7(-2.38 %),7000,201800000,150390,4340377000.0,252375270,16.62
23/07/2012,-61840,-1757408000.0,28.7(0.00 %),15500,443450000,77340,2200858000.0,252437110,16.61
24/07/2012,-24400,-689080000.0,28.2(-1.74 %),5000,142000000,29400,831080000.0,252461510,16.61
25/07/2012,-47070,-1329071000.0,28.2(0.00 %),22500,635996000,69570,1965067000.0,252508580,16.61
26/07/2012,-33790,-956191000.0,28.2(0.00 %),15530,437693000,49320,1393884000.0,252542370,16.61
27/07/2012,880,27260000.0,28.2(0.00 %),22000,624620000,21120,597360000.0,252541490,16.61
30/07/2012,-48610,-1341636000.0,27.9(-1.06 %),9390,259164000,58000,1600800000.0,252590100,16.61
31/07/2012,96900,2771374000.0,27.9(0.00 %),136750,3893525000,39850,1122151000.0,252493200,16.61
01/08/2012,-46680,-1292002000.0,27.5(-1.43 %),3400,93520000,50080,1385522000.0,252972572,16.59
02/08/2012,-730,-19214000.0,27.5(0.00 %),1970,54766000,2700,73980000.0,252973302,16.59
03/08/2012,10220,281053000.0,27.5(0.00 %),10220,281053000,0,0.0,252963082,16.6
06/08/2012,-82790,-2280804000.0,27.6(0.36 %),54000,1510500000,136790,3791304000.0,253045872,16.59
07/08/2012,-5100,-140900000.0,27.8(0.72 %),20000,559900000,25100,700800000.0,253050972,16.59
08/08/2012,24050,669400000.0,27.9(0.36 %),80000,2232000000,55950,1562600000.0,253026922,16.59
09/08/2012,-10080,-277856000.0,28.2(1.08 %),117200,3300785000,127280,3578641000.0,253037002,16.59
10/08/2012,-78490,-2197206000.0,27.8(-1.42 %),240,6720000,78730,2203926000.0,253115492,16.59
13/08/2012,28400,789946000.0,27.7(-0.36 %),30330,843407000,1930,53461000.0,253087092,16.59
14/08/2012,-1690,-39797000.0,28.1(1.44 %),80930,2278740000,82620,2318537000.0,253088782,16.59
15/08/2012,-243700,-6804326000.0,27.9(-0.71 %),10920,304748000,254620,7109074000.0,253332482,16.58
16/08/2012,-22060,-615274000.0,27.8(-0.36 %),20000,558000000,42060,1173274000.0,253354542,16.58
17/08/2012,74880,2100128000.0,28(0.72 %),76000,2131600000,1120,31472000.0,253279662,16.58
20/08/2012,-16000,-446400000.0,28.4(1.43 %),0,0,16000,446400000.0,253295662,16.58
21/08/2012,168810,4585339000.0,27(-4.93 %),178810,4857040000,10000,271701000.0,253126852,16.59
22/08/2012,-44140,-1155867000.0,26.4(-2.22 %),159000,4158042000,203140,5313909000.0,253170992,16.59
23/08/2012,382360,9614220000.0,25.1(-4.92 %),422360,10625220000,40000,1011000000.0,252788632,16.6
24/08/2012,278590,6708469000.0,26.1(3.98 %),305590,7402669000,27000,694200000.0,252510042,19.1
27/08/2012,-212040,-5305161000.0,24.8(-4.98 %),2600,65110000,214640,5370271000.0,252722082,19.09
28/08/2012,-69420,-1694963000.0,25(0.81 %),82250,2040315000,151670,3735278000.0,252791502,19.09
29/08/2012,-193190,-4781802000.0,25.5(2.00 %),126580,3223558000,319770,8005360000.0,252984692,19.08
30/08/2012,82810,2125496000.0,25.6(0.39 %),192800,4933200000,109990,2807704000.0,252901882,19.09
31/08/2012,-219770,-5438269000.0,24.8(-3.12 %),113500,2876670000,333270,8314939000.0,253121652,19.08
04/09/2012,137300,3484270000.0,25.2(1.61 %),138000,3501810000,700,17540000.0,252389672,19.11
05/09/2012,68720,1734197000.0,25.2(0.00 %),94130,2372126000,25410,637929000.0,252320952,19.11
06/09/2012,77120,1941516000.0,25.2(0.00 %),87220,2194536000,10100,253020000.0,252243832,19.12
07/09/2012,-41190,-1039311000.0,25.4(0.79 %),42110,1061781000,83300,2101092000.0,252285022,19.11
10/09/2012,-308800,-7610168000.0,24.2(-4.72 %),62690,1535998000,371490,9146166000.0,252593822,19.1
11/09/2012,-31770,-765714000.0,24(-0.83 %),49950,1197865000,81720,1963579000.0,252625592,19.1
12/09/2012,53110,1286267000.0,24.2(0.83 %),88340,2139368000,35230,853101000.0,252572482,19.1
13/09/2012,102980,2517464000.0,25(3.31 %),122090,2988086000,19110,470622000.0,252469502,19.11
14/09/2012,265760,6862615000.0,26.1(4.40 %),286500,7397939000,20740,535324000.0,252203742,19.12
17/09/2012,741910,20090717000.0,27.1(3.83 %),741960,20092057000,50,1340000.0,251461832,19.15
18/09/2012,254660,6740223000.0,25.8(-4.80 %),257460,6814086000,2800,73863000.0,251207172,19.16
19/09/2012,319740,8138305000.0,25.6(-0.78 %),350720,8929878000,30980,791573000.0,250887432,19.17
20/09/2012,326280,8061525000.0,24.8(-3.12 %),413120,10201778000,86840,2140253000.0,250561152,19.19
21/09/2012,720060,18321440000.0,25.5(2.82 %),1143750,29125535000,423690,10804095000.0,249841092,19.22
24/09/2012,-48980,-1223979000.0,24.8(-2.75 %),3000,75600000,51980,1299579000.0,249890072,19.22
25/09/2012,120,4124000.0,24.9(0.40 %),50000,1250000000,49880,1245876000.0,249889952,19.22
26/09/2012,51980,1319053000.0,25.1(0.80 %),182150,4557269000,130170,3238216000.0,249837972,19.22
27/09/2012,223620,5692530000.0,25.1(0.00 %),429060,10891466000,205440,5198936000.0,249614352,19.23
28/09/2012,-126550,-3137537000.0,24.6(-1.99 %),30790,761970000,157340,3899507000.0,249740902,19.22
01/10/2012,-28800,-694556000.0,23.9(-2.85 %),12200,295380000,41000,989936000.0,250179487,19.2
02/10/2012,-82500,-1970700000.0,23.8(-0.42 %),300,7140000,82800,1977840000.0,250261987,19.2
03/10/2012,-20000,-480000000.0,24(0.84 %),0,0,20000,480000000.0,250281987,19.2
04/10/2012,-4090,-98150000.0,24.1(0.42 %),100,2410000,4190,100560000.0,250286077,19.2
05/10/2012,91660,2241604000.0,24.5(1.66 %),91760,2244054000,100,2450000.0,250194417,19.2
08/10/2012,738583,18100084000.0,24.9(1.63 %),738583,18100084000,0,0.0,249455834,19.24
09/10/2012,121050,3005992000.0,24.8(-0.40 %),171720,4262938000,50670,1256946000.0,249334784,19.24
10/10/2012,12750,311925000.0,24.7(-0.40 %),12750,311925000,0,0.0,249322034,19.24
11/10/2012,-64180,-1592869000.0,24.7(0.00 %),850,21025000,65030,1613894000.0,249386214,19.24
12/10/2012,-150720,-3683751000.0,24.4(-1.21 %),0,0,150720,3683751000.0,249536934,19.23
15/10/2012,32960,792669000.0,24(-1.64 %),35000,842445000,2040,49776000.0,249503974,19.23
16/10/2012,-312710,-7547004000.0,24.4(1.67 %),87750,2123104000,400460,9670108000.0,249816684,19.22
17/10/2012,-200760,-4821732000.0,24(-1.64 %),20000,482000000,220760,5303732000.0,250017444,19.21
18/10/2012,-168890,-4054933000.0,24.1(0.42 %),58660,1408440000,227550,5463373000.0,250186334,19.2
19/10/2012,44040,1057308000.0,23.9(-0.83 %),49080,1177820000,5040,120512000.0,250142294,19.21
22/10/2012,48660,1167706000.0,24.1(0.84 %),48660,1167706000,0,0.0,250093634,19.21
23/10/2012,114770,2780810000.0,24.1(0.00 %),118660,2875248000,3890,94438000.0,249978864,19.21
24/10/2012,28800,699052000.0,24.1(0.00 %),53800,1296552000,25000,597500000.0,249950064,19.21
25/10/2012,9130,220007000.0,23.9(-0.83 %),9130,220007000,0,0.0,249940934,19.21
26/10/2012,8550,206020000.0,23.9(0.00 %),8550,206020000,0,0.0,249932384,9.41
29/10/2012,-32940,-780672000.0,23.8(-0.42 %),60,1428000,33000,782100000.0,249870514,19.22
30/10/2012,-750,-16887000.0,23.6(-0.84 %),10370,245769000,11120,262656000.0,249871264,19.22
31/10/2012,-38500,-895150000.0,23.3(-1.27 %),29500,689250000,68000,1584400000.0,249909764,19.22
01/11/2012,10000,231500000.0,23.1(-0.86 %),10000,231500000,0,0.0,250141594,19.21
02/11/2012,23000,513100000.0,22(-4.76 %),23000,513100000,0,0.0,250118594,19.21
05/11/2012,-60120,-1312967000.0,21.4(-2.73 %),0,0,60120,1312967000.0,250178714,19.2
06/11/2012,-104360,-2205265000.0,21(-1.87 %),12450,263730000,116810,2468995000.0,250283074,19.2
07/11/2012,80190,1742184000.0,22(4.76 %),80190,1742184000,0,0.0,250202884,19.2
08/11/2012,514800,11819045000.0,23.1(5.00 %),519800,11933045000,5000,114000000.0,249688084,19.23
09/11/2012,174500,4065470000.0,23.5(1.73 %),227600,5297650000,53100,1232180000.0,249513584,19.23
12/11/2012,57070,1328682000.0,23.4(-0.43 %),217600,5075478000,160530,3746796000.0,249456514,19.24
13/11/2012,97790,2283886000.0,23(-1.71 %),109000,2547200000,11210,263314000.0,249358724,19.24
14/11/2012,187360,4415445000.0,23.6(2.61 %),253960,5971165000,66600,1555720000.0,249171364,19.25
15/11/2012,510410,12296831000.0,24.2(2.54 %),518000,12479009000,7590,182178000.0,248660954,19.27
16/11/2012,53050,1279073000.0,23.8(-1.65 %),53050,1279073000,0,0.0,248607904,19.27
19/11/2012,81490,1925241000.0,23.5(-1.26 %),107490,2539262000,26000,614021000.0,248526414,19.28
20/11/2012,-12360,-289924000.0,23.4(-0.43 %),3000,70500000,15360,360424000.0,248538774,19.28
21/11/2012,6300,147008000.0,23.4(0.00 %),15420,358416000,9120,211408000.0,248532474,19.28
22/11/2012,31650,748470000.0,23.3(-0.43 %),43000,1014800000,11350,266330000.0,248500824,19.28
23/11/2012,-11240,-259644000.0,23.1(-0.86 %),0,0,11240,259644000.0,248512064,19.28
26/11/2012,-4430,-101004000.0,22.8(-1.30 %),0,0,4430,101004000.0,248516494,19.28
27/11/2012,9120,211936000.0,22.8(0.00 %),20070,461596000,10950,249660000.0,248507374,19.28
28/11/2012,-5920,-133834000.0,22.9(0.44 %),2750,62975000,8670,196809000.0,248513294,19.28
29/11/2012,203230,4795782000.0,23.4(2.18 %),206000,4860600000,2770,64818000.0,248310064,19.29
30/11/2012,75650,1865199000.0,23.3(-0.43 %),281970,6764984000,206320,4899785000.0,248234414,19.29
03/12/2012,5850,136305000.0,23.3(0.00 %),123010,2866133000,117160,2729828000.0,248005764,19.3
04/12/2012,214250,5109138000.0,23.9(2.58 %),330000,7866983000,115750,2757845000.0,247791514,19.31
05/12/2012,369200,9125136000.0,24.8(3.77 %),371250,9175181000,2050,50045000.0,247422314,19.32
06/12/2012,195010,4892269000.0,25.2(1.61 %),195010,4892269000,0,0.0,247227304,19.33
07/12/2012,75864,1848131000.0,24.7(-1.98 %),237494,5873068000,161630,4024937000.0,247151440,19.34
10/12/2012,-7680,-189458000.0,24.7(0.00 %),30,744000,7710,190202000.0,247159120,19.33
11/12/2012,270700,6804472000.0,25.2(2.02 %),278110,6985699000,7410,181227000.0,246888420,19.35
12/12/2012,8290,262183000.0,25.4(0.79 %),163550,4148187000,155260,3886004000.0,246880130,19.35
13/12/2012,166360,4222899000.0,25.4(0.00 %),166360,4222899000,0,0.0,246713770,19.35
14/12/2012,39020,1007693000.0,25(-1.57 %),148350,3777912000,109330,2770219000.0,246841110,19.35
17/12/2012,456010,11884698000.0,26.2(4.80 %),503010,13076698000,47000,1192000000.0,246385100,19.37
18/12/2012,512660,13802702000.0,26.8(2.29 %),594050,15995932000,81390,2193230000.0,245872440,19.39
19/12/2012,124330,3313630000.0,26.6(-0.75 %),422580,11261543000,298250,7947913000.0,245748110,19.4
20/12/2012,247970,6539857000.0,26.4(-0.75 %),557010,14694403000,309040,8154546000.0,245500140,19.41
21/12/2012,594550,15454799000.0,26(-1.52 %),966330,25119870000,371780,9665071000.0,244905590,19.43
24/12/2012,-5690,-131092000.0,26.1(0.38 %),115670,3004531000,121360,3135623000.0,244911280,19.43
25/12/2012,327510,8680729000.0,26.6(1.92 %),432510,11473529000,105000,2792800000.0,244583770,19.45
26/12/2012,13720,375768000.0,26.7(0.38 %),66720,1767068000,53000,1391300000.0,244570050,19.45
27/12/2012,370680,10017795000.0,27.1(1.50 %),535390,14469271000,164710,4451476000.0,244199370,19.46
28/12/2012,274020,7450544000.0,27.2(0.37 %),364020,9886544000,90000,2436000000.0,243925350,19.47
02/01/2013,92070,2543441000.0,27.8(2.21 %),92070,2543441000,0,0.0,243694146,19.48
03/01/2013,308950,8745779000.0,28.5(2.52 %),413200,11675487000,104250,2929708000.0,243385196,19.5
04/01/2013,208450,6001879000.0,29.2(2.46 %),331950,9583783000,123500,3581904000.0,243176746,19.51
07/01/2013,680070,20398719000.0,30(2.74 %),1064670,31477219000,384600,11078500000.0,242496676,19.54
08/01/2013,499130,15437170000.0,31.5(5.00 %),881150,27183376000,382020,11746206000.0,241997546,19.56
09/01/2013,203350,6905147000.0,31.7(0.63 %),851100,26750956000,647750,19845809000.0,241794196,19.57
10/01/2013,363650,11671654000.0,32.5(2.52 %),596130,19044253000,232480,7372599000.0,241430546,19.58
11/01/2013,230090,7516208000.0,32.1(-1.23 %),443800,14443486000,213710,6927278000.0,241200456,19.59
14/01/2013,151750,4793042000.0,31.9(-0.62 %),317450,9988864000,165700,5195822000.0,241048706,19.6
15/01/2013,76830,2496072000.0,32(0.31 %),365640,11611049000,288810,9114977000.0,240971876,19.6
16/01/2013,181530,5852522000.0,32.1(0.31 %),312530,10062476000,131000,4209954000.0,240790346,19.61
17/01/2013,269450,8689767000.0,31.5(-1.87 %),276180,8905992000,6730,216225000.0,240520896,19.62
18/01/2013,213610,6788520000.0,31.6(0.32 %),238610,7578020000,25000,789500000.0,240307286,19.63
21/01/2013,-8280,-226584000.0,31.1(-1.58 %),101200,3147380000,109480,3373964000.0,240315566,19.63
22/01/2013,128560,3984368000.0,30.6(-1.61 %),128660,3987468000,100,3100000.0,240187006,19.64
23/01/2013,-152390,-4527907000.0,30.4(-0.65 %),269110,8076777000,421500,12604684000.0,240339396,19.63
24/01/2013,72450,2222604000.0,31(1.97 %),105100,3231925000,32650,1009321000.0,240266946,19.63
25/01/2013,314940,10133997000.0,32.5(4.84 %),318290,10242386000,3350,108389000.0,239952006,19.65
28/01/2013,113260,3719445000.0,32.8(0.92 %),171260,5604445000,58000,1885000000.0,239838746,19.65
29/01/2013,504860,16873960000.0,34(3.66 %),819490,27417598000,314630,10543638000.0,239333886,19.67
30/01/2013,443800,15136952000.0,34.3(0.88 %),619940,21158356000,176140,6021404000.0,238890086,19.69
31/01/2013,166520,5653354000.0,34(-0.87 %),350030,11869438000,183510,6216084000.0,238723566,19.7
01/02/2013,195700,6704094000.0,34.3(0.88 %),431400,14621336000,235700,7917242000.0,238220908,19.72
04/02/2013,-26480,-909821000.0,33.7(-1.75 %),165320,5646237000,191800,6556058000.0,238247388,19.72
05/02/2013,69040,2306266000.0,33.7(0.00 %),213360,7138917000,144320,4832651000.0,238178348,19.72
06/02/2013,53890,1866746000.0,34.5(2.37 %),782040,26722928000,728150,24856182000.0,238124458,19.72
07/02/2013,3950,133629000.0,34.5(0.00 %),724090,24985351000,720140,24851722000.0,238120508,19.72
08/02/2013,141200,4884298000.0,34.5(0.00 %),559560,19317563000,418360,14433265000.0,237979308,19.73
18/02/2013,93090,3200568000.0,34.3(-0.58 %),178230,6131324000,85140,2930756000.0,237886218,19.73
19/02/2013,-21880,-749556000.0,33.9(-1.17 %),365340,12411362000,387220,13160918000.0,237908098,19.73
20/02/2013,37520,1353891000.0,34.1(0.59 %),262370,8903354000,224850,7549463000.0,237870578,19.74
21/02/2013,64320,2133204000.0,32(-6.16 %),144300,4849121000,79980,2715917000.0,237806258,19.74
22/02/2013,121900,3908953000.0,32.7(2.19 %),205140,6590097000,83240,2681144000.0,237684358,19.74
25/02/2013,27030,899278000.0,33.5(2.45 %),104970,3491528000,77940,2592250000.0,237657328,19.74
26/02/2013,1320,168121000.0,30.9(-4.33 %),129620,4210685000,128300,4042564000.0,237656008,19.74
27/02/2013,-73470,-2273201000.0,30.9(0.00 %),106480,3289923000,179950,5563124000.0,237729478,19.74
28/02/2013,-870,-40098000.0,32.3(4.53 %),136980,4431534000,137850,4471632000.0,237730348,19.74
01/03/2013,97270,3149871000.0,32.4(0.31 %),212630,6879535000,115360,3729664000.0,237683755,19.74
04/03/2013,223500,7239178000.0,32.1(-0.93 %),228700,7409068000,5200,169890000.0,237460255,19.75
05/03/2013,98550,3166329000.0,31.6(-1.56 %),139920,4489692000,41370,1323363000.0,237361705,19.76
06/03/2013,94390,3003384000.0,32.2(1.90 %),137590,4389374000,43200,1385990000.0,237267315,19.76
07/03/2013,158310,5076605000.0,32.2(0.00 %),249430,8000989000,91120,2924384000.0,237109005,19.77
08/03/2013,66260,2135534000.0,32.3(0.31 %),231590,7468406000,165330,5332872000.0,237042745,19.77
11/03/2013,3500,112002000.0,32.2(-0.31 %),207000,6643050000,203500,6531048000.0,237039245,19.77
12/03/2013,63740,2048383000.0,32.3(0.31 %),144920,4659051000,81180,2610668000.0,236975505,19.77
13/03/2013,174100,5628985000.0,32.5(0.62 %),245480,7939698000,71380,2310713000.0,236801405,19.78
14/03/2013,152350,4928900000.0,32(-1.54 %),329450,10676397000,177100,5747497000.0,236649055,19.79
15/03/2013,398860,13123313000.0,32.9(2.81 %),609000,19946331000,210140,6823018000.0,236250195,19.81
18/03/2013,-460,-11975000.0,32.6(-0.91 %),68210,2211369000,68670,2223344000.0,236250655,19.81
19/03/2013,45120,1473895000.0,32.1(-1.53 %),104120,3380236000,59000,1906341000.0,236205535,19.81
20/03/2013,30480,983618000.0,32.3(0.62 %),105070,3394190000,74590,2410572000.0,236175055,19.81
21/03/2013,-39530,-1274650000.0,32.2(-0.31 %),126770,4087233000,166300,5361883000.0,236214585,19.81
22/03/2013,-27730,-882220000.0,31.8(-1.24 %),107120,3413263000,134850,4295483000.0,236242315,19.81
25/03/2013,39840,1281009000.0,32(0.63 %),299140,9587159000,259300,8306150000.0,236202475,19.81
26/03/2013,-39840,-1270043000.0,31.8(-0.62 %),104480,3331692000,144320,4601735000.0,236242315,19.81
27/03/2013,75880,2440999000.0,32.3(1.57 %),132820,4255759000,56940,1814760000.0,236166435,19.81
28/03/2013,60020,1933150000.0,32(-0.93 %),127480,4105302000,67460,2172152000.0,236106415,19.81
29/03/2013,80100,2569224000.0,32(0.00 %),104500,3342911000,24400,773687000.0,236026315,19.82
01/04/2013,80610,2576779000.0,32(0.00 %),112050,3576129000,31440,999350000.0,236326942,19.8
02/04/2013,-49850,-1594808000.0,32.2(0.62 %),446930,14327481000,496780,15922289000.0,236376792,19.8
03/04/2013,-13730,-434874000.0,32(-0.62 %),381710,12225516000,395440,12660390000.0,236390522,19.8
04/04/2013,1670,52958000.0,31.7(-0.94 %),126890,4026370000,125220,3973412000.0,236388852,19.8
05/04/2013,-211100,-6581597000.0,31.1(-1.89 %),136160,4270036000,347260,10851633000.0,236599952,19.79
08/04/2013,71460,2245491000.0,31.5(1.29 %),114160,3587058000,42700,1341567000.0,236528492,19.79
09/04/2013,-70630,-2203546000.0,31.2(-0.95 %),10000,312000000,80630,2515546000.0,236599122,19.79
10/04/2013,-435090,-12883914000.0,29.1(-6.73 %),600,18480000,435690,12902394000.0,237034212,19.77
11/04/2013,-351820,-10290975000.0,29.5(1.37 %),80430,2365356000,432250,12656331000.0,237386032,19.76
12/04/2013,-238600,-6871864000.0,28.7(-2.71 %),1610,47327000,240210,6919191000.0,237624632,19.75
15/04/2013,-244550,-6806823000.0,27.3(-4.88 %),5230,147958000,249780,6954781000.0,237869182,19.74
16/04/2013,-94970,-2497828000.0,28(2.56 %),396180,10829011000,491150,13326839000.0,237964152,19.73
17/04/2013,56140,1623374000.0,28.2(0.71 %),242880,6735546000,186740,5112172000.0,237908012,19.73
18/04/2013,-183290,-5048508000.0,27.3(-3.19 %),253690,6985792000,436980,12034300000.0,238091302,19.73
22/04/2013,-83710,-2248071000.0,26.7(-2.20 %),249090,6677648000,332800,8925719000.0,238175012,19.72
23/04/2013,-45850,-1232020000.0,27(1.12 %),203540,5502184000,249390,6734204000.0,238220862,19.72
24/04/2013,-158980,-4262733000.0,26.6(-1.48 %),92400,2487405000,251380,6750138000.0,238379842,19.71
25/04/2013,77720,2106272000.0,27.4(3.01 %),77720,2106272000,0,0.0,238302122,19.72
26/04/2013,129390,3579706000.0,27.4(0.00 %),157090,4349466000,27700,769760000.0,238172732,19.72
02/05/2013,6680,182678000.0,27.2(-0.73 %),11800,322700000,5120,140022000.0,238062101,19.73
03/05/2013,6550,177961000.0,27.2(0.00 %),67050,1815750000,60500,1637789000.0,238055551,19.73
06/05/2013,-21030,-578007000.0,28(2.94 %),114900,3189204000,135930,3767211000.0,238076581,19.73
07/05/2013,181140,5078763000.0,27.9(-0.36 %),208470,5844080000,27330,765317000.0,237895441,19.73
08/05/2013,55320,1552628000.0,28.1(0.72 %),90320,2536128000,35000,983500000.0,237840121,19.74
09/05/2013,-16570,-460935000.0,27.8(-1.07 %),50100,1395810000,66670,1856745000.0,237856691,19.74
10/05/2013,-92900,-2554083000.0,27.5(-1.08 %),7100,197220000,100000,2751303000.0,237949591,19.73
13/05/2013,5100,157730000.0,27.8(1.09 %),45100,1252230000,40000,1094500000.0,237944491,19.73
14/05/2013,-74480,-2036620000.0,27.2(-2.16 %),245020,6710352000,319500,8746972000.0,238018971,19.73
15/05/2013,189110,5245492000.0,27.9(2.57 %),289110,8020092000,100000,2774600000.0,237829861,19.74
16/05/2013,439800,12803894000.0,29.4(5.38 %),988270,28418143000,548470,15614249000.0,237390061,19.76
17/05/2013,-54630,-1576459000.0,28.6(-2.72 %),91520,2641526000,146150,4217985000.0,237444691,19.75
20/05/2013,173170,5071563000.0,29.4(2.80 %),294280,8627008000,121110,3555445000.0,237271521,19.76
21/05/2013,23560,690193000.0,29.5(0.34 %),169500,4998422000,145940,4308229000.0,237247961,19.76
22/05/2013,119950,3571718000.0,29.5(0.00 %),239950,7142718000,120000,3571000000.0,237128011,19.77
23/05/2013,-340100,-9857307000.0,28.6(-3.05 %),21000,614040000,361100,10471347000.0,237468111,19.75
24/05/2013,-311690,-8900012000.0,28.5(-0.35 %),408520,11704100000,720210,20604112000.0,237779801,19.74
27/05/2013,-8560,-230410000.0,29.5(3.51 %),343000,10097508000,351560,10327918000.0,237788361,19.74
28/05/2013,-96470,-2868025000.0,29.7(0.68 %),257620,7611290000,354090,10479315000.0,237884831,19.73
29/05/2013,257020,7614227000.0,29.6(-0.34 %),327020,9688227000,70000,2074000000.0,237627811,19.75
30/05/2013,58710,1737105000.0,30.7(3.72 %),229390,6898737000,170680,5161632000.0,237569101,19.75
31/05/2013,-48620,-1498035000.0,30.9(0.65 %),262100,8127003000,310720,9625038000.0,237617721,19.75
03/06/2013,16760,511326000.0,31(0.32 %),131760,4075826000,115000,3564500000.0,237271180,19.76
04/06/2013,-12060,-333754000.0,30.2(-2.58 %),188610,5763964000,200670,6097718000.0,237283240,19.76
05/06/2013,52780,1591012000.0,30.6(1.32 %),154780,4706950000,102000,3115938000.0,237230460,19.76
06/06/2013,-90000,-2800385000.0,31.3(2.29 %),35000,1091000000,125000,3891385000.0,237320460,19.76
07/06/2013,-70220,-2250518000.0,32(2.24 %),91200,2906701000,161420,5157219000.0,237390680,19.76
10/06/2013,-99330,-3152586000.0,31.7(-0.94 %),213100,6815360000,312430,9967946000.0,237490010,19.75
11/06/2013,168450,5323188000.0,31.3(-1.26 %),289870,9155564000,121420,3832376000.0,237321560,19.76
12/06/2013,-483210,-14808489000.0,30.5(-2.56 %),23990,732175000,507200,15540664000.0,237804770,19.74
13/06/2013,-29570,-905588000.0,30.9(1.31 %),29380,893243000,58950,1798831000.0,237834340,19.74
14/06/2013,-336720,-10329342000.0,30.6(-0.97 %),20000,612000000,356720,10941342000.0,238171060,19.72
17/06/2013,-90600,-2790369000.0,30.6(0.00 %),93280,2880536000,183880,5670905000.0,238261660,19.72
18/06/2013,81020,2496889000.0,31(1.31 %),215040,6650921000,134020,4154032000.0,238180640,19.72
19/06/2013,64510,1999557000.0,31(0.00 %),199710,6180657000,135200,4181100000.0,238116130,19.72
20/06/2013,254440,7829272000.0,30.9(-0.32 %),494800,15237320000,240360,7408048000.0,237861690,19.74
21/06/2013,839520,25860634000.0,30.8(-0.32 %),1303280,40135745000,463760,14275111000.0,237022170,19.77
24/06/2013,-417320,-12412168000.0,29.5(-4.22 %),278000,8294554000,695320,20706722000.0,237439490,19.75
25/06/2013,-468200,-13011013000.0,27.7(-6.10 %),92740,2600238000,560940,15611251000.0,237907690,19.73
26/06/2013,-671760,-18267829000.0,27(-2.53 %),392600,10617000000,1064360,28884829000.0,238579450,19.7
27/06/2013,-201150,-5522299000.0,27.6(2.22 %),51330,1398210000,252480,6920509000.0,238780600,19.7
28/06/2013,63000,1762400000.0,28(1.45 %),103000,2882400000,40000,1120000000.0,238717600,19.7
01/07/2013,-88940,-2444987000.0,27.4(-2.14 %),17760,491504000,106700,2936491000.0,238117041,19.72
02/07/2013,-4220,-116778000.0,27.8(1.46 %),46000,1272410000,50220,1389188000.0,238121261,19.72
03/07/2013,-128720,-3526666000.0,27.4(-1.44 %),2360,65526000,131080,3592192000.0,238249981,19.72
04/07/2013,-96080,-2634103000.0,27.4(0.00 %),40000,1097500000,136080,3731603000.0,238346061,19.72
05/07/2013,-2570,-71666000.0,27.5(0.36 %),21340,586850000,23910,658516000.0,238348631,19.71
08/07/2013,36020,991736000.0,27.6(0.36 %),36520,1005536000,500,13800000.0,238312611,19.72
09/07/2013,53970,1489030000.0,27.6(0.00 %),53970,1489030000,0,0.0,238258641,19.72
10/07/2013,-126390,-3457970000.0,27.3(-1.09 %),187900,5161370000,314290,8619340000.0,238385031,19.71
11/07/2013,-7690,-208671000.0,27.5(0.73 %),49680,1354728000,57370,1563399000.0,238392721,19.71
12/07/2013,2000,55200000.0,27.8(1.09 %),2000,55200000,0,0.0,238390721,19.71
15/07/2013,-66950,-1864089000.0,27.8(0.00 %),96850,2694930000,163800,4559019000.0,238457671,19.71
16/07/2013,9700,269697000.0,27.7(-0.36 %),45930,1271645000,36230,1001948000.0,238447971,19.71
17/07/2013,-119040,-3288008000.0,27.7(0.00 %),55000,1519000000,174040,4807008000.0,238567011,19.71
18/07/2013,-22370,-615601000.0,27.6(-0.36 %),77630,2142399000,100000,2758000000.0,238589381,19.7
19/07/2013,-70580,-1975134000.0,28(1.45 %),30540,857226000,101120,2832360000.0,238659961,19.7
22/07/2013,-400,-11080000.0,27.9(-0.36 %),200,5600000,600,16680000.0,238660361,19.7
23/07/2013,180550,5089962000.0,28.3(1.43 %),255870,7220731000,75320,2130769000.0,238479811,19.71
24/07/2013,-145540,-4042214000.0,27.6(-2.47 %),137290,3825738000,282830,7867952000.0,238625351,19.7
25/07/2013,48930,1359842000.0,27.5(-0.36 %),100000,2774000000,51070,1414158000.0,238576421,19.71
26/07/2013,-67890,-1852726000.0,27.5(0.00 %),60000,1642000000,127890,3494726000.0,238644311,19.7
29/07/2013,40140,1101232000.0,27(-1.82 %),40140,1101232000,0,0.0,238604171,19.7
30/07/2013,21280,579228000.0,27.2(0.74 %),30000,816000000,8720,236772000.0,238582891,19.7
31/07/2013,-114500,-3089219000.0,26.8(-1.47 %),0,0,114500,3089219000.0,238697391,19.7
01/08/2013,-258960,-6946240000.0,26.7(-0.37 %),21040,561768000,280000,7508008000.0,239856673,19.65
02/08/2013,39190,1058048000.0,27(1.12 %),57190,1543648000,18000,485600000.0,239817483,19.65
05/08/2013,16120,435990000.0,27.1(0.37 %),42120,1138240000,26000,702250000.0,239801363,19.65
06/08/2013,-13030,-344238000.0,27.4(1.11 %),248790,6742066000,261820,7086304000.0,239814393,19.65
07/08/2013,-56780,-1548972000.0,27.1(-1.09 %),2220,60828000,59000,1609800000.0,239871173,19.65
08/08/2013,-25420,-687217000.0,26.9(-0.74 %),1000,27000000,26420,714217000.0,239896593,19.65
09/08/2013,-23510,-634463000.0,26.9(0.00 %),26000,699500000,49510,1333963000.0,239920103,19.65
12/08/2013,8340,227628000.0,26.8(-0.37 %),125280,3364504000,116940,3136876000.0,239911763,19.65
13/08/2013,-179580,-4823938000.0,26.6(-0.75 %),100000,2671000000,279580,7494938000.0,240091343,19.64
14/08/2013,-140360,-3745339000.0,26.7(0.38 %),42850,1140830000,183210,4886169000.0,240231703,19.63
15/08/2013,-33640,-913572000.0,27(1.12 %),48660,1308688000,82300,2222260000.0,240265343,19.63
16/08/2013,980,23899000.0,27(0.00 %),84210,2280712000,83230,2256813000.0,240264363,19.63
19/08/2013,-224170,-6049978000.0,26.9(-0.37 %),240850,6503935000,465020,12553913000.0,240488533,19.62
20/08/2013,-256560,-6871713000.0,26.7(-0.74 %),110070,2942774000,366630,9814487000.0,240745093,19.61
21/08/2013,-230,-5679000.0,26.8(0.37 %),88780,2371602000,89010,2377281000.0,240745323,19.61
22/08/2013,-303690,-8019341000.0,26.1(-2.61 %),140600,3712460000,444290,11731801000.0,241049013,19.6
23/08/2013,-701590,-17944103000.0,25.2(-3.45 %),94440,2424696000,796030,20368799000.0,241750603,19.57
26/08/2013,-628060,-15630897000.0,25.2(0.00 %),95050,2367781000,723110,17998678000.0,242378663,19.54
27/08/2013,-85930,-2156808000.0,25.1(-0.40 %),27000,675500000,112930,2832308000.0,242464593,19.54
28/08/2013,-404880,-10006433000.0,24.6(-1.99 %),173400,4274800000,578280,14281233000.0,242869473,19.52
29/08/2013,-1021310,-24557646000.0,23.3(-5.28 %),69520,1700416000,1090830,26258062000.0,243890783,19.48
30/08/2013,-308860,-7238314000.0,24.7(6.01 %),422020,10150361000,730880,17388675000.0,244199643,19.46
03/09/2013,-213550,-5185158000.0,23.7(-4.05 %),450,11025000,214000,5196183000.0,242202426,19.55
04/09/2013,-177810,-4214183000.0,23.6(-0.42 %),78890,1863306000,256700,6077489000.0,242380236,19.54
05/09/2013,-68940,-1647443000.0,24.1(2.12 %),20060,474416000,89000,2121859000.0,242449176,19.54
06/09/2013,-133190,-3218670000.0,24.5(1.66 %),186700,4546918000,319890,7765588000.0,242582366,19.53
09/09/2013,-279250,-6696560000.0,23.7(-3.27 %),168450,4029482000,447700,10726042000.0,242861616,19.52
10/09/2013,-190330,-4551168000.0,23.9(0.84 %),60100,1436390000,250430,5987558000.0,243051946,19.51
11/09/2013,-910,-17413000.0,24.3(1.67 %),132080,3209244000,132990,3226657000.0,243052856,19.51
12/09/2013,20400,493870000.0,24.3(0.00 %),119440,2907392000,99040,2413522000.0,243032456,19.51
13/09/2013,75800,1858723000.0,24.5(0.82 %),143800,3522000000,68000,1663277000.0,242956656,19.52
16/09/2013,209200,5261763000.0,25.2(2.86 %),209200,5261763000,0,0.0,242747456,19.53
17/09/2013,507710,13049491000.0,25.8(2.38 %),729510,18770551000,221800,5721060000.0,242239746,19.55
18/09/2013,240790,6130022000.0,25.2(-2.33 %),483760,12320306000,242970,6190284000.0,241998956,19.56
19/09/2013,260530,6621634000.0,25.2(0.00 %),260530,6621634000,0,0.0,241738426,19.57
20/09/2013,1436630,36588092000.0,25.5(1.19 %),1540630,39240092000,104000,2652000000.0,240301796,19.63
23/09/2013,53050,1330697000.0,25.3(-0.78 %),53050,1330697000,0,0.0,240248746,19.63
24/09/2013,85820,2185893000.0,25.5(0.79 %),85910,2188170000,90,2277000.0,240162926,19.64
25/09/2013,52120,1336479000.0,25.6(0.39 %),156120,4007033000,104000,2670554000.0,240110806,19.64
26/09/2013,158410,4047317000.0,25.6(0.00 %),158680,4054234000,270,6917000.0,239952396,19.65
27/09/2013,153260,3941842000.0,25.8(0.78 %),253260,6514742000,100000,2572900000.0,239799136,19.65
30/09/2013,541610,14370487000.0,26.9(4.26 %),544860,14457912000,3250,87425000.0,239257526,19.68
01/10/2013,604030,16665394000.0,27.7(2.97 %),724160,19981421000,120130,3316027000.0,241093836,19.6
02/10/2013,276930,7735618000.0,27.9(0.72 %),285930,7987018000,9000,251400000.0,240816906,19.61
03/10/2013,167620,4623287000.0,27.7(-0.72 %),230710,6362958000,63090,1739671000.0,240649286,19.62
04/10/2013,216450,6039836000.0,28.1(1.44 %),221450,6180336000,5000,140500000.0,240432836,19.62
07/10/2013,143730,4072419000.0,28.4(1.07 %),170990,4846197000,27260,773778000.0,240289106,19.63
08/10/2013,466710,13332797000.0,29(2.11 %),588250,16810788000,121540,3477991000.0,239822396,19.65
09/10/2013,105280,3015126000.0,28.6(-1.38 %),116400,3334270000,11120,319144000.0,239717116,19.66
10/10/2013,178790,5101184000.0,28.4(-0.70 %),230450,6575960000,51660,1474776000.0,239538326,19.66
11/10/2013,231960,6667264000.0,28.8(1.41 %),253100,7276596000,21140,609332000.0,239306366,19.67
14/10/2013,251100,7244525000.0,28.8(0.00 %),260500,7516245000,9400,271720000.0,239055266,19.68
15/10/2013,150500,4342299000.0,28.9(0.35 %),201000,5799600000,50500,1457301000.0,238904766,19.69
16/10/2013,370360,10897671000.0,29.8(3.11 %),415360,12235171000,45000,1337500000.0,238534406,19.71
17/10/2013,22980,674556000.0,29.5(-1.01 %),96980,2863080000,74000,2188524000.0,238511426,19.71
18/10/2013,98080,2898512000.0,29.7(0.68 %),138080,4080358000,40000,1181846000.0,238413346,19.71
21/10/2013,74750,2214435000.0,29.6(-0.34 %),178620,5292418000,103870,3077983000.0,238338596,19.72
22/10/2013,107270,3160854000.0,29.4(-0.68 %),196180,5781260000,88910,2620406000.0,238231326,19.72
23/10/2013,542940,16237691000.0,30.1(2.38 %),670750,20067667000,127810,3829976000.0,237688386,19.74
24/10/2013,149210,4467400000.0,29.9(-0.66 %),250920,7518097000,101710,3050697000.0,237539176,19.75
25/10/2013,288350,8634288000.0,30(0.33 %),303520,9089276000,15170,454988000.0,237250826,19.76
28/10/2013,79930,2361847000.0,29.5(-1.67 %),79930,2361847000,0,0.0,237170896,19.77
29/10/2013,120990,3550563000.0,29.6(0.34 %),151000,4435858000,30010,885295000.0,237049906,19.77
30/10/2013,25570,759386000.0,29.4(-0.68 %),56570,1674367000,31000,914981000.0,237024336,19.77
31/10/2013,117040,3463183000.0,29.5(0.34 %),269740,7978155000,152700,4514972000.0,236907296,19.78
01/11/2013,25000,735800000.0,29.4(-0.34 %),25000,735800000,0,0.0,236842236,19.78
04/11/2013,-95570,-2782353000.0,28.9(-1.70 %),191840,5594092000,287410,8376445000.0,236937806,19.78
05/11/2013,110890,3233913000.0,29.4(1.73 %),311890,9101713000,201000,5867800000.0,236826916,19.78
06/11/2013,132010,3908740000.0,29.7(1.02 %),132010,3908740000,0,0.0,236694906,19.79
07/11/2013,294050,8746656000.0,29.8(0.34 %),387840,11532564000,93790,2785908000.0,236400856,19.8
08/11/2013,157610,4696993000.0,29.8(0.00 %),171640,5114837000,14030,417844000.0,236243246,19.81
11/11/2013,229640,6869012000.0,30(0.67 %),294640,8817512000,65000,1948500000.0,236013606,19.82
12/11/2013,2030,61541000.0,29.7(-1.00 %),172970,5145832000,170940,5084291000.0,236011576,19.82
13/11/2013,-29140,-857930000.0,29.5(-0.67 %),157280,4650160000,186420,5508090000.0,236040716,19.81
14/11/2013,16160,478192000.0,29.6(0.34 %),77160,2283792000,61000,1805600000.0,236024556,19.82
15/11/2013,42870,1269702000.0,29.7(0.34 %),72870,2160702000,30000,891000000.0,235981686,19.82
18/11/2013,85210,2541534000.0,29.8(0.34 %),116180,3467537000,30970,926003000.0,235896476,19.82
19/11/2013,-16190,-447412000.0,29.1(-2.35 %),185030,5417462000,201220,5864874000.0,235912666,19.82
20/11/2013,107470,3147307000.0,29.3(0.69 %),434800,12691551000,327330,9544244000.0,235805196,19.82
21/11/2013,-148810,-4330712000.0,28.9(-1.37 %),223490,6488637000,372300,10819349000.0,235954006,19.82
22/11/2013,142860,4133292000.0,28.9(0.00 %),147880,4278370000,5020,145078000.0,235811146,19.82
25/11/2013,33770,974085000.0,28.9(0.00 %),121420,3514535000,87650,2540450000.0,235777376,19.83
26/11/2013,-29730,-842266000.0,28.6(-1.04 %),90670,2606990000,120400,3449256000.0,235807106,19.82
27/11/2013,21270,617986000.0,28.3(-1.05 %),147820,4206574000,126550,3588588000.0,235785836,19.83
28/11/2013,2020,59436000.0,28.3(0.00 %),230390,6489618000,228370,6430182000.0,235783816,19.83
29/11/2013,33220,942150000.0,28.5(0.71 %),176650,5014905000,143430,4072755000.0,235750596,19.83
02/12/2013,13220,375256000.0,28.4(-0.35 %),37220,1056856000,24000,681600000.0,235608736,19.83
03/12/2013,-44860,-1271089000.0,28.4(0.00 %),181140,5145611000,226000,6416700000.0,235653596,19.83
04/12/2013,-55610,-1565760000.0,28.1(-1.06 %),63300,1783900000,118910,3349660000.0,235709206,19.83
05/12/2013,-102590,-2830869000.0,27.5(-2.14 %),12860,358506000,115450,3189375000.0,235811796,19.82
06/12/2013,-22150,-618336000.0,27.9(1.45 %),2340,65186000,24490,683522000.0,235833946,19.82
09/12/2013,91000,2539169000.0,28(0.36 %),126000,3515669000,35000,976500000.0,235742946,19.83
10/12/2013,22620,628836000.0,27.8(-0.71 %),52600,1462280000,29980,833444000.0,235720326,19.83
11/12/2013,-97590,-2673975000.0,27.3(-1.80 %),15700,432790000,113290,3106765000.0,235817916,19.82
12/12/2013,-205580,-5566979000.0,27(-1.10 %),61790,1675065000,267370,7242044000.0,236023496,19.82
13/12/2013,-279860,-7496659000.0,26.7(-1.11 %),12800,343800000,292660,7840459000.0,236303356,19.8
16/12/2013,-288880,-7667506000.0,26.5(-0.75 %),69820,1857496000,358700,9525002000.0,236592236,19.79
17/12/2013,-250990,-6705245000.0,26.8(1.13 %),0,0,250990,6705245000.0,236843226,19.78
18/12/2013,-628760,-16905054000.0,26.9(0.37 %),70000,1877000000,698760,18782054000.0,237471986,19.75
19/12/2013,-964680,-26122151000.0,27.2(1.12 %),93900,2553710000,1058580,28675861000.0,238436666,19.71
20/12/2013,-1943030,-52151388000.0,26.8(-1.47 %),341040,9140314000,2284070,61291702000.0,240379696,19.63
23/12/2013,80410,2183910000.0,27.1(1.12 %),214280,5785370000,133870,3601460000.0,240299286,19.63
24/12/2013,531380,14261600000.0,26.9(-0.74 %),590650,15852585000,59270,1590985000.0,239767906,19.65
25/12/2013,282750,7554746000.0,26.8(-0.37 %),282750,7554746000,0,0.0,239485156,19.67
26/12/2013,450000,12107000000.0,27(0.75 %),450000,12107000000,0,0.0,239035156,19.69
27/12/2013,421760,11363150000.0,26.8(-0.74 %),421760,11363150000,0,0.0,238613396,19.7
30/12/2013,462570,12348098000.0,26.4(-1.49 %),498000,13291622000,35430,943524000.0,238150826,19.72
31/12/2013,211300,5641580000.0,26.8(1.52 %),211300,5641580000,0,0.0,237939526,19.73
02/01/2014,85910,2293549000.0,26.7(-0.37 %),86310,2304269000,400,10720000.0,238160144,19.72
03/01/2014,39650,1072507000.0,27.2(1.87 %),43970,1190011000,4320,117504000.0,238120494,19.72
06/01/2014,-99430,-2701408000.0,27.1(-0.37 %),7570,205147000,107000,2906555000.0,238219924,19.72
07/01/2014,211240,5864650000.0,27.7(2.21 %),693380,19189487000,482140,13324837000.0,238008684,19.73
08/01/2014,451900,12576679000.0,28.1(1.44 %),677610,18866349000,225710,6289670000.0,237556784,19.75
09/01/2014,258520,7283418000.0,28.3(0.71 %),332120,9358791000,73600,2075373000.0,237298264,19.76
10/01/2014,454350,12690346000.0,27.8(-1.77 %),454400,12691761000,50,1415000.0,236843914,19.78
13/01/2014,537510,14724856000.0,27.5(-1.08 %),663160,18168111000,125650,3443255000.0,236306404,19.8
14/01/2014,520016,14366250000.0,27.7(0.73 %),630020,17410901000,110004,3044651000.0,235786388,19.83
15/01/2014,338250,9383410000.0,27.7(0.00 %),685200,19015399000,346950,9631989000.0,235448138,19.84
16/01/2014,545220,15086394000.0,27.7(0.00 %),1148720,31775806000,603500,16689412000.0,234902918,19.86
17/01/2014,417750,11803666000.0,28.4(2.53 %),1120750,31710047000,703000,19906381000.0,234485168,19.88
20/01/2014,1004990,29564282000.0,29.2(2.82 %),1717150,50489786000,712160,20925504000.0,233480178,19.92
21/01/2014,972970,28542443000.0,29.6(1.37 %),2157880,63104069000,1184910,34561626000.0,232507208,19.97
22/01/2014,1044410,30712402000.0,29.2(-1.35 %),1269740,37328635000,225330,6616233000.0,231462798,20.01
23/01/2014,756390,22131111000.0,29.3(0.34 %),761390,22277111000,5000,146000000.0,230706408,20.04
24/01/2014,535380,15579297000.0,28.9(-1.37 %),742960,21594158000,207580,6014861000.0,230171028,20.07
27/01/2014,106070,3051072000.0,28.5(-1.38 %),437380,12543239000,331310,9492167000.0,230064958,20.07
06/02/2014,-557120,-15626370000.0,27.9(-2.11 %),318290,8971036000,875410,24597406000.0,229238609,20.11
07/02/2014,-220790,-6155657000.0,27.8(-0.36 %),269550,7511638000,490340,13667295000.0,229459399,20.1
10/02/2014,29320,821670000.0,28.3(1.80 %),116060,3252328000,86740,2430658000.0,229430079,20.1
11/02/2014,306140,8714479000.0,28.3(0.00 %),306540,8725839000,400,11360000.0,229123939,20.11
12/02/2014,531620,15289161000.0,29(2.47 %),684290,19711989000,152670,4422828000.0,228592319,20.14
13/02/2014,208300,6059384000.0,28.9(-0.34 %),231770,6742261000,23470,682877000.0,228384019,20.14
14/02/2014,312230,9057781000.0,29(0.35 %),339840,9858644000,27610,800863000.0,228071789,20.16
17/02/2014,317920,9202468000.0,28.8(-0.69 %),416920,12063483000,99000,2861015000.0,227753869,20.17
18/02/2014,471430,13601359000.0,29(0.69 %),474340,13684876000,2910,83517000.0,227282439,20.19
19/02/2014,337200,9796765000.0,29.1(0.34 %),341820,9930795000,4620,134030000.0,226945239,20.21
20/02/2014,161360,4678525000.0,29.1(0.00 %),356090,10341465000,194730,5662940000.0,226783879,20.21
21/02/2014,294790,8549170000.0,29(-0.34 %),366290,10622420000,71500,2073250000.0,226489089,20.23
24/02/2014,297000,8625800000.0,29.1(0.34 %),300440,8725904000,3440,100104000.0,226192089,20.24
25/02/2014,424190,12386587000.0,29.4(1.03 %),438820,12814782000,14630,428195000.0,225767899,20.26
26/02/2014,585650,17677605000.0,30.3(3.06 %),625950,18896135000,40300,1218530000.0,225182249,20.28
27/02/2014,221810,6800036000.0,30.5(0.66 %),302800,9282413000,80990,2482377000.0,224960439,20.29
28/02/2014,-82660,-2528202000.0,30.6(0.33 %),407420,12388688000,490080,14916890000.0,225043099,20.29
03/03/2014,-379070,-11532694000.0,29.8(-2.61 %),218170,6572020000,597240,18104714000.0,225632866,20.26
04/03/2014,-41850,-1247064000.0,29.8(0.00 %),323060,9607669000,364910,10854733000.0,225674716,20.26
05/03/2014,-146060,-4385678000.0,30(0.67 %),177710,5329419000,323770,9715097000.0,225820776,20.26
06/03/2014,-21260,-633156000.0,30(0.00 %),209650,6300217000,230910,6933373000.0,225842036,20.25
07/03/2014,47780,1423775000.0,29.9(-0.33 %),264410,7920375000,216630,6496600000.0,225794256,20.26
10/03/2014,-151980,-4654515000.0,30.8(3.01 %),159670,4848655000,311650,9503170000.0,225946236,20.25
11/03/2014,-61650,-1919516000.0,31.1(0.97 %),179300,5575271000,240950,7494787000.0,226007886,20.25
12/03/2014,133950,4198582000.0,30.6(-1.61 %),366030,11363530000,232080,7164948000.0,225873936,20.25
13/03/2014,-119910,-3687422000.0,31.2(1.96 %),114280,3527761000,234190,7215183000.0,225993846,20.25
14/03/2014,114190,3571372000.0,31.3(0.32 %),116280,3636792000,2090,65420000.0,225879656,20.25
17/03/2014,63400,1943258000.0,30.8(-1.60 %),217370,6679133000,153970,4735875000.0,225816256,20.26
18/03/2014,46280,1411395000.0,30.5(-0.97 %),264090,8018736000,217810,6607341000.0,225769976,20.26
19/03/2014,-215050,-6626217000.0,30.9(1.31 %),50,1525000,215100,6627742000.0,225985026,20.25
20/03/2014,-83880,-2587317000.0,30.7(-0.65 %),154400,4752208000,238280,7339525000.0,226068906,20.24
21/03/2014,-1907070,-59365638000.0,31.1(1.30 %),611320,19004891000,2518390,78370529000.0,227975976,20.16
24/03/2014,-310630,-9866040000.0,31.8(2.25 %),14300,454740000,324930,10320780000.0,228286606,20.15
25/03/2014,-1720,-33065000.0,31.7(-0.31 %),339710,10808964000,341430,10842029000.0,228288326,20.15
26/03/2014,-104870,-3247371000.0,30.4(-4.10 %),438510,13547910000,543380,16795281000.0,228393196,20.14
27/03/2014,-176150,-5338215000.0,30.4(0.00 %),221020,6724518000,397170,12062733000.0,228569346,20.14
28/03/2014,14970,441096000.0,30.8(1.32 %),149090,4554356000,134120,4113260000.0,228554376,20.14
31/03/2014,78900,2450218000.0,30.8(0.00 %),224020,6946269000,145120,4496051000.0,228475476,20.14
01/04/2014,37230,1144077000.0,31.1(0.97 %),159720,4931308000,122490,3787231000.0,228847965,20.12
02/04/2014,103980,3226558000.0,31.2(0.32 %),219980,6810576000,116000,3584018000.0,228743985,20.13
03/04/2014,212210,6642217000.0,31.3(0.32 %),293000,9170219000,80790,2528002000.0,228531775,20.14
04/04/2014,112630,3530178000.0,31.3(0.00 %),148510,4655149000,35880,1124971000.0,228419145,20.14
07/04/2014,81440,2561339000.0,31.4(0.32 %),110460,3469406000,29020,908067000.0,228337705,20.15
08/04/2014,-130040,-4090273000.0,31.5(0.32 %),130120,4085288000,260160,8175561000.0,228467745,20.14
10/04/2014,-38810,-1202754000.0,31.2(-0.95 %),271720,8543473000,310530,9746227000.0,228506555,20.14
11/04/2014,173650,5375551000.0,31(-0.64 %),288650,8938938000,115000,3563387000.0,228332905,20.15
14/04/2014,280970,8641914000.0,30.7(-0.97 %),301140,9263166000,20170,621252000.0,228051935,20.16
15/04/2014,356980,10797776000.0,30(-2.28 %),458100,13855176000,101120,3057400000.0,227694955,20.17
16/04/2014,377170,11096913000.0,29.4(-2.00 %),724400,21294730000,347230,10197817000.0,227317785,20.19
17/04/2014,337130,9934472000.0,29.4(0.00 %),586220,17263636000,249090,7329164000.0,226980655,20.21
18/04/2014,499230,14519654000.0,28.9(-1.70 %),510000,14833000000,10770,313346000.0,226481425,20.23
21/04/2014,363410,10463919000.0,28.5(-1.38 %),444630,12810457000,81220,2346538000.0,226118015,20.24
22/04/2014,211230,6073657000.0,29(1.75 %),317100,9122552000,105870,3048895000.0,225906785,20.25
23/04/2014,426280,12433730000.0,29(0.00 %),482250,14068414000,55970,1634684000.0,225480505,20.27
24/04/2014,225590,6524533000.0,29(0.00 %),375590,10859525000,150000,4334992000.0,225254915,20.28
25/04/2014,343530,9934100000.0,29(0.00 %),508250,14710980000,164720,4776880000.0,224911385,20.29
28/04/2014,281600,8012018000.0,28.5(-1.72 %),544430,15508355000,262830,7496337000.0,224629785,20.31
29/04/2014,134110,3839592000.0,28.8(1.05 %),134110,3839592000,0,0.0,224495675,20.31
05/05/2014,-44530,-1229830000.0,27.1(-5.90 %),170000,4705500000,214530,5935330000.0,224697025,20.3
06/05/2014,43700,1156439000.0,26.5(-2.21 %),95300,2519539000,51600,1363100000.0,224653325,20.31
07/05/2014,1190,36585000.0,26.7(0.75 %),86700,2307330000,85510,2270745000.0,224652135,20.31
08/05/2014,-25350,-617811000.0,24.9(-6.74 %),356100,8903890000,381450,9521701000.0,224677485,20.3
09/05/2014,-442810,-10929151000.0,25.4(2.01 %),121000,2996579000,563810,13925730000.0,225120295,20.29
12/05/2014,21800,489229000.0,23.8(-6.30 %),331210,7905168000,309410,7415939000.0,225098495,20.29
13/05/2014,457760,11019491000.0,24.3(2.10 %),459210,11054001000,1450,34510000.0,224640735,20.31
14/05/2014,917070,23631413000.0,26(7.00 %),957270,24632453000,40200,1001040000.0,223723665,20.35
15/05/2014,796440,20599657000.0,25.9(-0.38 %),941400,24367869000,144960,3768212000.0,222927225,20.38
16/05/2014,457710,12157566000.0,27(4.25 %),467710,12416566000,10000,259000000.0,222469515,20.4
19/05/2014,454710,12277875000.0,27.4(1.48 %),484720,13097878000,30010,820003000.0,222014805,20.42
20/05/2014,128360,3482180000.0,27.3(-0.36 %),160410,4351176000,32050,868996000.0,221886445,20.43
21/05/2014,69330,1892754000.0,27.2(-0.37 %),108670,2963969000,39340,1071215000.0,221817115,20.43
22/05/2014,303330,8234831000.0,27(-0.74 %),399000,10829845000,95670,2595014000.0,221513785,20.44
23/05/2014,-339710,-9014189000.0,26.3(-2.59 %),86120,2293840000,425830,11308029000.0,221853495,20.43
26/05/2014,128360,3469575000.0,27.3(3.80 %),158360,4271075000,30000,801500000.0,221725135,20.43
27/05/2014,219040,6127891000.0,28.5(4.40 %),256630,7173281000,37590,1045390000.0,221506095,20.44
28/05/2014,237640,6853301000.0,28.9(1.40 %),467640,13500301000,230000,6647000000.0,221268455,20.45
29/05/2014,193850,5593506000.0,28.6(-1.04 %),193850,5593506000,0,0.0,221074605,20.46
30/05/2014,344340,9958322000.0,29(1.40 %),424340,12270002000,80000,2311680000.0,220730265,20.48
02/06/2014,251900,7280512000.0,29(0.00 %),253470,7325571000,1570,45059000.0,220888881,20.47
03/06/2014,160380,4646221000.0,28.9(-0.34 %),213840,6191215000,53460,1544994000.0,220728501,20.48
04/06/2014,910,26026000.0,28.5(-1.38 %),1910,54626000,1000,28600000.0,220727591,20.48
05/06/2014,-82530,-2308840000.0,27.9(-2.11 %),11350,318165000,93880,2627005000.0,220810121,20.47
06/06/2014,-120890,-3460231000.0,28.8(3.23 %),0,0,120890,3460231000.0,220931011,20.47
09/06/2014,-48460,-1390794000.0,28.8(0.00 %),76540,2217484000,125000,3608278000.0,220979471,20.46
10/06/2014,-29200,-842016000.0,28.6(-0.69 %),144800,4172790000,174000,5014806000.0,221008671,20.46
11/06/2014,11180,318051000.0,29.1(1.75 %),104720,3032465000,93540,2714414000.0,220997491,20.46
12/06/2014,-5790,-167044000.0,29.8(2.41 %),72860,2190758000,78650,2357802000.0,221003281,20.46
13/06/2014,11070,337407000.0,30.1(1.01 %),54470,1639977000,43400,1302570000.0,220992211,20.46
16/06/2014,91790,2728126000.0,29.9(-0.66 %),114990,3417566000,23200,689440000.0,220900421,20.47
17/06/2014,9540,283949000.0,30(0.33 %),44140,1318565000,34600,1034616000.0,220890881,20.47
18/06/2014,-436440,-11400288000.0,26(4.00 %),31780,828820000,468220,12229108000.0,221327321,20.45
19/06/2014,-212750,-5459065000.0,25.6(-1.54 %),900,23120000,213650,5482185000.0,221540071,20.44
20/06/2014,-730990,-18366276000.0,24.9(-2.73 %),726700,18210690000,1457690,36576966000.0,222271061,20.41
23/06/2014,678760,17669242000.0,26.2(5.22 %),910010,23641274000,231250,5972032000.0,221592301,20.44
24/06/2014,294030,7691486000.0,26(-0.76 %),588960,15395256000,294930,7703770000.0,221298271,20.45
25/06/2014,420630,11015916000.0,26.3(1.15 %),625980,16403621000,205350,5387705000.0,220877641,20.47
26/06/2014,588440,15565822000.0,26.4(0.38 %),656470,17364599000,68030,1798777000.0,220289201,20.49
27/06/2014,140940,3716672000.0,26.3(-0.38 %),240940,6350672000,100000,2634000000.0,220148261,20.5
30/06/2014,11770,309501000.0,26.2(-0.38 %),11770,309501000,0,0.0,220136491,20.5
01/07/2014,-23960,-621518000.0,26(-0.76 %),202170,5276754000,226130,5898272000.0,219997877,20.51
02/07/2014,-213940,-5542596000.0,25.9(-0.38 %),21500,557300000,235440,6099896000.0,220211817,20.5
03/07/2014,-29500,-765000000.0,25.9(0.00 %),500,13000000,30000,778000000.0,220241317,20.5
04/07/2014,83440,2182407000.0,26.1(0.77 %),153440,4004407000,70000,1822000000.0,220157877,20.5
07/07/2014,182720,4801909000.0,26.3(0.77 %),302720,7948909000,120000,3147000000.0,219975157,20.51
08/07/2014,43170,1130572000.0,26.2(-0.38 %),94750,2483066000,51580,1352494000.0,219931987,20.51
09/07/2014,-87500,-2277400000.0,25.9(-1.15 %),5000,129500000,92500,2406900000.0,220019487,20.51
10/07/2014,-25040,-647768000.0,25.7(-0.77 %),25300,654072000,50340,1301840000.0,220149567,20.5
11/07/2014,-171210,-4392967000.0,25.7(0.00 %),0,0,171210,4392967000.0,220244267,0.0
14/07/2014,-34710,-891618000.0,25.7(0.00 %),26240,672284000,60950,1563902000.0,220278977,20.49
15/07/2014,-47200,-1218822000.0,25.8(0.39 %),119220,3070276000,166420,4289098000.0,220326177,20.49
16/07/2014,215900,5623523000.0,26.1(1.16 %),281720,7338977000,65820,1715454000.0,220011507,0.0
17/07/2014,71070,1851420000.0,25.9(-0.77 %),131700,3422800000,60630,1571380000.0,219940437,20.51
18/07/2014,166790,4352170000.0,26.2(1.16 %),248330,6469056000,81540,2116886000.0,220111967,20.5
21/07/2014,149430,3907144000.0,26.2(0.00 %),156380,4089234000,6950,182090000.0,219873677,0.0
22/07/2014,-96150,-2484673000.0,25.8(-1.53 %),3850,100485000,100000,2585158000.0,219935647,0.0
23/07/2014,0,800000.0,25.9(0.39 %),100000,2583880000,100000,2583080000.0,219986277,0.0
24/07/2014,150330,3900288000.0,26(0.39 %),153720,3987786000,3390,87498000.0,219932477,0.0
25/07/2014,138920,3601291000.0,25.8(-0.77 %),138920,3601291000,0,0.0,219786127,0.0
28/07/2014,27200,695298000.0,25.6(-0.78 %),57850,1476436000,30650,781138000.0,252990088,0.0
29/07/2014,95390,2457605000.0,25.8(0.78 %),95740,2466590000,350,8985000.0,252904348,0.0
30/07/2014,20000,512000000.0,25.6(-0.78 %),20000,512000000,0,0.0,252887738,0.0
31/07/2014,94750,2423927000.0,25.6(0.00 %),106160,2715977000,11410,292050000.0,252781578,0.0
01/08/2014,101880,2614376000.0,25.8(0.78 %),104880,2690876000,3000,76500000.0,252707348,0.0
04/08/2014,39660,1021610000.0,25.9(0.39 %),240780,6198506000,201120,5176896000.0,252466918,0.0
05/08/2014,205350,5345231000.0,26.2(1.16 %),205350,5345231000,0,0.0,252261568,0.0
06/08/2014,-3220,-83770000.0,26(-0.76 %),780,20280000,4000,104050000.0,252272978,20.53
07/08/2014,72070,1869286000.0,26(0.00 %),256410,6644771000,184340,4775485000.0,252200908,23.62
08/08/2014,97800,2538259000.0,25.9(-0.38 %),101300,2628909000,3500,90650000.0,252118898,0.0
11/08/2014,-74460,-1915670000.0,25.7(-0.77 %),65000,1673600000,139460,3589270000.0,252053608,0.0
12/08/2014,17690,456434000.0,25.8(0.39 %),76940,1983319000,59250,1526885000.0,252034668,0.0
13/08/2014,174600,4530428000.0,26(0.78 %),174600,4530428000,0,0.0,252044408,0.0
14/08/2014,-59450,-1533162000.0,25.9(-0.38 %),31480,813832000,90930,2346994000.0,252047908,20.54
15/08/2014,81500,2102030000.0,25.7(-0.77 %),82000,2114880000,500,12850000.0,252155888,20.54
18/08/2014,125180,3224912000.0,25.8(0.39 %),129700,3341527000,4520,116615000.0,251949438,0.0
19/08/2014,106250,2741185000.0,25.8(0.00 %),228750,5901065000,122500,3159880000.0,251720688,0.0
20/08/2014,258030,6781824000.0,26.5(2.71 %),469580,12278475000,211550,5496651000.0,251342038,0.0
21/08/2014,531520,14292716000.0,27.2(2.64 %),603870,16247821000,72350,1955105000.0,250735103,0.0
22/08/2014,387400,10575730000.0,27.2(0.00 %),487500,13308460000,100100,2732730000.0,250739623,20.59
25/08/2014,674430,18366325000.0,27.4(0.74 %),730470,19892013000,56040,1525688000.0,250374623,20.61
26/08/2014,720140,19750330000.0,27.9(1.82 %),896030,24549857000,175890,4799527000.0,249905709,20.62
27/08/2014,50430,1377369000.0,27.6(-1.08 %),152980,4190740000,102550,2813371000.0,249082029,20.65
28/08/2014,197890,5444286000.0,27.5(-0.36 %),247990,6822016000,50100,1377730000.0,249029149,20.66
29/08/2014,489970,13599525000.0,28(1.82 %),490920,13626125000,950,26600000.0,248296279,0.0
03/09/2014,212760,6015365000.0,28.3(1.07 %),222500,6290563000,9740,275198000.0,248472172,20.68
04/09/2014,957600,27295347000.0,28.8(1.77 %),978470,27887005000,20870,591658000.0,247373752,0.0
05/09/2014,428170,12518921000.0,29.3(1.74 %),439270,12843821000,11100,324900000.0,246984582,0.0
08/09/2014,212400,6216653000.0,29.3(0.00 %),217400,6363153000,5000,146500000.0,246985532,20.73
09/09/2014,833010,23941956000.0,28.6(-2.39 %),833580,23958657000,570,16701000.0,246777872,20.74
10/09/2014,478810,13706991000.0,28.6(0.00 %),478810,13706991000,0,0.0,245326352,0.0
11/09/2014,-92990,-2643726000.0,28.5(-0.35 %),0,0,92990,2643726000.0,245337457,0.0
12/09/2014,5960,180140000.0,28.5(0.00 %),53460,1522236000,47500,1342096000.0,245288997,0.0
15/09/2014,-122090,-3409852000.0,27.8(-2.46 %),135000,3773400000,257090,7183252000.0,245289567,20.8
16/09/2014,-289360,-7829339000.0,27.4(-1.44 %),294860,7989612000,584220,15818951000.0,244859710,0.0
17/09/2014,-36790,-1002590000.0,27.2(-0.73 %),82530,2244816000,119320,3247406000.0,244870170,0.0
18/09/2014,44130,1212876000.0,27.3(0.37 %),62000,1701100000,17870,488224000.0,244855670,0.0
19/09/2014,-1101390,-29100343000.0,26.3(-3.66 %),368340,9868095000,1469730,38968438000.0,244744422,0.0
22/09/2014,-54940,-1476077000.0,26.8(1.90 %),823930,22109967000,878870,23586044000.0,245004712,0.0
23/09/2014,-17020,-459218000.0,26.8(0.00 %),42240,1131249000,59260,1590467000.0,245081792,0.0
24/09/2014,167990,4502409000.0,26.7(-0.37 %),1449140,38854600000,1281150,34352191000.0,244913802,20.81
25/09/2014,-383480,-10129880000.0,26.5(-0.75 %),319290,8435895000,702770,18565775000.0,245297282,20.8
26/09/2014,-202540,-5369570000.0,26.4(-0.38 %),348010,9225005000,550550,14594575000.0,245499822,20.79
29/09/2014,-326830,-8549978000.0,26.2(-0.76 %),1711516,43087955000,2038346,51637933000.0,245410373,0.0
30/09/2014,-262910,-6879590000.0,26.1(-0.38 %),710590,18591410000,973500,25471000000.0,245195973,0.0
01/10/2014,-490980,-12960960000.0,26.4(1.15 %),596660,15753440000,1087640,28714400000.0,245402083,0.0
02/10/2014,388310,10518510000.0,27.4(3.79 %),408870,11063930000,20560,545420000.0,245493763,0.0
03/10/2014,-3457830,-101932277000.0,27.5(0.36 %),682240,18757269000,4140070,120689546000.0,245672763,0.0
06/10/2014,120390,3276161000.0,27.2(-1.09 %),128440,3495926000,8050,219765000.0,246417823,0.0
07/10/2014,-959820,-27811378000.0,27.2(0.00 %),50000,1354084000,1009820,29165462000.0,247355463,0.0
08/10/2014,961700,24351640000.0,27(-0.74 %),986700,25026640000,25000,675000000.0,246389323,0.0
09/10/2014,1631180,41373858000.0,27.2(0.74 %),1659830,42147878000,28650,774020000.0,249750827,0.0
10/10/2014,669300,17248172000.0,27(-0.74 %),678470,17495805000,9170,247633000.0,248580407,0.0
13/10/2014,-2001800,-57448280000.0,27(0.00 %),240200,6440430000,2242000,63888710000.0,250582207,20.6
14/10/2014,543250,13811426000.0,26.7(-1.11 %),543360,13814374000,110,2948000.0,250038957,20.62
15/10/2014,1078770,27096839000.0,26.9(0.75 %),1310360,33250810000,231590,6153971000.0,248960187,20.66
16/10/2014,159220,4231466000.0,26.7(-0.74 %),519120,13795223000,359900,9563757000.0,248800967,20.66
17/10/2014,629650,15257982000.0,26.4(-1.12 %),1481080,37677984000,851430,22420002000.0,248171317,20.69
20/10/2014,651970,16117289000.0,26.6(0.76 %),886560,22365709000,234590,6248420000.0,247519347,20.71
21/10/2014,-1055120,-29932912000.0,26.7(0.38 %),445130,11863975000,1500250,41796887000.0,248574467,20.67
22/10/2014,1920,60423000.0,26.7(0.00 %),189640,5051505000,187720,4991082000.0,248572547,20.67
23/10/2014,30200,800085000.0,26.5(-0.75 %),95000,2517700000,64800,1717615000.0,248542347,20.67
24/10/2014,22500,594800000.0,26.5(0.00 %),22700,600100000,200,5300000.0,248519847,20.67
27/10/2014,-90660,-2377883000.0,26(-1.89 %),28040,737161000,118700,3115044000.0,248610507,20.67
29/10/2014,16800,448010000.0,26.3(-0.75 %),76150,2016280000,59350,1568270000.0,248593707,20.67
30/10/2014,104120,2766885000.0,26.7(1.52 %),104140,2767415000,20,530000.0,248489587,20.68
31/10/2014,480360,13171483000.0,27.7(3.75 %),543650,14909384000,63290,1737901000.0,248009227,20.69
03/11/2014,371720,10417638000.0,28.2(1.81 %),394720,11064938000,23000,647300000.0,247385547,20.72
04/11/2014,-545910,-16408075000.0,27.5(-2.48 %),177750,4948825000,723660,21356900000.0,247931457,20.7
05/11/2014,31000,851954000.0,27.4(-0.36 %),65000,1785104000,34000,933150000.0,247900457,20.7
06/11/2014,-21950,-597138000.0,27.2(-0.73 %),25500,695000000,47450,1292138000.0,247922407,20.7
07/11/2014,-15100,-400562000.0,27.2(0.00 %),72900,2001938000,88000,2402500000.0,247937507,20.7
10/11/2014,649790,16313374000.0,27.3(0.37 %),871000,22343100000,221210,6029726000.0,247287717,20.72
11/11/2014,15840,434336000.0,27.2(-0.37 %),32940,899456000,17100,465120000.0,247271877,20.72
12/11/2014,-4290,-117346000.0,27.3(0.37 %),16000,438200000,20290,555546000.0,247276167,20.72
13/11/2014,40620,1112866000.0,27.3(0.00 %),111000,3040220000,70380,1927354000.0,247235547,20.72
14/11/2014,101410,2773688000.0,27.5(0.73 %),120000,3282194000,18590,508506000.0,247134137,20.73
17/11/2014,110970,3059052000.0,27.3(-0.73 %),133000,3663938000,22030,604886000.0,247023167,20.73
18/11/2014,-10160,-280119000.0,27(-1.10 %),108500,2947080000,118660,3227199000.0,247033327,20.73
19/11/2014,-17600,-469960000.0,26.6(-1.48 %),0,0,17600,469960000.0,247050927,20.73
20/11/2014,1071940,26968490000.0,27.2(2.26 %),1072010,26970350000,70,1860000.0,245985002,0.0
21/11/2014,382140,10490690000.0,27.5(1.10 %),382140,10490690000,0,0.0,245624892,0.0
24/11/2014,104530,2840400000.0,27.4(-0.36 %),104530,2840400000,0,0.0,245559022,0.0
25/11/2014,321840,8909750000.0,27.6(0.73 %),381660,10562390000,59820,1652640000.0,245194962,0.0
26/11/2014,224550,6235330000.0,27(-2.17 %),365450,10053630000,140900,3818300000.0,244829582,0.0
27/11/2014,10000,272000000.0,27.3(1.11 %),10000,272000000,0,0.0,244819582,0.0
28/11/2014,105230,2904830000.0,27.7(1.47 %),123000,3395200000,17770,490370000.0,244696582,0.0
01/12/2014,260180,7333240000.0,28.2(1.81 %),263300,7420020000,3120,86780000.0,244493102,0.0
02/12/2014,67900,1905810000.0,28.1(-0.35 %),140000,3932400000,72100,2026590000.0,244494005,0.0
03/12/2014,168540,4797320000.0,28.7(2.14 %),183490,5212930000,14950,415610000.0,244310515,0.0
04/12/2014,94340,2745400000.0,29.3(2.09 %),158480,4618630000,64140,1873230000.0,244169805,0.0
05/12/2014,388400,11766520000.0,30.3(3.41 %),506330,15347330000,117930,3580810000.0,243666595,0.0
08/12/2014,386590,11908880000.0,31.4(3.63 %),577270,17772390000,190680,5863510000.0,243282425,0.0
09/12/2014,456790,14574260000.0,31.6(0.64 %),627760,20034030000,170970,5459770000.0,242669615,0.0
10/12/2014,-456020,-13769840000.0,30(-5.06 %),126960,3846250000,582980,17616090000.0,242606795,0.0
11/12/2014,-196100,-5766530000.0,29.7(-1.00 %),346220,10293270000,542320,16059800000.0,242378505,0.0
12/12/2014,178440,5467259000.0,31(4.38 %),180520,5530941000,2080,63682000.0,242200065,20.91
15/12/2014,-169360,-5171080000.0,30.4(-1.94 %),1943160,59274530000,2112520,64445610000.0,242095475,0.0
16/12/2014,351580,10738720000.0,30.6(0.66 %),702250,21468260000,350670,10729540000.0,242076205,0.0
17/12/2014,108870,3284120000.0,30.3(-0.98 %),1747800,52947170000,1638930,49663050000.0,241479925,0.0
18/12/2014,43930,1326150000.0,30.4(0.33 %),1238140,37612070000,1194210,36285920000.0,240543865,0.0
19/12/2014,-2370990,-67756000000.0,28.3(-6.91 %),2462580,71430160000,4833570,139186160000.0,238593805,0.0
22/12/2014,-33640,-994491000.0,29.8(5.30 %),326360,9610169000,360000,10604660000.0,238627445,21.05
23/12/2014,560360,17210470000.0,30.6(2.68 %),1304230,40042320000,743870,22831850000.0,238243615,0.0
24/12/2014,117900,3570820000.0,30.2(-1.31 %),117900,3570820000,0,0.0,239019925,0.0
25/12/2014,80220,2404300000.0,29.9(-0.99 %),81500,2442700000,1280,38400000.0,243771995,0.0
26/12/2014,717520,21826833000.0,30.8(3.01 %),1423330,43351647000,705810,21524814000.0,243054475,20.88
29/12/2014,398490,12725282000.0,31.7(2.92 %),1043360,33253282000,644870,20528000000.0,242655985,20.89
30/12/2014,67290,2129878000.0,32(0.95 %),927750,29620174000,860460,27490296000.0,242588695,20.9
31/12/2014,131360,4188466000.0,31.9(-0.31 %),594140,19025390000,462780,14836924000.0,242457335,20.9
05/01/2015,24200,768270000.0,31.9(0.00 %),156850,4987226000,132650,4218956000.0,241437526,20.94
06/01/2015,204610,6800179000.0,34(6.58 %),569790,18999709000,365180,12199530000.0,241232916,20.95
07/01/2015,-126050,-4313186000.0,33.6(-1.18 %),295340,10007892000,421390,14321078000.0,241358966,20.94
08/01/2015,62690,2228103000.0,34.6(2.98 %),586080,20321847000,523390,18093744000.0,241296276,20.95
09/01/2015,549239,20145905000.0,36.9(6.65 %),1554930,56928520000,1005691,36782615000.0,240747037,20.97
12/01/2015,363590,13430199000.0,37.2(0.81 %),2743460,102065006000,2379870,88634807000.0,240383447,20.98
13/01/2015,404040,14889361000.0,37(-0.54 %),1598260,59050561000,1194220,44161200000.0,239979407,21.0
14/01/2015,753500,28083910000.0,37.4(1.08 %),2222950,82877633000,1469450,54793723000.0,239225907,21.02
15/01/2015,-623940,-23103675000.0,36.8(-1.60 %),677920,25141112000,1301860,48244787000.0,239849847,21.0
16/01/2015,-235150,-8596261000.0,36.3(-1.36 %),0,0,235150,8596261000.0,240084997,20.99
19/01/2015,-284000,-10218695000.0,35.4(-2.48 %),5030,179578000,289030,10398273000.0,240368997,20.98
20/01/2015,-109990,-3974002000.0,36(1.69 %),695000,24896356000,804990,28870358000.0,240478987,20.98
21/01/2015,-214620,-7631005000.0,35.4(-1.67 %),500,18000000,215120,7649005000.0,240693607,20.97
22/01/2015,-742200,-26798786000.0,36.2(2.26 %),131780,4710118000,873980,31508904000.0,241435807,20.94
23/01/2015,-64550,-2399988000.0,37.1(2.49 %),262440,9693748000,326990,12093736000.0,241500357,20.94
26/01/2015,-99770,-3674111000.0,36.6(-1.35 %),45050,1653605000,144820,5327716000.0,241600127,20.93
27/01/2015,195390,7094547000.0,36.3(-0.82 %),197960,7188609000,2570,94062000.0,241404737,20.94
28/01/2015,-107110,-3994672000.0,37.4(3.03 %),210560,7778744000,317670,11773416000.0,241511847,20.94
29/01/2015,186630,6902528000.0,36.9(-1.34 %),233670,8648504000,47040,1745976000.0,241325217,20.94
30/01/2015,-29100,-999429000.0,35.7(-3.25 %),227900,8231178000,257000,9230607000.0,241354317,20.94
02/02/2015,33860,1218693000.0,35.7(0.00 %),268640,9651345000,234780,8432652000.0,242564739,20.9
03/02/2015,-358930,-12757901000.0,33.3(-6.72 %),373230,13024650000,732160,25782551000.0,242923669,20.88
04/02/2015,634420,20772124000.0,33.1(-0.60 %),853690,27956709000,219270,7184585000.0,242289249,20.91
05/02/2015,450840,15562120000.0,34.9(5.44 %),588700,20317418000,137860,4755298000.0,241838409,20.93
06/02/2015,387470,13834876000.0,36(3.15 %),394470,14085076000,7000,250200000.0,241450939,20.94
09/02/2015,593820,21602947000.0,36.2(0.56 %),659860,23998345000,66040,2395398000.0,240857119,20.96
10/02/2015,263530,9663063000.0,36.4(0.55 %),442270,16184885000,178740,6521822000.0,240593589,20.97
11/02/2015,367590,13531457000.0,37.1(1.92 %),444230,16349622000,76640,2818165000.0,240225999,20.99
12/02/2015,55340,2049455000.0,36.3(-2.16 %),222590,8190413000,167250,6140958000.0,240170659,20.99
13/02/2015,185890,6786671000.0,36.5(0.55 %),266300,9722352000,80410,2935681000.0,239984769,21.0
24/02/2015,244230,9139160000.0,39(6.85 %),435640,16255940000,191410,7116780000.0,239740539,21.0
25/02/2015,363990,14300278000.0,38.1(-2.31 %),431060,16915022000,67070,2614744000.0,239376549,21.02
26/02/2015,294080,11497687000.0,39.4(3.41 %),408040,15937195000,113960,4439508000.0,239082469,21.03
27/02/2015,-212100,-8111842000.0,38.4(-2.54 %),333300,12845059000,545400,20956901000.0,239294569,21.02
02/03/2015,-14540,-551950000.0,38.4(0.00 %),222340,8485637000,236880,9037587000.0,239475166,21.01
03/03/2015,23680,906038000.0,38.5(0.26 %),652650,25193969000,628970,24287931000.0,239451486,21.02
04/03/2015,-122530,-4722589000.0,38.8(0.78 %),451000,17340083000,573530,22062672000.0,239574016,21.01
05/03/2015,-306070,-11673094000.0,37.9(-2.32 %),250560,9549756000,556630,21222850000.0,239880086,21.0
06/03/2015,-734630,-27453875000.0,37.3(-1.58 %),208280,7790880000,942910,35244755000.0,240614716,20.97
09/03/2015,-604460,-22125035000.0,36.4(-2.41 %),121550,4441655000,726010,26566690000.0,241219176,20.95
10/03/2015,-394670,-14437843000.0,36.8(1.10 %),5610,202708000,400280,14640551000.0,241613846,20.93
11/03/2015,-307210,-11231496000.0,36.5(-0.82 %),100390,3670739000,407600,14902235000.0,241921056,20.92
12/03/2015,-146080,-5344660000.0,36.8(0.82 %),260000,9486000000,406080,14830660000.0,242067136,20.92
13/03/2015,-283500,-10465004000.0,36.7(-0.27 %),18060,671124000,301560,11136128000.0,242350636,20.91
16/03/2015,-1240760,-44021010000.0,35.3(-3.81 %),488580,17362424000,1729340,61383434000.0,243591396,20.86
17/03/2015,-250960,-8963588000.0,35.7(1.13 %),352820,12636310000,603780,21599898000.0,243842356,20.85
18/03/2015,-22720,-808972000.0,35.8(0.28 %),57000,2023500000,79720,2832472000.0,243865076,20.85
19/03/2015,-576880,-20447940000.0,35.5(-0.84 %),504520,17887273000,1081400,38335213000.0,244441956,20.83
20/03/2015,-1238250,-44576372000.0,36(1.41 %),2565210,92317948000,3803460,136894320000.0,245680206,20.78
23/03/2015,-401160,-14244051000.0,35.2(-2.22 %),525900,18620860000,927060,32864911000.0,246081366,20.77
24/03/2015,112560,3906022000.0,35.3(0.28 %),871690,30417505000,759130,26511483000.0,245968806,20.77
25/03/2015,112560,3906022000.0,35.4(0.28 %),871690,30417505000,759130,26511483000.0,245856246,20.77
26/03/2015,-345530,-12192097000.0,35(-1.13 %),596970,20944747000,942500,33136844000.0,246201776,20.76
27/03/2015,-111270,-3927106000.0,35.3(0.86 %),713530,25065242000,824800,28992348000.0,246313046,20.76
30/03/2015,201180,7091876000.0,35.1(-0.57 %),391680,13805776000,190500,6713900000.0,246111866,20.77
31/03/2015,-6030,-173198000.0,35.1(0.00 %),222480,7863302000,228510,8036500000.0,246117896,20.76
01/04/2015,528750,18495721000.0,35(-0.28 %),559380,19570734000,30630,1075013000.0,245346475,20.79
02/04/2015,192090,6789686000.0,35.7(2.00 %),215300,7602236000,23210,812550000.0,245154385,20.8
03/04/2015,220660,7849381000.0,35.7(0.00 %),220660,7849381000,0,0.0,244933725,20.81
06/04/2015,91950,3262980000.0,35.5(-0.56 %),246680,8762859000,154730,5499879000.0,244841775,20.81
07/04/2015,115390,4096726000.0,35.8(0.85 %),377710,13393379000,262320,9296653000.0,244726385,20.82
08/04/2015,-49490,-1760303000.0,35.5(-0.84 %),765190,27153826000,814680,28914129000.0,244775875,20.82
09/04/2015,-109610,-3921670000.0,35.8(0.85 %),125310,4461368000,234920,8383038000.0,244885485,20.81
10/04/2015,93130,3348459000.0,36(0.56 %),173140,6231866000,80010,2883407000.0,244792355,20.81
13/04/2015,323250,11680834000.0,36.4(1.11 %),364250,13166934000,41000,1486100000.0,244469105,20.83
14/04/2015,548330,20008734000.0,36.4(0.00 %),572840,20902342000,24510,893608000.0,243920775,20.85
15/04/2015,499330,18228815000.0,36.6(0.55 %),512300,18702416000,12970,473601000.0,243421445,20.87
16/04/2015,512740,18884513000.0,37.3(1.91 %),776840,28610202000,264100,9725689000.0,242908705,20.89
17/04/2015,298650,11198748000.0,37.4(0.27 %),331920,12445622000,33270,1246874000.0,242610055,20.9
20/04/2015,291780,10860380000.0,37.3(-0.27 %),370780,13778981000,79000,2918601000.0,242318275,20.91
21/04/2015,446970,16528586000.0,36.7(-1.61 %),498620,18449966000,51650,1921380000.0,241871305,20.92
22/04/2015,556380,20556556000.0,37(0.82 %),557310,20590687000,930,34131000.0,241314925,20.95
23/04/2015,311310,11500866000.0,37(0.00 %),320320,11834236000,9010,333370000.0,241003615,20.96
24/04/2015,117430,4359974000.0,37.2(0.54 %),118000,4381178000,570,21204000.0,240886185,20.96
27/04/2015,73710,2762695000.0,36.2(-2.69 %),122170,4525519000,48460,1762824000.0,240812475,20.96
04/05/2015,327460,11810238000.0,35.6(-1.66 %),368960,13287388000,41500,1477150000.0,241469931,20.94
05/05/2015,384180,13940895000.0,37.2(4.49 %),388680,14108295000,4500,167400000.0,241085751,20.95
06/05/2015,326210,12126563000.0,37.1(-0.27 %),329810,12260477000,3600,133914000.0,240759541,18.55
07/05/2015,330760,12387052000.0,37.6(1.35 %),430050,16089378000,99290,3702326000.0,240428781,18.56
08/05/2015,669540,25892319000.0,38.7(2.93 %),712440,27555409000,42900,1663090000.0,239759241,18.58
11/05/2015,141990,5522416000.0,38.9(0.52 %),177440,6897170000,35450,1374754000.0,239617251,18.58
12/05/2015,142270,5498019000.0,38.6(-0.77 %),695440,26844774000,553170,21346755000.0,239474981,18.59
13/05/2015,-44060,-1674574000.0,38.1(-1.30 %),529360,20082170000,573420,21756744000.0,239519041,18.59
14/05/2015,-220,-11012000.0,38.3(0.52 %),137280,5221110000,137500,5232122000.0,239519261,18.59
15/05/2015,25010,961093000.0,38.4(0.26 %),142510,5479506000,117500,4518413000.0,239494251,18.59
18/05/2015,375860,14413438000.0,38.6(0.52 %),423830,16244098000,47970,1830660000.0,239118391,18.6
19/05/2015,-288450,-11742211000.0,39.1(1.30 %),207230,8027858000,495680,19770069000.0,239406841,18.59
20/05/2015,85330,3365906000.0,39.6(1.28 %),455730,17985775000,370400,14619869000.0,239321511,18.59
21/05/2015,317190,12695380000.0,40(1.01 %),321820,12880668000,4630,185288000.0,239004321,18.61
22/05/2015,772710,30819896000.0,42.2(5.50 %),962710,38829002000,190000,8009106000.0,238231611,18.63
25/05/2015,-375590,-16484568000.0,42(-0.47 %),268910,11287596000,644500,27772164000.0,238607201,18.62
26/05/2015,224430,9676565000.0,43(2.38 %),694010,29865120000,469580,20188555000.0,238382771,18.63
27/05/2015,220660,9563890000.0,42.9(-0.23 %),725300,31249157000,504640,21685267000.0,238162111,18.63
28/05/2015,415790,16936588000.0,43.1(0.47 %),785840,32982222000,370050,16045634000.0,237746321,18.65
29/05/2015,212900,9210261000.0,43.3(0.46 %),989210,42859682000,776310,33649421000.0,237533421,18.65
01/06/2015,356980,16019945000.0,45.7(5.54 %),807680,36313445000,450700,20293500000.0,235698301,21.16
02/06/2015,534520,25231876000.0,45.9(0.44 %),1948750,91472694000,1414230,66240818000.0,235163781,21.18
03/06/2015,-157330,-7106596000.0,44.5(-3.05 %),845290,38225285000,1002620,45331881000.0,235321111,21.17
04/06/2015,-69510,-3079349000.0,44.5(0.00 %),2221920,98651026000,2291430,101730375000.0,235390621,21.17
05/06/2015,-161460,-7160418000.0,45.1(1.35 %),508570,22595592000,670030,29756010000.0,235552081,21.16
08/06/2015,-54600,-2446286000.0,45.3(0.44 %),174140,7893611000,228740,10339897000.0,235606681,21.16
09/06/2015,28200,1249883000.0,44.2(-2.43 %),211630,9430301000,183430,8180418000.0,235578481,21.16
10/06/2015,14740,624236000.0,43.3(-2.04 %),576610,25006825000,561870,24382589000.0,235563741,21.16
11/06/2015,-141960,-6164416000.0,43.7(0.92 %),213040,9329888000,355000,15494304000.0,235705701,21.16
12/06/2015,44920,1960272000.0,43.6(-0.23 %),74820,3267952000,29900,1307680000.0,235660781,21.16
15/06/2015,98040,4419939000.0,45.3(3.90 %),412990,18414599000,314950,13994660000.0,235562741,21.16
16/06/2015,88130,3943864000.0,44.5(-1.77 %),93430,4181314000,5300,237450000.0,235474611,21.16
17/06/2015,104360,4646449000.0,44.4(-0.22 %),104360,4646449000,0,0.0,235370251,21.17
18/06/2015,79110,3550923000.0,44.9(1.13 %),170570,7666619000,91460,4115696000.0,235291141,21.17
19/06/2015,-13990,-735789000.0,46.5(3.56 %),1688290,78356090000,1702280,79091879000.0,235305131,21.17
22/06/2015,267580,12679023000.0,47.6(2.37 %),747800,35462770000,480220,22783747000.0,235037551,21.18
23/06/2015,81970,3879492000.0,47.6(0.00 %),374070,17741722000,292100,13862230000.0,234955581,21.18
24/06/2015,-51710,-2441491000.0,46.9(-1.47 %),139090,6578020000,190800,9019511000.0,235007291,21.18
25/06/2015,-32460,-1531546000.0,46.9(0.00 %),202280,9503752000,234740,11035298000.0,235039751,21.18
26/06/2015,150810,7001596000.0,44.7(-2.61 %),203410,9358151000,52600,2356555000.0,234888941,21.19
29/06/2015,479820,22060381000.0,47(5.15 %),597280,27454142000,117460,5393761000.0,234409121,21.2
30/06/2015,943930,45721452000.0,48.8(3.83 %),1021350,49476887000,77420,3755435000.0,233465191,21.24
01/07/2015,82410,4038143000.0,48.5(-0.61 %),252220,12172917000,169810,8134774000.0,234571044,21.2
02/07/2015,353550,17774717000.0,51.5(6.19 %),553320,27726516000,199770,9951799000.0,234217494,21.21
03/07/2015,37600,1987755000.0,54.5(5.83 %),392470,21120579000,354870,19132824000.0,234179894,21.21
06/07/2015,1340,99650000.0,54.5(0.00 %),830520,44957300000,829180,44857650000.0,234178554,21.21
07/07/2015,-287900,-15799245000.0,54(-0.92 %),606060,33133361000,893960,48932606000.0,234466454,21.2
08/07/2015,209990,10743635000.0,52(-3.70 %),912170,47341683000,702180,36598048000.0,234256464,21.21
09/07/2015,-127720,-6484225000.0,52.5(0.96 %),1291307,67572209000,1419027,74056434000.0,234384184,21.21
10/07/2015,17950,951810000.0,52.5(0.00 %),677070,36106243000,659120,35154433000.0,234366234,21.21
13/07/2015,-153250,-8114210000.0,52.5(0.00 %),785500,41585567000,938750,49699777000.0,234519484,21.2
14/07/2015,34950,1834150000.0,52.5(0.00 %),118020,6142624000,83070,4308474000.0,234484534,21.2
15/07/2015,-152870,-7916830000.0,51(-2.86 %),62380,3246360000,215250,11163190000.0,234637404,21.2
16/07/2015,-51920,-2653585000.0,51(0.00 %),119290,6078725000,171210,8732310000.0,234689324,21.19
17/07/2015,-60350,-3116240000.0,51(0.00 %),147160,7575625000,207510,10691865000.0,234749674,21.19
20/07/2015,-9630,-479827000.0,49.4(-3.14 %),75670,3773973000,85300,4253800000.0,234759304,21.19
21/07/2015,39740,1992332000.0,49.2(-0.40 %),191860,9518669000,152120,7526337000.0,234719564,21.19
22/07/2015,-681460,-34899662000.0,52(5.69 %),190090,9556058000,871550,44455720000.0,235401024,21.17
23/07/2015,-77390,-4042025000.0,51.5(-0.96 %),107160,5565900000,184550,9607925000.0,235478414,21.16
24/07/2015,-5160,-256620000.0,50.5(-1.94 %),147780,7541895000,152940,7798515000.0,235483574,21.16
27/07/2015,-357310,-18118260000.0,51(0.99 %),102790,5204677000,460100,23322937000.0,235840884,21.15
28/07/2015,18350,950785000.0,51.5(0.98 %),471710,24500404000,453360,23549619000.0,235822534,21.15
29/07/2015,78260,4056545000.0,51(-0.97 %),305900,15759748000,227640,11703203000.0,235744274,21.15
30/07/2015,2700,149240000.0,51(0.00 %),131500,6670130000,128800,6520890000.0,235741574,21.15
31/07/2015,-7710,-400120000.0,49.9(-2.16 %),162600,8283000000,170310,8683120000.0,235749284,21.15
03/08/2015,4980,329130000.0,47.9(-4.01 %),428750,20804210000,423770,20475080000.0,235351708,21.17
04/08/2015,-250900,-11829660000.0,46(-3.97 %),26110,1230020000,277010,13059680000.0,235602608,21.16
05/08/2015,-622650,-28682760000.0,46.1(0.22 %),140940,6497830000,763590,35180590000.0,236225258,21.14
06/08/2015,-417170,-19094210000.0,45.1(-2.17 %),141030,6506010000,558200,25600220000.0,236642428,21.12
07/08/2015,-588270,-26104240000.0,44.9(-0.44 %),211030,9499390000,799300,35603630000.0,237230698,21.1
10/08/2015,-79850,-3669450000.0,46.4(3.34 %),1770,80620000,81620,3750070000.0,237310548,21.1
11/08/2015,85070,4041860000.0,47.1(1.51 %),614450,29005260000,529380,24963400000.0,237225478,21.1
12/08/2015,-107450,-4941010000.0,45.5(-3.40 %),106010,4841840000,213460,9782850000.0,237332928,21.09
13/08/2015,-217690,-9606620000.0,44(-3.30 %),588210,26057920000,805900,35664540000.0,237550618,21.09
14/08/2015,-768340,-33075120000.0,43.3(-1.59 %),519460,22506380000,1287800,55581500000.0,238318958,21.06
17/08/2015,208070,8836550000.0,41(-5.31 %),474710,20130400000,266640,11293850000.0,238110888,21.07
18/08/2015,-97890,-4073080000.0,42.5(3.66 %),386580,16132720000,484470,20205800000.0,238208778,21.06
19/08/2015,132650,5544980000.0,43.3(1.88 %),491210,20797390000,358560,15252410000.0,238076128,21.07
20/08/2015,-50750,-2179150000.0,42.9(-0.92 %),246370,10560200000,297120,12739350000.0,238126878,21.06
21/08/2015,-13120,-553220000.0,42.4(-1.17 %),384300,16061320000,397420,16614540000.0,238139998,21.06
24/08/2015,318520,12700630000.0,39.5(-6.84 %),1089210,43747800000,770690,31047170000.0,237821478,21.08
25/08/2015,121050,4896440000.0,40.1(1.52 %),878350,34998450000,757300,30102010000.0,237700428,21.08
26/08/2015,-551870,-22572750000.0,41(2.24 %),175870,7195950000,727740,29768700000.0,238252298,21.06
27/08/2015,-555230,-23162570000.0,41.6(1.46 %),369270,15397180000,924500,38559750000.0,238807528,21.04
28/08/2015,-171960,-7378120000.0,43.4(4.33 %),494320,21114850000,666280,28492970000.0,238979488,21.03
31/08/2015,11140,474230000.0,42.5(-2.07 %),424640,18263710000,413500,17789480000.0,238968348,21.03
01/09/2015,181640,7723630000.0,42.5(0.00 %),342240,14555930000,160600,6832300000.0,237405141,21.09
03/09/2015,-575000,-24142400000.0,41.6(-2.12 %),316240,13306670000,891240,37449070000.0,237980141,21.07
04/09/2015,258520,10855560000.0,42(0.96 %),661470,27791160000,402950,16935600000.0,237721621,21.08
07/09/2015,151930,6416790000.0,42.1(0.24 %),211930,8951790000,60000,2535000000.0,237569691,21.09
08/09/2015,-196920,-8726720000.0,44.4(5.46 %),417740,18177790000,614660,26904510000.0,237766611,21.08
09/09/2015,706630,32251660000.0,45.8(3.15 %),811630,37036560000,105000,4784900000.0,237059981,21.1
10/09/2015,638670,29381520000.0,46(0.44 %),710840,32705880000,72170,3324360000.0,236421311,21.13
11/09/2015,163740,7472090000.0,44.8(-2.61 %),199750,9106480000,36010,1634390000.0,236257571,21.13
14/09/2015,-92230,-4017850000.0,43.2(-3.57 %),6000,262990000,98230,4280840000.0,236349801,21.13
15/09/2015,-209240,-8973530000.0,42.7(-1.16 %),33470,1437480000,242710,10411010000.0,236559041,21.12
16/09/2015,140200,6126080000.0,44(3.04 %),141570,6186210000,1370,60130000.0,236418841,21.13
17/09/2015,127490,5579900000.0,43.6(-0.91 %),127490,5579900000,0,0.0,236291351,21.13
18/09/2015,-1759680,-77463480000.0,44(0.92 %),824970,36334820000,2584650,113798300000.0,238051031,21.07
21/09/2015,61270,2740180000.0,44.7(1.59 %),61270,2740180000,0,0.0,237989761,21.07
22/09/2015,12360,549200000.0,44.6(-0.22 %),26960,1204520000,14600,655320000.0,237977401,21.07
23/09/2015,-1000,-44100000.0,44.5(-0.22 %),0,0,1000,44100000.0,237978401,21.07
24/09/2015,-2450,-109520000.0,44.1(-0.90 %),1000,44700000,3450,154220000.0,237980851,21.07
25/09/2015,0,0.0,44(-0.23 %),0,0,0,0.0,237980851,21.07
28/09/2015,-288200,-12462310000.0,43(-2.27 %),71000,3054000000,359200,15516310000.0,238269051,21.06
29/09/2015,-1740,-79790000.0,42.8(-0.47 %),241250,10292410000,242990,10372200000.0,238270791,21.06
30/09/2015,-72880,-3139440000.0,42.9(0.23 %),60830,2621450000,133710,5760890000.0,238343671,21.06
01/10/2015,152060,6538580000.0,43(0.23 %),152060,6538580000,0,0.0,239663592,21.01
02/10/2015,-13740,-610790000.0,43(0.00 %),118070,5066420000,131810,5677210000.0,239677332,21.01
05/10/2015,-81220,-3517800000.0,43.5(1.16 %),2300,99480000,83520,3617280000.0,239758552,21.0
06/10/2015,78790,3540680000.0,45.3(4.14 %),226900,10184120000,148110,6643440000.0,239679762,21.01
07/10/2015,209500,9569090000.0,45.2(-0.22 %),373000,17050980000,163500,7481890000.0,239470262,21.01
08/10/2015,305230,14143200000.0,46.9(3.76 %),308120,14276110000,2890,132910000.0,239165032,21.03
09/10/2015,150550,7070270000.0,46.5(-0.85 %),152100,7142970000,1550,72700000.0,239014482,21.03
12/10/2015,542570,25829110000.0,48.1(3.44 %),542570,25829110000,0,0.0,238471912,21.05
13/10/2015,210320,10044230000.0,47.9(-0.42 %),253540,12111500000,43220,2067270000.0,238261592,21.06
14/10/2015,14440,695960000.0,47.2(-1.46 %),219640,10431040000,205200,9735080000.0,238247152,21.06
15/10/2015,-82990,-3940600000.0,47.4(0.42 %),86600,4101090000,169590,8041690000.0,238330142,21.06
16/10/2015,-50840,-2410420000.0,46.7(-1.48 %),48160,2281140000,99000,4691560000.0,238380982,21.06
19/10/2015,-204760,-9446900000.0,46(-1.50 %),48810,2267170000,253570,11714070000.0,238585742,21.05
20/10/2015,-337990,-15408850000.0,45.4(-1.30 %),13000,592400000,350990,16001250000.0,238923732,21.03
21/10/2015,-75260,-3455760000.0,45.6(0.44 %),50000,2301890000,125260,5757650000.0,238998992,21.03
22/10/2015,-103900,-4779930000.0,46.2(1.32 %),106430,4896860000,210330,9676790000.0,239102892,21.03
23/10/2015,-16020,-760080000.0,46.9(1.52 %),27980,1308820000,44000,2068900000.0,239118912,21.03
26/10/2015,175490,8241890000.0,46.7(-0.43 %),182490,8570890000,7000,329000000.0,238943422,21.03
27/10/2015,35120,1635800000.0,46.6(-0.21 %),35380,1647940000,260,12140000.0,238908302,21.04
28/10/2015,39890,1854040000.0,46.1(-1.07 %),40890,1900440000,1000,46400000.0,238868412,21.04
29/10/2015,-20520,-940660000.0,46.7(1.30 %),178900,8330010000,199420,9270670000.0,238888932,21.04
30/10/2015,348700,16469280000.0,47.7(2.14 %),698120,33014450000,349420,16545170000.0,238540232,21.05
02/11/2015,510610,24544680000.0,47.7(0.00 %),689600,33146780000,178990,8602100000.0,238132605,21.06
03/11/2015,-91950,-4371520000.0,48.2(1.05 %),100420,4787710000,192370,9159230000.0,238224555,21.06
04/11/2015,486280,23493920000.0,48.2(0.00 %),589100,28460320000,102820,4966400000.0,237738275,21.08
05/11/2015,94990,4551760000.0,47.9(-0.62 %),112700,5400530000,17710,848770000.0,237643285,21.08
06/11/2015,309630,14766520000.0,48(0.21 %),309630,14766520000,0,0.0,237333655,21.09
09/11/2015,154350,7518550000.0,49.1(2.29 %),252650,12305820000,98300,4787270000.0,237179305,21.1
10/11/2015,163510,7952040000.0,48.3(-1.63 %),238900,11622100000,75390,3670060000.0,237015795,21.11
11/11/2015,105040,5060580000.0,47.7(-1.24 %),119860,5776330000,14820,715750000.0,236910755,21.11
12/11/2015,-344420,-16274570000.0,47.6(-0.21 %),47530,2246660000,391950,18521230000.0,237255175,21.1
13/11/2015,-184830,-8756900000.0,47.5(-0.21 %),42070,1995610000,226900,10752510000.0,237440005,21.09
16/11/2015,97680,4592200000.0,47.1(-0.84 %),187230,8814380000,89550,4222180000.0,237342325,21.09
17/11/2015,21860,1023230000.0,47.2(0.21 %),93170,4393810000,71310,3370580000.0,237320465,21.09
18/11/2015,109990,5193460000.0,47.2(0.00 %),147060,6943650000,37070,1750190000.0,237210475,21.1
19/11/2015,171190,8068580000.0,47(-0.42 %),188570,8887370000,17380,818790000.0,237039285,21.11
20/11/2015,130610,6145480000.0,47(0.00 %),130610,6145480000,0,0.0,236908675,21.11
23/11/2015,168000,7875520000.0,46.7(-0.64 %),168000,7875520000,0,0.0,236740675,21.12
24/11/2015,172130,7979980000.0,46.2(-1.07 %),176560,8185390000,4430,205410000.0,237136678,21.1
25/11/2015,76810,3509130000.0,46(-0.43 %),143380,6565050000,66570,3055920000.0,237010678,21.11
26/11/2015,139230,6346730000.0,45.4(-1.30 %),141000,6427800000,1770,81070000.0,236869678,21.11
27/11/2015,97450,4333031000.0,44.3(-2.42 %),201020,8973100000,103570,4640069000.0,236772228,21.12
30/11/2015,-223550,-9665120000.0,42.9(-3.16 %),190020,8243360000,413570,17908480000.0,236483068,21.13
01/12/2015,-366650,-15552110000.0,42.1(-1.86 %),134200,5728080000,500850,21280190000.0,236415438,21.13
02/12/2015,-1023240,-43327820000.0,42.2(0.24 %),379830,16043980000,1403070,59371800000.0,236087378,21.14
03/12/2015,-343760,-14661520000.0,42.6(0.95 %),770460,32729900000,1114220,47391420000.0,235963108,21.15
04/12/2015,-238260,-10109860000.0,42.3(-0.70 %),117700,4988780000,355960,15098640000.0,236258978,21.13
07/12/2015,-782450,-32203580000.0,40.8(-3.55 %),140930,5801670000,923380,38005250000.0,236618898,21.12
08/12/2015,-116070,-4668020000.0,43.1(5.64 %),123530,5156690000,239600,9824710000.0,237876012,21.07
09/12/2015,-651630,-27365780000.0,41.4(-3.94 %),5000,207500000,656630,27573280000.0,238442616,21.05
10/12/2015,-99760,-4113030000.0,41.2(-0.48 %),14420,595140000,114180,4708170000.0,238784156,21.04
11/12/2015,-320710,-13228050000.0,41.3(0.24 %),0,0,320710,13228050000.0,239707536,21.01
14/12/2015,-312230,-12935100000.0,41.6(0.73 %),25980,1076970000,338210,14012070000.0,239893586,21.0
15/12/2015,187790,8087830000.0,43.2(3.85 %),327640,14059360000,139850,5971530000.0,240222576,20.99
16/12/2015,134520,5887370000.0,43.5(0.69 %),135000,5908300000,480,20930000.0,240201759,20.99
17/12/2015,-57300,-2509640000.0,44(1.15 %),59700,2620580000,117000,5130220000.0,240507769,20.98
18/12/2015,-1980380,-82023930000.0,41.2(-6.36 %),584120,24326140000,2564500,106350070000.0,240261859,20.98
21/12/2015,66740,2824870000.0,42.5(3.16 %),790530,33366790000,723790,30541920000.0,239811179,21.0
22/12/2015,215900,9170600000.0,42.5(0.00 %),326420,13871640000,110520,4701040000.0,239515239,21.01
23/12/2015,285310,12062720000.0,42.4(-0.24 %),307310,12991520000,22000,928800000.0,239279929,21.02
24/12/2015,11360,482790000.0,42.2(-0.47 %),33200,1407890000,21840,925100000.0,241811229,20.93
25/12/2015,149680,6365020000.0,42.5(0.71 %),149680,6365020000,0,0.0,242185339,20.91
28/12/2015,27770,1186020000.0,42.5(0.00 %),67770,2892220000,40000,1706200000.0,242198089,20.91
29/12/2015,870590,37866000000.0,44(3.53 %),912590,39673400000,42000,1807400000.0,241307499,20.95
30/12/2015,505460,22427320000.0,44.3(0.68 %),539780,23954560000,34320,1527240000.0,240789559,20.96
31/12/2015,305000,13415000000.0,43.9(-0.90 %),305000,13415000000,0,0.0,240484559,20.98
04/01/2016,-25080,-1022960000.0,43.2(-1.59 %),66420,2897150000,91500,3920110000.0,240458139,20.98
05/01/2016,-561260,-23984920000.0,42.5(-1.62 %),15700,667610000,576960,24652530000.0,240484439,20.98
06/01/2016,-177140,-7567080000.0,43(1.18 %),273150,11687790000,450290,19254870000.0,240340589,20.98
07/01/2016,416050,17703450000.0,42.5(-1.16 %),516050,21955870000,100000,4252420000.0,239916039,21.0
08/01/2016,90010,3797880000.0,42.2(-0.71 %),104810,4422710000,14800,624830000.0,240388189,20.98
11/01/2016,203900,8562310000.0,41.9(-0.71 %),237690,9983640000,33790,1421330000.0,240505809,20.98
12/01/2016,6950,296660000.0,42.7(1.91 %),47600,2017000000,40650,1720340000.0,240558209,20.97
13/01/2016,16970,742930000.0,42.3(-0.94 %),150650,6408900000,133680,5665970000.0,240422359,20.98
14/01/2016,-1570,-69230000.0,41.8(-1.18 %),152190,6361200000,153760,6430430000.0,240333959,20.98
15/01/2016,-148490,-6103760000.0,40.6(-2.87 %),338830,13984980000,487320,20088740000.0,240221525,20.99
18/01/2016,-358510,-13896640000.0,38.6(-4.93 %),119400,4597940000,477910,18494580000.0,240235805,20.99
19/01/2016,138980,5461640000.0,40.3(4.40 %),346140,13617070000,207160,8155430000.0,240093425,20.99
20/01/2016,171650,6909210000.0,40(-0.74 %),529740,21287170000,358090,14377960000.0,240055295,20.99
21/01/2016,112230,4427620000.0,39.4(-1.50 %),419660,16592650000,307430,12165030000.0,240213835,20.99
22/01/2016,-89450,-3534060000.0,39.6(0.51 %),593230,23452700000,682680,26986760000.0,240047765,20.99
25/01/2016,-674380,-27967190000.0,41.7(5.30 %),318450,12970940000,992830,40938130000.0,240282265,20.98
26/01/2016,-105730,-4313570000.0,40.6(-2.64 %),105780,4309990000,211510,8623560000.0,240203745,20.99
27/01/2016,-273310,-11119690000.0,40.5(-0.25 %),15000,610000000,288310,11729690000.0,240571425,20.97
28/01/2016,-1560,-69110000.0,40.5(0.00 %),242750,9841250000,244310,9910360000.0,241116505,20.95
29/01/2016,-55970,-2362380000.0,41.4(2.22 %),413580,16891490000,469550,19253870000.0,240914435,20.96
01/02/2016,-57350,-2346620000.0,40.7(-1.69 %),614110,25036290000,671460,27382910000.0,241157750,20.95
02/02/2016,10020,408200000.0,40.4(-0.74 %),891230,36071550000,881210,35663350000.0,241074410,20.95
03/02/2016,-464450,-18422260000.0,39.6(-1.98 %),139200,5521500000,603650,23943760000.0,241404760,20.94
04/02/2016,45480,1825140000.0,40(1.01 %),479500,19352750000,434020,17527610000.0,241427610,20.94
05/02/2016,-11460,-460810000.0,40.1(0.25 %),474500,19052380000,485960,19513190000.0,241632740,20.93
15/02/2016,-95010,-3793720000.0,40.3(0.50 %),321880,12838170000,416890,16631890000.0,241914510,20.92
16/02/2016,-98240,-3960570000.0,40.3(0.00 %),327690,13282760000,425930,17243330000.0,241800840,20.93
17/02/2016,-276090,-11069310000.0,39.8(-1.24 %),338280,13562010000,614370,24631320000.0,241586520,20.93
18/02/2016,301160,12174690000.0,40.3(1.26 %),359510,14528670000,58350,2353980000.0,241643900,20.93
19/02/2016,-73510,-2963100000.0,40.1(-0.50 %),147000,5914110000,220510,8877210000.0,241742830,20.93
22/02/2016,-242290,-9751350000.0,40.4(0.75 %),26020,1044680000,268310,10796030000.0,242331180,20.91
23/02/2016,-4640,-186670000.0,41(1.49 %),12950,532240000,17590,718910000.0,242376580,20.91
24/02/2016,-93890,-3982900000.0,42.3(3.17 %),110000,4657000000,203890,8639900000.0,242487090,20.9
25/02/2016,-299190,-12598440000.0,41.8(-1.18 %),375500,15829900000,674690,28428340000.0,242479300,20.9
26/02/2016,91670,3837310000.0,42(0.48 %),91770,3841490000,100,4180000.0,242405120,20.9
29/02/2016,-45810,-1882590000.0,41(-2.38 %),150000,6223100000,195810,8105690000.0,242459010,20.9
01/03/2016,-257260,-10546670000.0,40.7(-0.73 %),136000,5577600000,393260,16124270000.0,242897700,20.89
02/03/2016,115090,4769670000.0,41.7(2.46 %),180090,7472170000,65000,2702500000.0,242717710,20.89
03/03/2016,140260,5859090000.0,41.6(-0.24 %),142520,5953220000,2260,94130000.0,242771000,20.89
04/03/2016,331900,13944380000.0,41.8(0.48 %),348900,14655980000,17000,711600000.0,242815360,20.89
07/03/2016,141410,5931550000.0,41.8(0.00 %),179410,7531650000,38000,1600100000.0,242700950,20.89
08/03/2016,396000,16528570000.0,41.6(-0.48 %),422450,17628670000,26450,1100100000.0,242280760,20.91
09/03/2016,98190,4093310000.0,41.4(-0.48 %),210190,8744860000,112000,4651550000.0,242087570,20.92
10/03/2016,-98700,-4064670000.0,41.6(0.48 %),93800,3870960000,192500,7935630000.0,242031770,20.92
11/03/2016,90700,3774660000.0,41.6(0.00 %),174410,7260200000,83710,3485540000.0,241883810,20.92
14/03/2016,128540,5339030000.0,41.7(0.24 %),636750,26480070000,508210,21141040000.0,241759060,20.93
15/03/2016,-203530,-8649310000.0,42(0.72 %),314410,13087670000,517940,21736980000.0,241637150,20.93
16/03/2016,107280,4701880000.0,43.2(2.86 %),568240,24259590000,460960,19557710000.0,241310870,20.95
17/03/2016,205190,8907280000.0,42.7(-1.16 %),207290,8998630000,2100,91350000.0,241211790,20.95
18/03/2016,-1833010,-77834020000.0,42.5(-0.47 %),1146540,48728050000,2979550,126562070000.0,240583190,20.97
21/03/2016,18060,793290000.0,42.9(0.94 %),167300,7287410000,149240,6494120000.0,240718600,20.97
22/03/2016,158510,6827460000.0,43.3(0.93 %),158510,6827460000,0,0.0,240562190,20.97
23/03/2016,227500,9793650000.0,42.9(-0.92 %),227500,9793650000,0,0.0,243314240,20.87
24/03/2016,-103250,-4300690000.0,42.1(-1.86 %),123500,5272190000,226750,9572880000.0,243339980,20.87
25/03/2016,398950,16798930000.0,42.8(1.66 %),500100,21051390000,101150,4252460000.0,242839880,20.89
28/03/2016,324820,13903670000.0,42.8(0.00 %),333200,14263780000,8380,360110000.0,242506680,20.9
29/03/2016,55000,2328320000.0,42(-1.87 %),55000,2328320000,0,0.0,242678430,20.89
30/03/2016,135710,5707440000.0,42.1(0.24 %),194030,8166860000,58320,2459420000.0,242638877,20.9
31/03/2016,-170560,-7084510000.0,41(-2.61 %),903790,37486280000,1074350,44570790000.0,242602487,20.9
01/04/2016,21100,869800000.0,40.9(-0.24 %),251100,10282790000,230000,9412990000.0,242451387,20.9
04/04/2016,-63130,-2580810000.0,40.9(0.00 %),130150,5316650000,193280,7897460000.0,242326237,20.91
05/04/2016,-208490,-8541500000.0,41(0.24 %),996220,40710820000,1204710,49252320000.0,242339157,20.91
06/04/2016,-242930,-9990410000.0,42(2.44 %),257070,10631140000,500000,20621550000.0,242212087,20.91
07/04/2016,-173490,-7200800000.0,41.7(-0.71 %),348610,14496010000,522100,21696810000.0,242206757,20.91
08/04/2016,-47670,-1978820000.0,41.4(-0.72 %),415030,17222480000,462700,19201300000.0,242305627,20.91
11/04/2016,-73900,-2958220000.0,41.6(0.48 %),240060,9993540000,313960,12951760000.0,242565567,20.9
12/04/2016,97000,4083500000.0,42.1(1.20 %),410000,17204600000,313000,13121100000.0,242827667,20.89
13/04/2016,-8390,-350540000.0,41.9(-0.48 %),10000,420000000,18390,770540000.0,243180367,20.88
14/04/2016,361780,15289200000.0,42.3(0.95 %),370080,15640690000,8300,351490000.0,243124247,20.88
15/04/2016,224860,9623000000.0,42.5(0.47 %),232430,9944980000,7570,321980000.0,242904817,20.89
19/04/2016,446660,19126860000.0,42.4(-0.24 %),466660,19974990000,20000,848130000.0,242456547,20.9
20/04/2016,560040,23764740000.0,42.8(0.94 %),560040,23764740000,0,0.0,241904807,20.92
21/04/2016,553150,23764010000.0,42.9(0.23 %),553150,23764010000,0,0.0,241359227,20.94
22/04/2016,1158810,51557450000.0,45.7(6.53 %),1164810,51822150000,6000,264700000.0,240214419,20.99
25/04/2016,102000,4722050000.0,45.9(0.44 %),277000,12835030000,175000,8112980000.0,239937427,21.0
26/04/2016,395870,18490320000.0,47.2(2.83 %),450000,21002180000,54130,2511860000.0,239507427,21.01
27/04/2016,125660,5994090000.0,46(-2.54 %),317750,14876180000,192090,8882090000.0,239195680,21.02
28/04/2016,-164680,-7594660000.0,46.2(0.43 %),149110,6888060000,313790,14482720000.0,239221570,21.02
29/04/2016,46890,2231500000.0,46(-0.43 %),211970,9832410000,165080,7600910000.0,239043730,21.03
04/05/2016,100420,4635850000.0,46.1(0.22 %),279800,12877520000,179380,8241670000.0,238956020,21.03
05/05/2016,431730,20388810000.0,47.1(2.17 %),568630,26847910000,136900,6459100000.0,238798590,21.04
06/05/2016,703190,33953210000.0,48.6(3.18 %),718660,34691890000,15470,738680000.0,238245015,21.06
09/05/2016,312140,15232300000.0,48(-1.23 %),361400,17618570000,49260,2386270000.0,238062995,21.07
10/05/2016,192310,9242530000.0,48.6(1.25 %),193310,9290630000,1000,48100000.0,237909175,21.07
11/05/2016,28990,1430440000.0,49(0.82 %),279150,13646240000,250160,12215800000.0,237645495,21.08
12/05/2016,-56860,-2751350000.0,48(-2.04 %),173490,8496610000,230350,11247960000.0,237521265,21.09
13/05/2016,-3540,-187860000.0,47.6(-0.83 %),134800,6403040000,138340,6590900000.0,237442569,21.09
16/05/2016,-14690,-731550000.0,48.3(1.47 %),104220,5001600000,118910,5733150000.0,237588509,21.08
17/05/2016,-56410,-2720350000.0,48.3(0.00 %),191900,9295930000,248310,12016280000.0,237626959,21.08
18/05/2016,-326480,-15994710000.0,49(1.45 %),167620,8207070000,494100,24201780000.0,237542579,21.09
19/05/2016,-209420,-10147060000.0,48.1(-1.84 %),0,0,209420,10147060000.0,237661489,21.08
20/05/2016,-605000,-28802700000.0,47.4(-1.46 %),74600,3553490000,679600,32356190000.0,237905199,21.07
23/05/2016,-133840,-6254470000.0,46.1(-2.74 %),34160,1579580000,168000,7834050000.0,238365139,21.06
24/05/2016,-306220,-14069120000.0,45.9(-0.43 %),3000,138000000,309220,14207120000.0,238571559,21.05
25/05/2016,24420,1133980000.0,46(0.22 %),32800,1522860000,8380,388880000.0,239148359,21.03
26/05/2016,61950,2836430000.0,45.3(-1.52 %),210000,9592600000,148050,6756170000.0,239106365,21.03
27/05/2016,-61510,-2756600000.0,45.3(0.00 %),226500,10248650000,288010,13005250000.0,239285945,21.02
30/05/2016,227740,10528917000.0,46.8(3.31 %),231000,10677913000,3260,148996000.0,239058205,21.03
31/05/2016,22270,1057429000.0,46.7(-0.21 %),75700,3552710000,53430,2495281000.0,239035935,21.03
01/06/2016,170200,7978031000.0,46.9(0.43 %),170200,7978031000,0,0.0,239156625,21.03
02/06/2016,147090,6911078000.0,47.1(0.43 %),147090,6911078000,0,0.0,239009535,21.03
03/06/2016,96750,4565630000.0,47.3(0.42 %),170990,8078830000,74240,3513200000.0,238895235,21.04
06/06/2016,105610,5025740000.0,47.8(1.06 %),197110,9420740000,91500,4395000000.0,238698125,21.04
07/06/2016,133400,6400250000.0,48.1(0.63 %),243470,11692610000,110070,5292360000.0,238454655,21.05
08/06/2016,167130,8071530000.0,47.9(-0.42 %),408130,19666260000,241000,11594730000.0,238120765,21.06
09/06/2016,25500,1216190000.0,48.1(0.42 %),135700,6514770000,110200,5298580000.0,238076565,21.07
10/06/2016,332080,16169660000.0,48.5(0.83 %),454500,22117930000,122420,5948270000.0,237732135,21.08
13/06/2016,432850,21002290000.0,48.4(-0.21 %),837590,40657150000,404740,19654860000.0,237275545,21.1
14/06/2016,379630,18315640000.0,48.3(-0.21 %),552510,26670960000,172880,8355320000.0,236833235,21.11
15/06/2016,274880,13159070000.0,47.8(-1.04 %),275380,13183070000,500,24000000.0,236680275,21.12
16/06/2016,172500,8236370000.0,47.7(-0.21 %),461450,22034690000,288950,13798320000.0,236483565,21.13
17/06/2016,-90610,-4249140000.0,47.1(-1.26 %),647580,30527170000,738190,34776310000.0,236008865,21.14
20/06/2016,-98190,-4564650000.0,46.9(-0.42 %),144240,6764360000,242430,11329010000.0,235865134,21.15
21/06/2016,-28860,-1360730000.0,47(0.21 %),406250,19084110000,435110,20444840000.0,235997834,21.14
22/06/2016,33000,1546780000.0,46.8(-0.43 %),594410,27766330000,561410,26219550000.0,236541614,21.12
23/06/2016,142520,6769730000.0,48(2.56 %),231200,10985310000,88680,4215580000.0,236552844,21.12
24/06/2016,-135690,-6468110000.0,46.8(-2.50 %),117110,5366850000,252800,11834960000.0,236620844,21.12
27/06/2016,19460,916530000.0,46.2(-1.28 %),127420,5885700000,107960,4969170000.0,236654834,21.12
28/06/2016,210600,9772940000.0,46.4(0.43 %),228720,10613910000,18120,840970000.0,236514794,21.13
29/06/2016,409890,19359510000.0,47.3(1.94 %),439220,20744410000,29330,1384900000.0,236357704,21.13
30/06/2016,260840,12320420000.0,47.3(0.00 %),267640,12641760000,6800,321340000.0,236198024,21.14
01/07/2016,113290,5387700000.0,47.5(0.42 %),535000,25441450000,421710,20053750000.0,235981164,21.15
04/07/2016,179030,8724010000.0,49.2(3.58 %),183930,8962300000,4900,238290000.0,235797234,21.15
05/07/2016,550660,27888440000.0,50.5(2.64 %),586900,29731380000,36240,1842940000.0,235217134,21.17
06/07/2016,-53680,-2723320000.0,50(-0.99 %),65180,3283340000,118860,6006660000.0,235273664,21.17
07/07/2016,280630,14161780000.0,51(2.00 %),389130,19622780000,108500,5461000000.0,234889434,21.19
08/07/2016,369540,19049380000.0,51(0.00 %),449740,23123440000,80200,4074060000.0,234475934,21.2
11/07/2016,1057200,55565500000.0,52(1.96 %),1135100,59668700000,77900,4103200000.0,234475934,21.2
12/07/2016,512890,27043930000.0,54(3.85 %),515870,27201930000,2980,158000000.0,233102324,21.25
13/07/2016,629640,35356260000.0,57.5(6.48 %),1541410,86720520000,911770,51364260000.0,232408074,21.28
14/07/2016,441910,25472570000.0,56(-2.61 %),577200,33308310000,135290,7835740000.0,231908774,21.3
15/07/2016,-172840,-9354130000.0,54(-3.57 %),409030,22652320000,581870,32006450000.0,231537724,21.31
18/07/2016,-6920,-363290000.0,55.5(2.78 %),379130,20766410000,386050,21129700000.0,231303404,21.32
19/07/2016,41970,2331600000.0,56(0.90 %),109300,6088000000,67330,3756400000.0,231279394,21.32
20/07/2016,97600,5386800000.0,55(-1.79 %),291000,16025050000,193400,10638250000.0,231565265,21.31
21/07/2016,181310,9906670000.0,55.5(0.91 %),1034540,56440610000,853230,46533940000.0,231601775,21.31
22/07/2016,-396000,-20901110000.0,52(-6.31 %),58800,3102750000,454800,24003860000.0,231610305,21.31
25/07/2016,112450,5963910000.0,53(1.92 %),197450,10477320000,85000,4513410000.0,231576255,21.31
26/07/2016,-49720,-2623760000.0,53(0.00 %),24800,1325800000,74520,3949560000.0,231719685,21.31
27/07/2016,162250,8814970000.0,54.5(2.83 %),197590,10727990000,35340,1913020000.0,231976895,21.3
28/07/2016,5510,305890000.0,55(0.92 %),10510,576690000,5000,270800000.0,232051385,21.29
29/07/2016,-42280,-2281740000.0,54(-1.82 %),22650,1226980000,64930,3508720000.0,232103255,21.29
01/08/2016,88320,4759450000.0,53(-1.85 %),209680,11269400000,121360,6509950000.0,231928915,21.3
02/08/2016,-86090,-4439580000.0,51.5(-2.83 %),479460,24663180000,565550,29102760000.0,231657475,21.31
03/08/2016,44200,2226990000.0,50.5(-1.94 %),77000,3874240000,32800,1647250000.0,231645405,21.31
04/08/2016,-161330,-8385060000.0,52(2.97 %),155250,8095800000,316580,16480860000.0,231727515,21.3
05/08/2016,-243040,-12436080000.0,51(-1.92 %),11180,572420000,254220,13008500000.0,232078865,21.29
08/08/2016,-141800,-7224950000.0,52(1.96 %),122210,6287180000,264010,13512130000.0,231989455,21.3
09/08/2016,-17980,-919100000.0,53(1.92 %),27880,1458410000,45860,2377510000.0,232162155,21.29
10/08/2016,-9960,-532890000.0,53.5(0.94 %),140,7510000,10100,540400000.0,232416235,21.28
11/08/2016,243080,13462940000.0,56(4.67 %),260510,14423020000,17430,960080000.0,232419735,21.28
12/08/2016,18660,1024180000.0,54.5(-2.68 %),30490,1679600000,11830,655420000.0,232435105,21.28
15/08/2016,5640,297520000.0,54.5(0.00 %),17280,931880000,11640,634360000.0,232427925,21.28
16/08/2016,-186730,-10096730000.0,54(-0.92 %),200,10800000,186930,10107530000.0,232445155,21.28
17/08/2016,-306450,-16169130000.0,53(-1.85 %),25000,1337500000,331450,17506630000.0,232431990,21.28
18/08/2016,-325020,-17476230000.0,53(0.00 %),18330,980990000,343350,18457220000.0,232425300,21.28
19/08/2016,-8900,-457130000.0,53.5(0.94 %),57420,3096160000,66320,3553290000.0,232554810,21.27
22/08/2016,-100830,-5395120000.0,53.5(0.00 %),371840,20001130000,472670,25396250000.0,232714420,21.27
23/08/2016,-285740,-15160460000.0,53(-0.93 %),129000,6870700000,414740,22031160000.0,232928770,21.26
24/08/2016,28280,1525080000.0,54(1.89 %),28280,1525080000,0,0.0,232966810,21.26
25/08/2016,1420,72030000.0,54(0.00 %),127440,6854840000,126020,6782810000.0,233112040,21.25
26/08/2016,-154830,-8883140000.0,57.5(6.48 %),73950,4215550000,228780,13098690000.0,233452830,21.24
29/08/2016,-275810,-16180660000.0,57.5(0.00 %),129370,7607760000,405180,23788420000.0,233323460,21.24
30/08/2016,-597260,-33340500000.0,55.5(-3.48 %),1031720,57712480000,1628980,91052980000.0,232917760,21.26
31/08/2016,-1965900,-107430010000.0,54(-2.70 %),84590,4647220000,2050490,112077230000.0,233061950,21.25
01/09/2016,-2458850,-129284870000.0,52.5(-2.78 %),556470,29482360000,3015320,158767230000.0,232910660,21.26
05/09/2016,-2937780,-148307020000.0,50.5(-3.81 %),644230,32615110000,3582010,180922130000.0,233395413,21.24
06/09/2016,-1085810,-55045270000.0,50.5(0.00 %),160310,8140670000,1246120,63185940000.0,235285593,21.17
07/09/2016,-556060,-28325430000.0,50.5(0.00 %),125000,6368610000,681060,34694040000.0,238175913,21.06
08/09/2016,61440,3096680000.0,50.5(0.00 %),459040,23185980000,397600,20089300000.0,241298883,20.95
09/09/2016,-382630,-14922190000.0,38.7(5.54 %),524950,20280610000,907580,35202800000.0,242020053,20.92
12/09/2016,-281670,-10528330000.0,37.45(-3.23 %),239600,9029240000,521270,19557570000.0,242557343,20.9
13/09/2016,-1218570,-44354100000.0,36(-3.87 %),3120,115840000,1221690,44469940000.0,242951823,20.88
14/09/2016,-89710,-3260030000.0,36.5(1.39 %),293630,10790450000,383340,14050480000.0,243565773,20.86
15/09/2016,-327110,-11811590000.0,36(-1.37 %),35900,1313790000,363010,13125380000.0,243955313,20.85
16/09/2016,-5836050,-205147040000.0,35(-2.78 %),1142550,39989590000,6978600,245136630000.0,244034453,20.84
19/09/2016,387080,14074900000.0,36.65(4.71 %),392080,14254000000,5000,179100000.0,244025713,20.84
20/09/2016,548060,20141190000.0,37.45(2.18 %),578970,21268590000,30910,1127400000.0,243809753,20.85
21/09/2016,-429560,-14611520000.0,37.45(0.00 %),578440,21587230000,1008000,36198750000.0,250209913,20.61
22/09/2016,272030,10272780000.0,37.5(0.13 %),283100,10691830000,11070,419050000.0,249931813,20.62
23/09/2016,298850,11175370000.0,37.35(-0.40 %),480393,17982480000,181543,6807110000.0,249656873,20.63
26/09/2016,322190,12106600000.0,37.6(0.67 %),352950,13255830000,30760,1149230000.0,250311923,20.61
27/09/2016,414180,15898730000.0,38.6(2.66 %),612740,23524720000,198560,7625990000.0,249710253,20.63
28/09/2016,346230,13465510000.0,39(1.04 %),571120,22231200000,224890,8765690000.0,249192543,20.65
29/09/2016,117340,4561200000.0,38.3(-1.79 %),227340,8803200000,110000,4242000000.0,248998563,20.66
30/09/2016,210100,8092680000.0,38.3(0.00 %),311160,11987290000,101060,3894610000.0,248891972,20.66
03/10/2016,-223830,-8511640000.0,37.9(-1.04 %),16180,614820000,240010,9126460000.0,249054272,20.65
04/10/2016,-25340,-945780000.0,37.9(0.00 %),271420,10373110000,296760,11318890000.0,248892852,20.66
05/10/2016,-64300,-2453710000.0,38.2(0.79 %),130090,4997810000,194390,7451520000.0,248863822,20.66
06/10/2016,26390,1010480000.0,38.35(0.39 %),301390,11563100000,275000,10552620000.0,248802442,20.66
07/10/2016,-316990,-12073830000.0,37.95(-1.04 %),1110,42180000,318100,12116010000.0,249098092,20.65
10/10/2016,-24750,-954840000.0,37.5(-1.19 %),94280,3540710000,119030,4495550000.0,249198202,20.65
11/10/2016,-117560,-4300390000.0,37.8(0.80 %),537940,19976820000,655500,24277210000.0,248935262,20.66
12/10/2016,157040,5921130000.0,37.6(-0.53 %),157040,5921130000,0,0.0,249096322,20.65
13/10/2016,-213040,-7944830000.0,37.3(-0.80 %),36710,1373550000,249750,9318380000.0,249178642,20.65
14/10/2016,74310,2782060000.0,37.2(-0.27 %),173290,6487150000,98980,3705090000.0,249660852,20.63
17/10/2016,-537190,-19727990000.0,36.4(-2.15 %),99390,3646230000,636580,23374220000.0,249561462,20.64
18/10/2016,-278800,-10153510000.0,36.45(0.14 %),123080,4497150000,401880,14650660000.0,249688132,20.63
19/10/2016,-116310,-4312720000.0,36.7(0.69 %),60710,2245500000,177020,6558220000.0,249726304,20.63
20/10/2016,75330,2772080000.0,36.7(0.00 %),222700,8195760000,147370,5423680000.0,250140184,20.61
21/10/2016,155390,5701000000.0,36.7(0.00 %),288790,10601900000,133400,4900900000.0,250253274,20.61
24/10/2016,-145060,-5285890000.0,36.1(-1.63 %),17240,628810000,162300,5914700000.0,250413054,20.6
25/10/2016,-325610,-11606740000.0,35.75(-0.97 %),274290,9793180000,599900,21399920000.0,250286134,20.61
26/10/2016,-81050,-2859730000.0,35.3(-1.26 %),171100,6075600000,252150,8935330000.0,250248434,20.61
27/10/2016,108180,3923350000.0,36.3(2.83 %),195020,7019150000,86840,3095800000.0,250215714,20.61
28/10/2016,113300,4104090000.0,36.3(0.00 %),163300,5912710000,50000,1808620000.0,250652314,20.59
31/10/2016,247840,8984520000.0,36(-0.83 %),297840,10796010000,50000,1811490000.0,250606624,20.6
01/11/2016,122160,4387290000.0,35.9(-0.28 %),198110,7117850000,75950,2730560000.0,250495354,20.6
02/11/2016,94880,3394710000.0,35.4(-1.39 %),146950,5259710000,52070,1865000000.0,250398404,20.6
03/11/2016,160960,5619310000.0,35(-1.13 %),226840,7925380000,65880,2306070000.0,250221564,20.61
04/11/2016,358000,12538920000.0,35(0.00 %),364180,12755220000,6180,216300000.0,249933334,20.62
07/11/2016,632380,22685890000.0,36.25(3.57 %),632380,22685890000,0,0.0,249353024,20.64
08/11/2016,619360,22484760000.0,36.4(0.41 %),782490,28407670000,163130,5922910000.0,248736414,20.67
09/11/2016,309360,11108830000.0,36(-1.10 %),857920,30726240000,548560,19617410000.0,248306624,20.68
10/11/2016,100000,3641870000.0,36.4(1.11 %),544650,19861200000,444650,16219330000.0,248061974,20.69
11/11/2016,-147060,-5375160000.0,36.25(-0.41 %),233520,8492760000,380580,13867920000.0,247891584,20.7
14/11/2016,-161830,-5808500000.0,35.8(-1.24 %),231150,8306410000,392980,14114910000.0,333052893,28.0
15/11/2016,10840,389130000.0,35.8(0.00 %),10840,389130000,0,0.0,333186703,28.0
16/11/2016,71000,2540970000.0,35.8(0.00 %),131520,4709830000,60520,2168860000.0,333435763,27.99
17/11/2016,60930,2176100000.0,35.65(-0.42 %),308770,10998680000,247840,8822580000.0,333519973,20.73
18/11/2016,271640,9658090000.0,35.55(-0.28 %),416050,14791640000,144410,5133550000.0,333103923,20.74
21/11/2016,134630,4796370000.0,35.7(0.42 %),271630,9673070000,137000,4876700000.0,332892813,20.75
22/11/2016,69420,2497320000.0,36(0.84 %),292500,10466350000,223080,7969030000.0,332998153,20.74
23/11/2016,8190,297180000.0,36.3(0.83 %),8210,297910000,20,730000.0,333134353,20.74
24/11/2016,-6660,-261730000.0,36(-0.83 %),108690,3909090000,115350,4170820000.0,333162663,20.74
25/11/2016,107900,3873570000.0,35.8(-0.56 %),366580,13136230000,258680,9262660000.0,332869163,20.75
28/11/2016,276660,9809800000.0,35.5(-0.84 %),683440,24241430000,406780,14431630000.0,332185743,20.77
29/11/2016,-102760,-3627120000.0,35(-1.41 %),942650,33085140000,1045410,36712260000.0,331608443,20.78
30/11/2016,244120,8556660000.0,35.2(0.57 %),1221910,42727050000,977790,34170390000.0,330775213,20.81
01/12/2016,377710,13348090000.0,35.25(0.14 %),679370,24007660000,301660,10659570000.0,330563713,20.81
02/12/2016,421660,14847780000.0,35.3(0.14 %),543820,19147380000,122160,4299600000.0,330815303,20.8
05/12/2016,143890,5031200000.0,34.9(-1.13 %),285320,9979020000,141430,4947820000.0,331377773,20.79
06/12/2016,-68380,-2324840000.0,34.15(-2.15 %),329990,11307970000,398370,13632810000.0,331288353,20.79
07/12/2016,288070,9877190000.0,34.4(0.73 %),568260,19476800000,280190,9599610000.0,330842253,20.8
08/12/2016,350070,12222570000.0,35(1.74 %),493860,17211310000,143790,4988740000.0,330549823,20.81
09/12/2016,360800,12627530000.0,35.05(0.14 %),546350,19121050000,185550,6493520000.0,330514373,20.81
12/12/2016,350710,12229450000.0,34.9(-0.43 %),494420,17234150000,143710,5004700000.0,330300159,20.82
13/12/2016,139670,4874560000.0,34.4(-1.43 %),562950,19521900000,423280,14647340000.0,329821011,20.83
14/12/2016,279700,9714070000.0,34.8(1.16 %),456680,15851230000,176980,6137160000.0,329553031,20.84
15/12/2016,376270,13137730000.0,35(0.57 %),496860,17348790000,120590,4211060000.0,329315556,20.85
16/12/2016,-16840,-593000000.0,35.1(0.29 %),860960,30177500000,877800,30770500000.0,328644426,20.87
19/12/2016,93050,3270380000.0,35.15(0.14 %),375850,13200940000,282800,9930560000.0,328663326,20.86
20/12/2016,-130260,-4555040000.0,34.95(-0.57 %),95030,3327670000,225290,7882710000.0,328640806,20.87
21/12/2016,41280,1442560000.0,34.95(0.00 %),165190,5779380000,123910,4336820000.0,329453423,20.84
22/12/2016,89380,3121410000.0,34.9(-0.14 %),150720,5265670000,61340,2144260000.0,329485503,20.84
23/12/2016,303280,10697870000.0,35.6(2.01 %),497640,17553930000,194360,6856060000.0,329328211,20.85
26/12/2016,161240,5807640000.0,36.1(1.40 %),175000,6299330000,13760,491690000.0,329040605,20.85
27/12/2016,93410,3386430000.0,36(-0.28 %),148000,5362300000,54590,1975870000.0,329040605,20.85
28/12/2016,-120910,-4320240000.0,35.6(-1.11 %),140430,5024930000,261340,9345170000.0,328961765,20.86
29/12/2016,-52650,-1871480000.0,35.45(-0.42 %),92860,3301080000,145510,5172560000.0,328882665,20.86
30/12/2016,-75250,-2676130000.0,35.45(0.00 %),135870,4825920000,211120,7502050000.0,328801392,20.86
03/01/2017,-36560,-1362540000.0,37.25(5.08 %),44030,1639300000,80590,3001840000.0,329018702,20.85
04/01/2017,-7160,-265430000.0,37(-0.67 %),96190,3560720000,103350,3826150000.0,329068022,20.85
05/01/2017,-24840,-923860000.0,37.15(0.41 %),860,31810000,25700,955670000.0,329278282,20.85
06/01/2017,277800,10570480000.0,37.9(2.02 %),279420,10631890000,1620,61410000.0,329079452,20.85
09/01/2017,804320,31079920000.0,38.7(2.11 %),853280,32970550000,48960,1890630000.0,328329529,20.87
10/01/2017,160620,6185580000.0,38.4(-0.78 %),466100,17967610000,305480,11782030000.0,327994459,20.88
11/01/2017,-318530,-12249300000.0,38.45(0.13 %),10500,403280000,329030,12652580000.0,327985579,20.88
12/01/2017,-445690,-16950560000.0,37.9(-1.43 %),125500,4780360000,571190,21730920000.0,327909039,20.89
13/01/2017,-366980,-13916540000.0,37.45(-1.19 %),42760,1617930000,409740,15534470000.0,328066429,20.88
16/01/2017,-11350,-433300000.0,37.35(-0.27 %),107240,4009990000,118590,4443290000.0,328288237,20.88
17/01/2017,-24340,-868030000.0,38.95(4.28 %),233660,8963990000,258000,9832020000.0,328625767,20.87
18/01/2017,313270,12102860000.0,38.3(-1.67 %),425720,16451950000,112450,4349090000.0,328609787,20.87
19/01/2017,-4270,-129770000.0,38(-0.78 %),142460,5456090000,146730,5585860000.0,328585917,20.87
20/01/2017,3180,115790000.0,38(0.00 %),171480,6550020000,168300,6434230000.0,328672437,20.86
23/01/2017,-113840,-4331650000.0,38.1(0.26 %),136160,5185850000,250000,9517500000.0,328648727,20.87
24/01/2017,-134490,-5160160000.0,38.6(1.31 %),135240,5187600000,269730,10347760000.0,328660217,20.86
25/01/2017,173980,6767200000.0,39.3(1.81 %),516010,20034820000,342030,13267620000.0,328312507,20.87
02/02/2017,-247290,-9697320000.0,39.45(0.38 %),202390,7966380000,449680,17663700000.0,328360117,20.87
03/02/2017,-90030,-3513040000.0,38.7(-1.90 %),390950,15261060000,480980,18774100000.0,328289897,20.88
06/02/2017,70340,2726820000.0,38.7(0.00 %),359340,13915950000,289000,11189130000.0,328272587,20.88
07/02/2017,151630,5917760000.0,39.25(1.42 %),361610,14110620000,209980,8192860000.0,328360657,20.87
08/02/2017,484180,19051990000.0,39.75(1.27 %),607340,23896190000,123160,4844200000.0,328167968,20.88
09/02/2017,462060,18347040000.0,39.7(-0.13 %),622240,24705410000,160180,6358370000.0,327850057,20.89
10/02/2017,-115890,-4569390000.0,39.3(-1.01 %),742300,29296000000,858190,33865390000.0,327517737,20.9
13/02/2017,-88960,-3475270000.0,38.85(-1.15 %),13470,524590000,102430,3999860000.0,327627427,20.89
14/02/2017,-94860,-3692330000.0,38.7(-0.39 %),47200,1831490000,142060,5523820000.0,327740407,20.89
15/02/2017,9480,380110000.0,39(0.78 %),424600,16606360000,415120,16226250000.0,327974005,20.88
16/02/2017,261650,10253260000.0,38.6(-1.03 %),376890,14774780000,115240,4521520000.0,327699545,20.89
17/02/2017,74610,2901600000.0,38.3(-0.78 %),257740,9945850000,183130,7044250000.0,327583865,20.89
20/02/2017,81950,3125720000.0,37.95(-0.91 %),83300,3177700000,1350,51980000.0,327915685,20.89
21/02/2017,376090,14373640000.0,38.4(1.19 %),412120,15742450000,36030,1368810000.0,327618805,20.89
22/02/2017,185290,7083480000.0,37.9(-1.30 %),281910,10773390000,96620,3689910000.0,327520025,20.9
23/02/2017,-66310,-2506890000.0,37.6(-0.79 %),474030,17883870000,540340,20390760000.0,327147345,20.91
24/02/2017,65410,2450540000.0,37.45(-0.40 %),362230,13574900000,296820,11124360000.0,326962585,20.91
27/02/2017,170550,6447590000.0,38.2(2.00 %),342610,12970350000,172060,6522760000.0,327215428,20.91
28/02/2017,-45840,-1710940000.0,37.4(-2.09 %),148300,5626510000,194140,7337450000.0,327103644,20.91
01/03/2017,-329490,-12161350000.0,37.2(-0.53 %),43600,1631450000,373090,13792800000.0,327215428,20.91
02/03/2017,-363290,-12951350000.0,36.9(-0.81 %),398850,15387240000,762140,28338590000.0,326893638,20.91
03/03/2017,-4340,-157050000.0,37.5(1.63 %),86060,3206590000,90400,3363640000.0,327001766,20.91
06/03/2017,-86060,-3219350000.0,37.3(-0.53 %),53000,1989910000,139060,5209260000.0,327321856,20.9
07/03/2017,69250,2590490000.0,37.5(0.54 %),125850,4701160000,56600,2110670000.0,327958146,20.88
08/03/2017,-47460,-1763260000.0,37.7(0.53 %),41260,1559360000,88720,3322620000.0,328007286,20.88
09/03/2017,221810,8448840000.0,37.8(0.27 %),222810,8486940000,1000,38100000.0,327923536,20.89
10/03/2017,-191500,-7183630000.0,37.5(-0.79 %),66000,2492130000,257500,9675760000.0,327943556,20.88
13/03/2017,-316840,-11760430000.0,37.05(-1.20 %),2250,83470000,319090,11843900000.0,328030026,20.88
14/03/2017,-57620,-2128900000.0,37.05(0.00 %),113620,4224180000,171240,6353080000.0,327917406,20.89
15/03/2017,-61300,-2270630000.0,36.95(-0.27 %),144640,5360400000,205940,7631030000.0,328062456,20.88
16/03/2017,-192060,-7115640000.0,37.1(0.41 %),24200,895910000,216260,8011550000.0,328357352,20.87
17/03/2017,-2179070,-80696980000.0,37(-0.27 %),590140,21858080000,2769210,102555060000.0,328357352,20.87
20/03/2017,-152650,-5724170000.0,37.55(1.49 %),1900,71270000,154550,5795440000.0,328357352,20.87
21/03/2017,186090,7061260000.0,38(1.20 %),253230,9608240000,67140,2546980000.0,328357352,20.87
22/03/2017,-324090,-12277170000.0,37.7(-0.79 %),451670,17174700000,775760,29451870000.0,328357352,20.87
23/03/2017,297030,11320250000.0,38.25(1.46 %),489000,18616360000,191970,7296110000.0,328357352,20.87
24/03/2017,-461890,-17587820000.0,38(-0.65 %),183240,7016490000,645130,24604310000.0,328357352,20.87
27/03/2017,-348670,-13248200000.0,37.8(-0.53 %),490670,18653760000,839340,31901960000.0,328357352,20.87
28/03/2017,-718830,-27000420000.0,37.4(-1.06 %),207420,7802820000,926250,34803240000.0,328357352,20.87
29/03/2017,-720640,-26826230000.0,37.3(-0.27 %),32620,1213630000,753260,28039860000.0,328357352,20.87
30/03/2017,-397690,-14842680000.0,37.2(-0.27 %),184270,6873670000,581960,21716350000.0,328357352,20.87
31/03/2017,-302820,-11215880000.0,36.9(-0.81 %),352200,13079990000,655020,24295870000.0,328357352,20.87
03/04/2017,-807130,-29520400000.0,36.4(-1.36 %),44390,1626800000,851520,31147200000.0,333098550,20.74
04/04/2017,-62390,-2304700000.0,36.8(1.10 %),698950,25740220000,761340,28044920000.0,333481560,20.73
05/04/2017,14390,545540000.0,36.85(0.14 %),754230,27951320000,739840,27405780000.0,333732350,20.72
07/04/2017,150850,5539610000.0,36.8(-0.14 %),430700,15825950000,279850,10286340000.0,334303178,20.71
10/04/2017,109920,4041100000.0,36.7(-0.27 %),981610,36097470000,871690,32056370000.0,334255108,20.71
11/04/2017,-9470,-349000000.0,36.9(0.54 %),660990,24328860000,670460,24677860000.0,334365358,20.71
12/04/2017,293580,10804870000.0,36.8(-0.27 %),499570,18382760000,205990,7577890000.0,333995638,20.72
13/04/2017,390710,14397380000.0,36.75(-0.14 %),420480,15495280000,29770,1097900000.0,333674657,20.73
14/04/2017,171730,6250900000.0,36.35(-1.09 %),279960,10186810000,108230,3935910000.0,333433757,20.73
17/04/2017,-25220,-937370000.0,35.5(-2.34 %),373900,13451050000,399120,14388420000.0,333415847,20.73
18/04/2017,20080,716240000.0,35.85(0.99 %),22990,819600000,2910,103360000.0,333422627,20.73
19/04/2017,-4060,-144350000.0,35.9(0.14 %),195140,6993410000,199200,7137760000.0,333335717,20.73
20/04/2017,-464890,-16546930000.0,35.4(-1.39 %),217660,7750820000,682550,24297750000.0,333444987,20.73
21/04/2017,-14960,-516670000.0,35.5(0.28 %),195640,6989900000,210600,7506570000.0,333252257,20.74
24/04/2017,2950,122930000.0,35.1(-1.13 %),96790,3446890000,93840,3323960000.0,333354675,20.73
25/04/2017,-99290,-3476790000.0,35.1(0.00 %),100210,3516330000,199500,6993120000.0,333859205,20.72
26/04/2017,-403420,-14159330000.0,35.05(-0.14 %),243290,8529430000,646710,22688760000.0,334026515,20.72
27/04/2017,-1924490,-67241810000.0,34.85(-0.57 %),132870,4663980000,2057360,71905790000.0,334037485,20.72
28/04/2017,-557630,-19524730000.0,35.1(0.72 %),221950,7728620000,779580,27253350000.0,334015035,20.72
03/05/2017,-193910,-6857590000.0,35.5(1.14 %),386000,13684360000,579910,20541950000.0,334375745,20.71
04/05/2017,240690,8756020000.0,36.3(2.25 %),584950,21153160000,344260,12397140000.0,335962415,20.66
05/05/2017,61510,2224800000.0,36.1(-0.55 %),61510,2224800000,0,0.0,336680485,20.64
08/05/2017,-15780,-565350000.0,35.75(-0.97 %),25320,912750000,41100,1478100000.0,336935075,20.63
09/05/2017,423450,15361580000.0,36.45(1.96 %),425750,15445070000,2300,83490000.0,336689325,20.64
10/05/2017,448870,16519280000.0,36.75(0.82 %),460470,16947020000,11600,427740000.0,336228855,20.65
11/05/2017,746920,27523590000.0,36.8(0.14 %),753650,27771060000,6730,247470000.0,335516305,20.67
12/05/2017,134620,4914280000.0,36.45(-0.95 %),286560,10460550000,151940,5546270000.0,335332045,20.68
15/05/2017,-139120,-5056050000.0,36.3(-0.41 %),113800,4131640000,252920,9187690000.0,335229845,20.68
16/05/2017,-26510,-958890000.0,36.05(-0.69 %),126940,4588050000,153450,5546940000.0,335109640,20.69
17/05/2017,272840,9864440000.0,36.2(0.42 %),629270,22763170000,356430,12898730000.0,334532310,20.7
18/05/2017,17830,650560000.0,36.35(0.41 %),322130,11705290000,304300,11054730000.0,334463100,20.7
19/05/2017,379790,13883060000.0,36.75(1.10 %),382220,13971390000,2430,88330000.0,334234330,20.71
22/05/2017,92750,3432460000.0,37.5(2.04 %),139110,5176680000,46360,1744220000.0,334451650,20.7
23/05/2017,546410,20468920000.0,37.2(-0.80 %),588410,22045220000,42000,1576300000.0,334167540,20.71
24/05/2017,288890,10897590000.0,37.75(1.48 %),421510,15885070000,132620,4987480000.0,333855440,20.72
25/05/2017,-198010,-7381530000.0,37.1(-1.72 %),151190,5675850000,349200,13057380000.0,333750610,20.72
26/05/2017,-238330,-8793380000.0,36.7(-1.08 %),189830,7001980000,428160,15795360000.0,333727780,20.72
29/05/2017,-603550,-22204450000.0,36.4(-0.82 %),28360,1050570000,631910,23255020000.0,333725060,20.72
30/05/2017,66560,2427480000.0,36.3(-0.27 %),249440,9095820000,182880,6668340000.0,333824830,20.72
31/05/2017,-599200,-21696070000.0,36.2(-0.28 %),127310,4613690000,726510,26309760000.0,334000680,20.72
01/06/2017,134390,4909590000.0,36.3(0.28 %),465080,16986680000,330690,12077090000.0,334367510,20.71
02/06/2017,175920,6359260000.0,36.3(0.00 %),433530,15701780000,257610,9342520000.0,334116860,20.71
05/06/2017,428720,15865880000.0,37.2(2.48 %),734640,27161000000,305920,11295120000.0,334208730,20.71
06/06/2017,336360,12747060000.0,38.65(3.90 %),702360,26714560000,366000,13967500000.0,333837060,20.72
07/06/2017,343050,13234890000.0,38.3(-0.91 %),617050,23774100000,274000,10539210000.0,333621290,20.73
08/06/2017,-95900,-3648610000.0,37.9(-1.04 %),334820,12719370000,430720,16367980000.0,333692390,20.73
09/06/2017,-27880,-1055210000.0,38.4(1.32 %),219110,8401180000,246990,9456390000.0,333639280,20.73
12/06/2017,386300,14758920000.0,38.35(-0.13 %),398880,15241180000,12580,482260000.0,333370730,20.73
13/06/2017,163830,6297550000.0,38.55(0.52 %),303570,11643490000,139740,5345940000.0,333297880,20.74
14/06/2017,1142430,44649990000.0,39.2(1.69 %),1152720,45052810000,10290,402820000.0,332392154,20.76
15/06/2017,1389390,54747350000.0,39.5(0.77 %),1469020,57891300000,79630,3143950000.0,330935714,20.8
16/06/2017,-497860,-19617260000.0,39.5(0.00 %),712410,28196670000,1210270,47813930000.0,330393044,20.82
19/06/2017,128550,5082540000.0,39.7(0.51 %),422740,16736970000,294190,11654430000.0,330044024,20.83
20/06/2017,-475790,-18803300000.0,39.5(-0.50 %),143070,5649400000,618860,24452700000.0,329980584,20.83
21/06/2017,-262680,-10166620000.0,38.65(-2.15 %),231830,9008200000,494510,19174820000.0,330929030,20.8
22/06/2017,-14580,-534700000.0,38.1(-1.42 %),345420,13294090000,360000,13828790000.0,330814374,20.81
23/06/2017,65730,2463850000.0,38.1(0.00 %),757050,28719110000,691320,26255260000.0,331002364,20.8
26/06/2017,59900,2302630000.0,38.5(1.05 %),643230,24695670000,583330,22393040000.0,331132944,20.8
27/06/2017,559620,21614400000.0,38.25(-0.65 %),976880,37722960000,417260,16108560000.0,330965822,20.8
28/06/2017,294750,11213580000.0,38.05(-0.52 %),340460,12953610000,45710,1740030000.0,330965822,20.8
29/06/2017,149170,5689080000.0,38.2(0.39 %),359230,13710150000,210060,8021070000.0,330972122,20.8
30/06/2017,266060,10189250000.0,38.5(0.79 %),496930,19041710000,230870,8852460000.0,330490092,20.81
03/07/2017,560230,21710210000.0,38.9(1.04 %),695650,26978450000,135420,5268240000.0,329881492,20.83
04/07/2017,356040,13797980000.0,38.7(-0.51 %),374560,14516850000,18520,718870000.0,329655496,20.84
05/07/2017,294440,11423930000.0,38.85(0.39 %),443270,17206010000,148830,5782080000.0,329443096,20.84
06/07/2017,1003460,39397310000.0,39.35(1.29 %),1315730,51653230000,312270,12255920000.0,328198736,20.88
07/07/2017,50210,1979350000.0,38.7(-1.65 %),54040,2129510000,3830,150160000.0,328163216,20.88
10/07/2017,-88100,-3319050000.0,38.1(-1.55 %),153250,5885020000,241350,9204070000.0,328110641,20.88
11/07/2017,214260,8147050000.0,38.3(0.52 %),1021760,39019380000,807500,30872330000.0,328106806,20.88
12/07/2017,-310890,-11846590000.0,38(-0.78 %),470610,17914000000,781500,29760590000.0,327640031,20.89
13/07/2017,60890,2362410000.0,38.2(0.53 %),192740,7387050000,131850,5024640000.0,327688641,20.89
14/07/2017,55160,2108790000.0,38.25(0.13 %),157610,6018740000,102450,3909950000.0,327681031,20.89
17/07/2017,158280,6044370000.0,37.7(-1.44 %),935490,35369120000,777210,29324750000.0,328181751,20.88
18/07/2017,542000,20462750000.0,37.75(0.13 %),1678710,63399830000,1136710,42937080000.0,327288291,20.9
19/07/2017,-84270,-3171340000.0,37.6(-0.40 %),1139810,42902800000,1224080,46074140000.0,326913341,20.91
20/07/2017,337250,12618500000.0,37.45(-0.40 %),602760,22555010000,265510,9936510000.0,326433081,20.93
21/07/2017,60590,2254480000.0,37(-1.20 %),341540,12706740000,280950,10452260000.0,326574851,20.92
24/07/2017,128730,4755480000.0,37.3(0.81 %),416530,15398280000,287800,10642800000.0,326719991,20.92
25/07/2017,-201400,-7494720000.0,37.3(0.00 %),14860,553300000,216260,8048020000.0,326970641,20.91
26/07/2017,-90210,-3379220000.0,37.4(0.27 %),110450,4130280000,200660,7509500000.0,327133451,20.91
27/07/2017,87210,3259440000.0,37.35(-0.13 %),295490,11054260000,208280,7794820000.0,327133451,20.91
28/07/2017,-345630,-12934680000.0,37.5(0.40 %),268480,10071250000,614110,23005930000.0,327081236,20.91
31/07/2017,-385170,-14504570000.0,37.75(0.67 %),212620,8006680000,597790,22511250000.0,327069276,20.91
01/08/2017,218620,8413000000.0,38.4(1.72 %),471000,18128090000,252380,9715090000.0,326876556,20.91
02/08/2017,-12310,-468440000.0,38.1(-0.78 %),127080,4846990000,139390,5315430000.0,327363586,20.9
03/08/2017,74980,2869910000.0,38.3(0.52 %),420350,16087980000,345370,13218070000.0,327766026,20.89
04/08/2017,-22140,-833320000.0,38.05(-0.65 %),210150,8002080000,232290,8835400000.0,327738256,20.89
07/08/2017,-118820,-4524680000.0,38.05(0.00 %),174730,6644200000,293550,11168880000.0,327759916,20.89
08/08/2017,66060,2561040000.0,38.4(0.92 %),373490,14382980000,307430,11821940000.0,327506796,20.9
09/08/2017,32810,1254370000.0,37.8(-1.56 %),322610,12226760000,289800,10972390000.0,327416476,20.9
10/08/2017,263400,9902820000.0,37.7(-0.26 %),608370,22884840000,344970,12982020000.0,327044656,20.91
11/08/2017,52280,1952840000.0,37.45(-0.66 %),123680,4623850000,71400,2671010000.0,327228406,20.9
14/08/2017,67100,2524680000.0,37.65(0.53 %),229290,8626470000,162190,6101790000.0,327389556,20.9
15/08/2017,8200,311530000.0,37.3(-0.93 %),195160,7311970000,186960,7000440000.0,327539366,20.9
16/08/2017,53730,2009480000.0,37.5(0.54 %),184400,6901190000,130670,4891710000.0,327426366,20.9
17/08/2017,-35410,-1321080000.0,37.3(-0.53 %),91750,3426070000,127160,4747150000.0,327396166,20.9
18/08/2017,176920,6601420000.0,37.5(0.54 %),732920,27433620000,556000,20832200000.0,327314216,20.9
21/08/2017,-26950,-1008730000.0,37.4(-0.27 %),373580,13994840000,400530,15003570000.0,327371306,20.9
22/08/2017,-199930,-7404360000.0,36.9(-1.34 %),316230,11723460000,516160,19127820000.0,327477436,20.9
23/08/2017,-25380,-920940000.0,37(0.27 %),177030,6533670000,202410,7454610000.0,327392396,20.9
24/08/2017,-13570,-492550000.0,37.05(0.14 %),138510,5152660000,152080,5645210000.0,327413532,20.9
25/08/2017,-34350,-1278490000.0,37.15(0.27 %),22280,831500000,56630,2109990000.0,327612212,20.89
28/08/2017,-60070,-2229220000.0,37.45(0.81 %),91880,3420570000,151950,5649790000.0,327722742,20.89
29/08/2017,-342660,-12676370000.0,37(-1.20 %),7970,297040000,350630,12973410000.0,327807742,20.89
30/08/2017,-408420,-15140610000.0,37(0.00 %),55060,2036870000,463480,17177480000.0,327809312,20.89
31/08/2017,-329450,-12234460000.0,37.1(0.27 %),99480,3689850000,428930,15924310000.0,327861782,20.89
01/09/2017,23490,888180000.0,37.45(0.94 %),163490,6099160000,140000,5210980000.0,328048922,20.88
05/09/2017,509130,19346370000.0,38.15(1.87 %),608540,23098570000,99410,3752200000.0,327903862,20.89
06/09/2017,179090,6810500000.0,38(-0.39 %),326790,12418330000,147700,5607830000.0,328076002,20.88
07/09/2017,-78740,-2981650000.0,37.7(-0.79 %),36970,1399830000,115710,4381480000.0,328179032,20.88
08/09/2017,-124400,-4705570000.0,37.7(0.00 %),4410,166340000,128810,4871910000.0,328274032,20.88
11/09/2017,-389420,-14826650000.0,37.7(0.00 %),28050,1067140000,417470,15893790000.0,328323682,20.87
12/09/2017,-1027270,-38839840000.0,38.05(0.93 %),119730,4532420000,1147000,43372260000.0,328419662,20.87
13/09/2017,-382070,-14563050000.0,38.05(0.00 %),75310,2879770000,457380,17442820000.0,328473162,20.87
14/09/2017,-1406380,-53751710000.0,38.3(0.66 %),18400,703170000,1424780,54454880000.0,328872237,20.86
15/09/2017,-2426143,-92193130000.0,38(-0.78 %),246060,9350810000,2672203,101543940000.0,329673177,20.84
18/09/2017,-1943880,-73432120000.0,37.6(-1.05 %),53250,2018730000,1997130,75450850000.0,330077307,20.83
19/09/2017,-1327340,-49700690000.0,37.4(-0.53 %),63330,2371790000,1390670,52072480000.0,331438757,20.79
20/09/2017,279960,10615610000.0,37.8(1.07 %),1134530,42913770000,854570,32298160000.0,333241079,20.74
21/09/2017,88320,3328410000.0,37.85(0.13 %),591520,22386460000,503200,19058050000.0,334772709,20.69
22/09/2017,160680,6060230000.0,37.65(-0.53 %),391170,14766490000,230490,8706260000.0,335772209,20.67
25/09/2017,-151330,-5673900000.0,37.5(-0.40 %),226930,8523830000,378260,14197730000.0,336135229,20.66
26/09/2017,116650,4384720000.0,37.65(0.40 %),275450,10323090000,158800,5938370000.0,336236960,20.65
27/09/2017,248540,9386980000.0,37.7(0.13 %),479480,18127780000,230940,8740800000.0,335987970,20.66
28/09/2017,391920,14626200000.0,37.25(0.95 %),451920,16867200000,60000,2241000000.0,335914316,20.66
29/09/2017,100860,3768930000.0,37.6(0.94 %),293030,10991790000,192170,7222860000.0,335780086,20.67
02/10/2017,158980,6005880000.0,37.65(0.13 %),193770,7315990000,34790,1310110000.0,335817256,20.67
03/10/2017,143810,5410630000.0,37.6(-0.13 %),473310,17828940000,329500,12418310000.0,335403954,20.68
04/10/2017,449440,17231360000.0,38.8(3.19 %),508380,19486260000,58940,2254900000.0,335087744,20.69
05/10/2017,-435640,-16898290000.0,38.7(-0.26 %),956570,37696920000,1392210,54595210000.0,334165964,20.71
06/10/2017,-1276930,-49593650000.0,39.05(0.90 %),227070,8818680000,1504000,58412330000.0,334268394,20.71
09/10/2017,-373230,-14728650000.0,39.4(0.90 %),230080,9055420000,603310,23784070000.0,334097254,20.71
10/10/2017,-511020,-20176770000.0,39.65(0.63 %),372800,14693530000,883820,34870300000.0,335116664,20.69
11/10/2017,175960,6923980000.0,39.35(-0.76 %),759650,30065330000,583690,23141350000.0,336151014,20.66
12/10/2017,59330,2320380000.0,39.05(-0.76 %),332430,13035020000,273100,10714640000.0,336421894,20.65
13/10/2017,-547400,-21502710000.0,39.35(0.77 %),281270,11013370000,828670,32516080000.0,337024444,20.63
16/10/2017,-132430,-5200750000.0,39.05(-0.76 %),385230,15107600000,517660,20308350000.0,336932904,20.63
17/10/2017,-123460,-5015750000.0,41(4.99 %),157070,6210990000,280530,11226740000.0,337048934,20.63
18/10/2017,555540,22755020000.0,40.7(-0.73 %),783350,32085860000,227810,9330840000.0,337094254,20.63
19/10/2017,-210310,-8532650000.0,40.5(-0.49 %),113800,4622280000,324110,13154930000.0,337498114,20.62
20/10/2017,165460,6752220000.0,40.8(0.74 %),270010,11033140000,104550,4280920000.0,337508638,20.62
23/10/2017,469020,18869260000.0,39.9(-2.21 %),583580,23545390000,114560,4676130000.0,337152868,20.63
24/10/2017,26890,1090940000.0,40(0.25 %),142480,5695590000,115590,4604650000.0,337334498,20.62
25/10/2017,-82880,-3304230000.0,40.75(1.88 %),265440,10714930000,348320,14019160000.0,337173610,20.63
26/10/2017,92050,3766400000.0,40.6(-0.37 %),217050,8862120000,125000,5095720000.0,337071120,20.63
27/10/2017,-113330,-4627740000.0,42(3.45 %),167640,6832180000,280970,11459920000.0,337019070,20.63
30/10/2017,771450,32712380000.0,41.9(-0.24 %),1074170,45191690000,302720,12479310000.0,336506760,20.65
31/10/2017,-287560,-12021260000.0,41.4(-1.19 %),919250,38370070000,1206810,50391330000.0,336581980,20.64
01/11/2017,-81330,-3375330000.0,41.6(0.48 %),631150,26291330000,712480,29666660000.0,336231800,20.65
02/11/2017,449420,18974610000.0,41.1(-1.20 %),469150,19795450000,19730,820840000.0,335851830,20.66
03/11/2017,192880,7900470000.0,41.9(1.95 %),349420,14409670000,156540,6509200000.0,335839750,20.67
06/11/2017,-475410,-20233230000.0,42.5(1.43 %),126300,5365460000,601710,25598690000.0,336425930,20.65
07/11/2017,103260,4359810000.0,42.45(-0.12 %),408910,17369280000,305650,13009470000.0,336036660,20.66
08/11/2017,38320,1644270000.0,43.6(2.71 %),191130,8261720000,152810,6617450000.0,336002070,20.66
09/11/2017,395060,17170700000.0,43.1(-1.15 %),724360,31489280000,329300,14318580000.0,336029420,20.66
10/11/2017,619410,26807890000.0,43.1(0.00 %),840550,36373160000,221140,9565270000.0,335494520,20.67
13/11/2017,314580,13674180000.0,43.4(0.70 %),382300,16618540000,67720,2944360000.0,335265030,20.68
14/11/2017,517640,22729650000.0,43.8(0.92 %),658880,28885030000,141240,6155380000.0,334785450,20.69
15/11/2017,197680,8666390000.0,43.6(-0.46 %),221510,9711510000,23830,1045120000.0,334785080,20.69
16/11/2017,371230,16442260000.0,44.7(2.52 %),401980,17802820000,30750,1360560000.0,334450820,20.7
17/11/2017,764240,34172650000.0,44.4(-0.67 %),1139060,50934360000,374820,16761710000.0,333803009,20.72
20/11/2017,363080,16193760000.0,45(1.35 %),671670,29951900000,308590,13758140000.0,333155169,20.74
21/11/2017,501350,23345490000.0,46.7(3.78 %),669410,31184380000,168060,7838890000.0,332586679,20.76
22/11/2017,-145880,-6903000000.0,48(2.78 %),987940,47092400000,1133820,53995400000.0,331923559,20.77
23/11/2017,-148140,-7074310000.0,47.9(-0.21 %),562000,27107790000,710140,34182100000.0,331850407,20.78
24/11/2017,-174930,-8256610000.0,47.4(-1.04 %),243810,11538380000,418740,19794990000.0,331904487,20.77
27/11/2017,95400,4545470000.0,47.9(1.05 %),144560,6901270000,49160,2355800000.0,332593747,20.76
28/11/2017,288530,13887700000.0,48.2(0.63 %),326940,15732380000,38410,1844680000.0,332796697,20.75
29/11/2017,-49850,-2397400000.0,49(1.66 %),73860,3588140000,123710,5985540000.0,332941577,20.75
30/11/2017,-136380,-6528910000.0,48.5(-1.02 %),276340,13615180000,412720,20144090000.0,332714397,20.75
01/12/2017,-163860,-7911970000.0,48.3(-0.41 %),381430,18452360000,545290,26364330000.0,332624177,20.75
04/12/2017,47690,2291560000.0,49.4(2.28 %),251770,12268590000,204080,9977030000.0,332496117,20.76
05/12/2017,264300,12880330000.0,48.1(-2.63 %),526120,25756810000,261820,12876480000.0,332382717,20.76
06/12/2017,39310,1924410000.0,48(-0.21 %),490270,23410950000,450960,21486540000.0,332184941,20.77
07/12/2017,-714690,-33655950000.0,47.6(-0.83 %),191200,9045090000,905890,42701040000.0,332197821,20.77
08/12/2017,-564290,-26443690000.0,47.05(-1.16 %),279470,13133120000,843760,39576810000.0,332319171,20.76
11/12/2017,1620,23650000.0,44.6(-5.21 %),97530,4421270000,95910,4397620000.0,332672601,20.75
12/12/2017,79260,3567650000.0,44.7(0.22 %),235140,10442390000,155880,6874740000.0,333343351,20.73
13/12/2017,-347680,-15501380000.0,44(-1.57 %),112230,4953930000,459910,20455310000.0,333935881,20.72
14/12/2017,-22090,-962400000.0,45.3(2.95 %),549950,24592220000,572040,25554620000.0,333481841,20.73
15/12/2017,-751440,-34537730000.0,46(1.55 %),539310,24818710000,1290750,59356440000.0,333098411,20.74
18/12/2017,29900,1508870000.0,47.8(3.91 %),138040,6602500000,108140,5093630000.0,333420281,20.73
19/12/2017,27920,1335030000.0,47.75(-0.10 %),141800,6761660000,113880,5426630000.0,333850521,20.72
20/12/2017,643920,31276950000.0,49(2.62 %),725030,35226140000,81110,3949190000.0,334416241,20.7
21/12/2017,123990,6061990000.0,48.5(-1.02 %),232710,11359220000,108720,5297230000.0,334291671,20.71
22/12/2017,853470,42266840000.0,50.8(4.74 %),1388000,69021000000,534530,26754160000.0,333017551,20.74
25/12/2017,71140,3652900000.0,51.4(1.18 %),130270,6671400000,59130,3018500000.0,332968392,20.75
26/12/2017,-118510,-6071480000.0,51.4(0.00 %),71840,3674660000,190350,9746140000.0,333005277,20.74
27/12/2017,534700,27836820000.0,52.5(2.14 %),611240,31833330000,76540,3996510000.0,332928567,20.75
28/12/2017,678170,36571450000.0,54.1(3.05 %),986080,53114560000,307910,16543110000.0,332001617,20.77
29/12/2017,1345180,73140620000.0,54.3(0.37 %),1446280,78638130000,101100,5497510000.0,330745687,20.81
02/01/2018,200910,10936420000.0,55(1.29 %),429410,23350720000,228500,12414300000.0,330392817,20.82
03/01/2018,232270,12715720000.0,54.9(-0.18 %),461940,25351210000,229670,12635490000.0,330238787,20.82
04/01/2018,366210,20160390000.0,55.4(0.91 %),707540,38933050000,341330,18772660000.0,329732347,20.84
05/01/2018,-235580,-12868730000.0,54(-2.53 %),147870,8070520000,383450,20939250000.0,329812977,20.83
08/01/2018,-235260,-12836710000.0,55.4(2.59 %),223100,12229670000,458360,25066380000.0,329819547,20.83
09/01/2018,529820,29765200000.0,58.5(5.60 %),1720710,96945560000,1190890,67180360000.0,329088137,20.85
10/01/2018,326880,19161500000.0,58(-0.85 %),1000080,58198820000,673200,39037320000.0,328471507,20.87
11/01/2018,619990,35949460000.0,58.8(1.38 %),747140,43355890000,127150,7406430000.0,328182727,20.88
12/01/2018,394930,23166610000.0,58(-1.36 %),637000,37351230000,242070,14184620000.0,327988647,20.88
15/01/2018,612150,36035780000.0,60(3.45 %),846380,49735890000,234230,13700110000.0,327971037,20.88
16/01/2018,-88610,-5312080000.0,60(0.00 %),604190,36073080000,692800,41385160000.0,327493997,20.9
17/01/2018,-282820,-16711700000.0,56.2(-6.33 %),1444950,84786100000,1727770,101497800000.0,327495667,20.9
18/01/2018,97520,5381390000.0,58.5(4.09 %),922340,52445370000,824820,47063980000.0,326651987,20.92
19/01/2018,523590,31713320000.0,61(4.27 %),1266960,76379720000,743370,44666400000.0,326077827,20.94
22/01/2018,599730,37618390000.0,63.3(3.77 %),957970,60080110000,358240,22461720000.0,325643077,20.95
25/01/2018,764990,51554440000.0,67.7(6.95 %),2218720,148484470000,1453730,96930030000.0,325874539,20.94
26/01/2018,-102720,-7022180000.0,69.1(2.07 %),991150,68354450000,1093870,75376630000.0,324933389,20.97
29/01/2018,-566580,-39200940000.0,68(-1.59 %),282880,19574780000,849460,58775720000.0,324650509,20.98
30/01/2018,-401860,-26965280000.0,67(-1.47 %),336960,22529000000,738820,49494280000.0,325243529,20.96
31/01/2018,-454350,-30735400000.0,66.6(-0.60 %),225320,15209810000,679670,45945210000.0,326062085,20.94
01/02/2018,-51840,-3506570000.0,66.6(0.00 %),645680,42981800000,697520,46488370000.0,326265865,20.93
02/02/2018,-88420,-5950240000.0,67.4(1.20 %),639230,42892930000,727650,48843170000.0,326365455,20.93
05/02/2018,-409820,-26705630000.0,62.7(-6.97 %),643010,41052420000,1052830,67758050000.0,326863555,20.91
06/02/2018,158450,10014670000.0,62(-1.12 %),2447500,144354570000,2289050,134339900000.0,325113575,20.96
07/02/2018,-209160,-13382260000.0,63.5(2.42 %),209150,13437430000,418310,26819690000.0,325632078,20.95
08/02/2018,130890,8202910000.0,62.9(-0.94 %),154130,9660120000,23240,1457210000.0,326069338,20.94
09/02/2018,-162230,-9533640000.0,60.9(-3.18 %),411140,24930410000,573370,34464050000.0,327947248,20.88
12/02/2018,-703300,-43653640000.0,63.5(4.27 %),144900,8958940000,848200,52612580000.0,328220658,20.88
13/02/2018,-485780,-31217340000.0,64(0.79 %),73380,4717370000,559160,35934710000.0,328170518,20.88
21/02/2018,-17200,-741540000.0,66.2(3.44 %),293490,19662740000,310690,20404280000.0,328450398,20.87
22/02/2018,197920,13230970000.0,66.8(0.91 %),245520,16404030000,47600,3173060000.0,329053078,20.85
23/02/2018,-665540,-47199340000.0,71.4(6.89 %),273060,18598320000,938600,65797660000.0,329339183,20.85
26/02/2018,-848380,-61787550000.0,71.9(0.70 %),252370,18463060000,1100750,80250610000.0,329473560,20.84
27/02/2018,-207250,-15024550000.0,73.2(1.81 %),174540,12703610000,381790,27728160000.0,329346620,20.85
28/02/2018,-41330,-3013370000.0,73.8(0.82 %),694470,51405200000,735800,54418570000.0,329590750,20.84
01/03/2018,-418180,-30558930000.0,71.5(-3.12 %),38750,2835660000,456930,33394590000.0,330576700,20.81
02/03/2018,-383030,-27227580000.0,71.8(0.42 %),78630,5608510000,461660,32836090000.0,330879860,20.8
05/03/2018,-239250,-17245360000.0,68(-5.29 %),215620,15355670000,454870,32601030000.0,331480040,20.79
06/03/2018,-306080,-21813960000.0,71.2(4.71 %),581810,40179120000,887890,61993080000.0,331355160,20.79
07/03/2018,-419580,-29325980000.0,69.6(-2.25 %),50880,3572020000,470460,32898000000.0,331765940,20.78
08/03/2018,-541130,-37565280000.0,69.5(-0.14 %),71310,4947800000,612440,42513080000.0,332069500,20.77
09/03/2018,-893420,-62845680000.0,71(2.16 %),691120,48796890000,1584540,111642570000.0,332266274,20.76
12/03/2018,-709460,-51274250000.0,72(1.41 %),207180,14995870000,916640,66270120000.0,332529554,20.76
13/03/2018,-738560,-52732060000.0,72(0.00 %),61740,4437750000,800300,57169810000.0,333080254,20.74
14/03/2018,-498130,-36601990000.0,73.8(2.50 %),140890,10358960000,639020,46960950000.0,334523904,20.7
15/03/2018,-467420,-34309710000.0,73.8(0.00 %),146700,10802280000,614120,45111990000.0,335293844,20.68
16/03/2018,-2252670,-168247590000.0,74.7(1.22 %),212790,15890620000,2465460,184138210000.0,335881379,20.66
19/03/2018,-271050,-20412350000.0,74.3(-0.54 %),62410,4679820000,333460,25092170000.0,336457989,20.65
20/03/2018,55850,4171010000.0,74(-0.40 %),210370,15583420000,154520,11412410000.0,336861739,20.64
21/03/2018,-232490,-17203980000.0,73.5(-0.68 %),689800,51413940000,922290,68617920000.0,338892549,20.58
22/03/2018,-104650,-7687510000.0,72(-2.04 %),425400,31171670000,530050,38859180000.0,338800609,20.58
23/03/2018,221320,15612210000.0,69.9(-2.92 %),701710,49098850000,480390,33486640000.0,338253419,20.6
26/03/2018,131580,9303370000.0,71.9(2.86 %),183850,12989130000,52270,3685760000.0,338736709,20.58
27/03/2018,-406050,-29153140000.0,71(-1.25 %),146830,10526340000,552880,39679480000.0,339119929,20.57
28/03/2018,228130,16081390000.0,70.5(-0.70 %),289760,20425210000,61630,4343820000.0,339310559,20.57
29/03/2018,344320,24408890000.0,71(0.71 %),482440,34183120000,138120,9774230000.0,338971809,20.58
30/03/2018,141400,10031720000.0,70.5(-0.70 %),285250,20228000000,143850,10196280000.0,339239439,20.57
02/04/2018,265940,19496930000.0,74(4.96 %),369710,27013180000,103770,7516250000.0,338931359,20.58
03/04/2018,-152060,-11316210000.0,74.3(0.41 %),321190,23928880000,473250,35245090000.0,338648289,20.59
04/04/2018,64180,4749410000.0,73.5(-1.08 %),1386575,102988390000,1322395,98238980000.0,338607199,20.59
05/04/2018,-282940,-20688560000.0,73.5(0.00 %),41940,3077640000,324880,23766200000.0,338669034,20.59
06/04/2018,-540800,-39830750000.0,73.5(0.00 %),183530,13522860000,724330,53353610000.0,338958754,20.58
09/04/2018,-637900,-47204280000.0,73.8(0.41 %),318940,23582710000,956840,70786990000.0,338839774,20.58
10/04/2018,-865880,-64714690000.0,74.5(0.95 %),891480,66398100000,1757360,131112790000.0,338773174,20.58
11/04/2018,-1296260,-94358960000.0,71.2(-4.43 %),674980,49219130000,1971240,143578090000.0,339381924,20.57
12/04/2018,-1091020,-77001260000.0,70.9(-0.42 %),288830,20410430000,1379850,97411690000.0,340030134,20.55
13/04/2018,-924610,-63927280000.0,67.9(-4.23 %),441690,30407270000,1366300,94334550000.0,340845804,20.53
16/04/2018,-824080,-55077030000.0,65.9(-2.95 %),1054710,70006380000,1878790,125083410000.0,341602934,20.51
17/04/2018,-413350,-27392810000.0,67(1.67 %),629800,41168540000,1043150,68561350000.0,342701674,20.47
18/04/2018,-276520,-18533070000.0,64.8(-3.28 %),444500,29560160000,721020,48093230000.0,343867435,20.44
19/04/2018,-1078790,-67524610000.0,61(-5.86 %),416050,26133080000,1494840,93657690000.0,344929185,20.41
20/04/2018,-392210,-24368780000.0,64(4.92 %),639070,39725140000,1031280,64093920000.0,344925175,20.41
23/04/2018,24440,1108220000.0,59.6(-6.88 %),924840,57089070000,900400,55980850000.0,345177395,20.41
24/04/2018,-482110,-28556580000.0,60(0.67 %),1681360,100368970000,2163470,128925550000.0,345311325,20.4
26/04/2018,851340,50368000000.0,58.2(-3.00 %),2272480,134991770000,1421140,84623770000.0,344070125,20.44
27/04/2018,-703080,-41551850000.0,60(3.09 %),715410,42463950000,1418490,84015800000.0,343809805,20.44
02/05/2018,192380,10877820000.0,58.2(-3.00 %),1655510,98436360000,1463130,87558540000.0,344611185,20.42
03/05/2018,-546300,-32044590000.0,59.6(2.41 %),438880,25487960000,985180,57532550000.0,345593445,20.39
04/05/2018,-1685110,-100919380000.0,59(-1.01 %),57950,3484080000,1743060,104403460000.0,346699295,20.36
07/05/2018,-1128110,-68438380000.0,62.1(5.25 %),512630,31022190000,1640740,99460570000.0,347035925,20.35
08/05/2018,-813160,-50036470000.0,61(-1.77 %),133060,8202040000,946220,58238510000.0,347888045,20.33
09/05/2018,-1047840,-63147340000.0,59.5(-2.46 %),7650458,460318760000,8698298,523466100000.0,349549855,20.28
10/05/2018,219560,11994410000.0,56.5(-5.04 %),962670,55618420000,743110,43624010000.0,350227925,20.27
11/05/2018,-221780,-12383120000.0,57.9(2.48 %),684980,38394170000,906760,50777290000.0,350489165,20.26
14/05/2018,-51320,-2965950000.0,58.3(0.69 %),234570,13609590000,285890,16575540000.0,351383685,20.23
15/05/2018,76170,4513930000.0,58.7(0.69 %),290680,17187350000,214510,12673420000.0,351836115,20.22
16/05/2018,192550,11327050000.0,57(-2.90 %),377770,22032270000,185220,10705220000.0,352365102,20.21
17/05/2018,-42980,-2496940000.0,56.8(-0.35 %),462800,26242900000,505780,28739840000.0,352188192,20.21
18/05/2018,72800,4053010000.0,56.5(-0.53 %),396480,22186410000,323680,18133400000.0,352006222,20.22
21/05/2018,120860,6763550000.0,55.7(-1.42 %),374030,21061470000,253170,14297920000.0,351817412,20.22
22/05/2018,615190,32971340000.0,53.4(-4.13 %),717040,38375870000,101850,5404530000.0,351606152,20.23
23/05/2018,252410,13470890000.0,54.5(2.06 %),312900,16720340000,60490,3249450000.0,351616932,20.23
24/05/2018,357560,19273640000.0,53.3(-2.20 %),556280,29999560000,198720,10725920000.0,351413822,20.23
25/05/2018,-252010,-13329110000.0,50(-6.19 %),33310,1738810000,285320,15067920000.0,351482366,20.23
28/05/2018,569230,27130170000.0,46.8(-6.40 %),1129980,54076750000,560750,26946580000.0,350412876,20.26
29/05/2018,862140,42462710000.0,50(6.84 %),940970,46305830000,78830,3843120000.0,349570626,20.28
30/05/2018,403100,20873850000.0,52(4.00 %),874080,45293540000,470980,24419690000.0,348981866,20.3
31/05/2018,627000,33518280000.0,54.1(4.04 %),1025400,54758780000,398400,21240500000.0,348517216,20.31
01/06/2018,1695460,95479950000.0,57(5.36 %),3226040,181977540000,1530580,86497590000.0,346360006,20.37
04/06/2018,927930,54154890000.0,59.3(4.04 %),1122490,65504840000,194560,11349950000.0,345708496,20.39
05/06/2018,439830,25925350000.0,58.6(-1.18 %),508460,29948530000,68630,4023180000.0,345598436,20.39
06/06/2018,297320,17459250000.0,59.1(0.85 %),309100,18156610000,11780,697360000.0,345829916,20.39
07/06/2018,714380,42058550000.0,58.7(-0.68 %),788450,46415220000,74070,4356670000.0,345236026,20.4
08/06/2018,207580,12398210000.0,59.7(1.70 %),423290,25266290000,215710,12868080000.0,344881366,20.41
11/06/2018,280550,16753100000.0,59(-1.17 %),585010,34992860000,304460,18239760000.0,344308136,20.43
12/06/2018,306610,17727880000.0,58(-1.69 %),372060,21514570000,65450,3786690000.0,344010146,20.44
13/06/2018,628210,36753590000.0,59.9(3.28 %),646250,37814950000,18040,1061360000.0,343579606,20.45
14/06/2018,220000,12846040000.0,58.1(-3.01 %),607640,35710910000,387640,22864870000.0,343276426,20.46
15/06/2018,529150,31184780000.0,59(1.55 %),1082590,63584030000,553440,32399250000.0,342259286,20.49
18/06/2018,363230,20790870000.0,56.5(-4.24 %),482630,27608060000,119400,6817190000.0,341794696,20.5
19/06/2018,1515030,83564260000.0,56.5(0.00 %),2440410,134712640000,925380,51148380000.0,340091934,20.55
20/06/2018,291930,16716480000.0,58.1(2.83 %),1060240,60590350000,768310,43873870000.0,339585134,20.56
21/06/2018,245180,13939640000.0,57(-1.89 %),748230,42715040000,503050,28775400000.0,339047094,20.58
22/06/2018,372870,21313480000.0,58.7(2.98 %),866090,49448910000,493220,28135430000.0,338756384,20.58
25/06/2018,198220,11877390000.0,59.4(1.19 %),309660,18493220000,111440,6615830000.0,339215034,20.57
26/06/2018,-64710,-3795530000.0,59.3(-0.17 %),37940,2221000000,102650,6016530000.0,339589354,20.56
27/06/2018,-32250,-1800160000.0,58(-2.19 %),272340,16204740000,304590,18004900000.0,339810234,20.55
28/06/2018,316480,18253180000.0,57.9(-0.17 %),761820,43956420000,445340,25703240000.0,339159854,20.57
29/06/2018,211340,12279279000.0,58(0.17 %),495730,28704626000,284390,16425347000.0,338948514,20.58
02/07/2018,1314090,75266840000.0,58.1(0.17 %),1418490,81195600000,104400,5928760000.0,337652874,20.61
03/07/2018,1215500,69300420000.0,56(-3.61 %),2379080,135802020000,1163580,66501600000.0,336019134,20.66
04/07/2018,-57200,-3211370000.0,55.6(-0.71 %),1252050,69590380000,1309250,72801750000.0,335304504,20.68
05/07/2018,385040,20935040000.0,52(-6.47 %),1032820,55547560000,647780,34612520000.0,334376084,20.71
06/07/2018,-628210,-33909480000.0,55(5.77 %),1120460,61047990000,1748670,94957470000.0,334119204,20.71
09/07/2018,151280,8617050000.0,54(-1.82 %),547410,30534260000,396130,21917210000.0,334628014,20.7
10/07/2018,-173990,-9098750000.0,53.1(-1.67 %),408440,22259540000,582430,31358290000.0,334867354,20.69
11/07/2018,-213920,-11110050000.0,51.2(-3.58 %),1081800,55419600000,1295720,66529650000.0,335534224,20.67
12/07/2018,265150,13907974000.0,52.4(2.34 %),406800,21311209000,141650,7403235000.0,335269074,20.68
13/07/2018,705200,38381530000.0,54.8(4.58 %),892800,48443630000,187600,10062100000.0,335213184,20.68
16/07/2018,178530,9805800000.0,54.9(0.18 %),241880,13285530000,63350,3479730000.0,336267033,20.65
17/07/2018,-239530,-13151170000.0,55.8(1.64 %),273260,14986550000,512790,28137720000.0,336135423,20.66
18/07/2018,692360,39471190000.0,57.5(3.05 %),999080,56960420000,306720,17489230000.0,335370593,20.68
19/07/2018,441550,25306770000.0,56.8(-1.22 %),520410,29805600000,78860,4498830000.0,334913533,20.69
20/07/2018,402940,22553350000.0,56.8(0.00 %),441650,24734420000,38710,2181070000.0,334984679,20.69
23/07/2018,486960,28030284000.0,56.6(-0.35 %),871640,50286051000,384680,22255767000.0,334497719,20.7
24/07/2018,603380,34306440000.0,57(0.71 %),731610,41620680000,128230,7314240000.0,333720359,20.72
25/07/2018,-148670,-8378480000.0,55.3(-2.98 %),47980,2701770000,196650,11080250000.0,333711089,20.72
26/07/2018,639780,35592270000.0,56.7(2.53 %),899040,49944780000,259260,14352510000.0,333196729,20.74
27/07/2018,11010,626530000.0,56.5(-0.35 %),19370,1100590000,8360,474060000.0,333305589,20.74
30/07/2018,104280,5948880000.0,57.3(1.42 %),125920,7188820000,21640,1239940000.0,333376319,20.73
31/07/2018,286170,16778442000.0,58.5(2.09 %),877010,51462567000,590840,34684125000.0,333090149,20.74
01/08/2018,554240,32601590000.0,58.6(0.17 %),857650,50469230000,303410,17867640000.0,332059279,20.77
02/08/2018,649600,37995250000.0,59(0.68 %),793400,46431560000,143800,8436310000.0,331287519,20.79
03/08/2018,-494190,-29178440000.0,58.5(-0.85 %),283140,16617260000,777330,45795700000.0,331645219,20.78
06/08/2018,-138790,-8197618000.0,59(0.85 %),679990,40001123000,818780,48198741000.0,331784009,20.78
07/08/2018,430300,26258700000.0,61.5(4.24 %),1860900,113495160000,1430600,87236460000.0,330021543,20.83
08/08/2018,26790,1728940000.0,62.1(0.98 %),514550,31749020000,487760,30020080000.0,330134323,20.82
09/08/2018,863870,53562060000.0,61.3(-1.29 %),1064440,66000590000,200570,12438530000.0,329954693,20.83
10/08/2018,583990,36286150000.0,63.5(3.59 %),1229830,76300030000,645840,40013880000.0,330035463,20.83
13/08/2018,-21800,-1308090000.0,63.8(0.47 %),483790,30563150000,505590,31871240000.0,330039433,20.83
14/08/2018,-296390,-18695660000.0,62.8(-1.57 %),8180,516980000,304570,19212640000.0,330065793,20.83
15/08/2018,-138840,-8686120000.0,60.6(-3.50 %),28730,1757970000,167570,10444090000.0,330382911,20.82
16/08/2018,-1162780,-69602410000.0,60.6(0.00 %),391170,23451290000,1553950,93053700000.0,330597331,20.81
17/08/2018,794780,49547824000.0,62(2.31 %),1514900,94198659000,720120,44650835000.0,329802551,20.83
20/08/2018,162960,10051520000.0,61.4(-0.97 %),576070,35648910000,413110,25597390000.0,329098501,20.85
21/08/2018,-29380,-1798300000.0,62.7(2.12 %),266860,16485560000,296240,18283860000.0,330285591,20.82
22/08/2018,101870,6376800000.0,61.9(-1.28 %),459550,28696350000,357680,22319550000.0,330728161,20.81
23/08/2018,202060,12600170000.0,62.6(1.13 %),237800,14824600000,35740,2224430000.0,330903471,20.8
24/08/2018,-378360,-23504110000.0,62(-0.96 %),259230,16134480000,637590,39638590000.0,330940481,20.8
27/08/2018,425100,26788950000.0,63.1(1.77 %),450280,28379300000,25180,1590350000.0,330545881,20.81
28/08/2018,787290,50118460000.0,64(1.43 %),808210,51447300000,20920,1328840000.0,329773411,20.83
29/08/2018,-57360,-3624340000.0,63.1(-1.41 %),54470,3469080000,111830,7093420000.0,330356531,20.82
30/08/2018,468580,29895170000.0,63.8(1.11 %),632480,40311750000,163900,10416580000.0,329845101,20.83
31/08/2018,-143860,-9113890000.0,62.5(-2.04 %),60550,3822910000,204410,12936800000.0,329805471,20.83
04/09/2018,477210,29692930000.0,61(-2.40 %),514970,32048970000,37760,2356040000.0,329402331,20.84
05/09/2018,-223210,-13471760000.0,60.6(-0.66 %),297980,18250440000,521190,31722200000.0,329172381,20.85
06/09/2018,-98280,-5955320000.0,60.3(-0.50 %),260500,14781540000,358780,20736860000.0,329356191,20.85
07/09/2018,791790,48589637000.0,62(2.82 %),861830,52880332000,70040,4290695000.0,328564401,20.87
10/09/2018,894410,55604690000.0,62(0.00 %),1097200,68184730000,202790,12580040000.0,327956111,20.88
11/09/2018,752780,47094370000.0,63(1.61 %),1029890,64475410000,277110,17381040000.0,327295101,20.9
12/09/2018,568840,35989930000.0,62.6(-0.63 %),705360,44607390000,136520,8617460000.0,326659781,20.92
13/09/2018,201110,13143510000.0,62.9(0.48 %),355540,22400810000,154430,9257300000.0,326507031,20.92
14/09/2018,519240,33225490000.0,64(1.75 %),606220,38797630000,86980,5572140000.0,325927923,20.94
17/09/2018,-50310,-3176680000.0,62.9(-1.72 %),44120,2804490000,94430,5981170000.0,326020323,20.94
18/09/2018,-62590,-3916920000.0,63.3(0.64 %),42890,2706430000,105480,6623350000.0,326131869,20.94
19/09/2018,-132350,-8375570000.0,63.3(0.00 %),372150,23585930000,504500,31961500000.0,326126699,20.94
20/09/2018,-77870,-4960441000.0,64.4(1.74 %),26750,1701975000,104620,6662416000.0,326204569,20.93
21/09/2018,-1481730,-95612160000.0,64.6(0.31 %),1353740,87579300000,2835470,183191460000.0,324946089,20.97
24/09/2018,285480,18593680000.0,65.2(0.93 %),308430,20091160000,22950,1497480000.0,324862159,20.97
25/09/2018,56270,3652035540.0,64.4(-1.23 %),62330,4045341660,6060,393306120.0,324805889,20.97
26/09/2018,-133980,-8615710000.0,63.8(-0.93 %),18810,1208240000,152790,9823950000.0,327680299,20.89
27/09/2018,-733960,-46602640000.0,63.4(-0.63 %),99650,6342760000,833610,52945400000.0,327603599,20.89
28/09/2018,-1035680,-65643800000.0,63(-0.63 %),360440,22912070000,1396120,88555870000.0,327249249,20.9
01/10/2018,-298880,-18850600000.0,62.5(-0.79 %),140110,8829260000,438990,27679860000.0,327201863,20.91
02/10/2018,-311990,-19625529000.0,63(0.80 %),83150,5224636000,395140,24850165000.0,327513853,20.9
03/10/2018,-185520,-11692290000.0,63(0.00 %),6450,404950000,191970,12097240000.0,329341993,20.85
04/10/2018,-856390,-54184120000.0,63(0.00 %),337430,21392200000,1193820,75576320000.0,329443553,20.84
05/10/2018,-456020,-28545410000.0,62.1(-0.16 %),203560,12759030000,659580,41304440000.0,329635133,20.84
08/10/2018,-567750,-35102630000.0,61.6(-0.81 %),13650,848090000,581400,35950720000.0,329813455,20.83
09/10/2018,-74690,-4610480000.0,61.7(0.16 %),28610,1772180000,103300,6382660000.0,330978665,20.8
10/10/2018,-73230,-4521460000.0,61.7(0.00 %),84870,5239470000,158100,9760930000.0,331621415,20.78
11/10/2018,-265560,-15793202000.0,57.7(-6.48 %),161310,9373850000,426870,25167052000.0,331886975,20.78
12/10/2018,673510,39523260000.0,59.9(3.81 %),965010,56719950000,291500,17196690000.0,331277295,20.79
15/10/2018,336780,19965840000.0,59.1(-1.34 %),526440,31216840000,189660,11251000000.0,330840915,20.8
16/10/2018,-184680,-10928140000.0,59.2(0.17 %),282430,16697920000,467110,27626060000.0,330985355,20.8
17/10/2018,-466650,-27733059000.0,59.2(0.00 %),331380,19656886000,798030,47389945000.0,331452005,20.79
18/10/2018,11890,590930000.0,58(-2.03 %),646200,37649920000,634310,37058990000.0,330691435,20.81
19/10/2018,-14710,-807994000.0,57.7(-0.52 %),168460,9723548000,183170,10531542000.0,330706145,20.81
22/10/2018,-149640,-8744570000.0,57.1(-1.04 %),401950,23231490000,551590,31976060000.0,331186165,20.79
23/10/2018,-237980,-13476390000.0,55.8(-2.28 %),462090,25836192000,700070,39312582000.0,331424145,20.79
24/10/2018,351110,19720640000.0,55.5(-0.54 %),531930,29864510000,180820,10143870000.0,331159625,20.8
25/10/2018,283990,15434530000.0,54.8(-1.26 %),667840,36361590000,383850,20927060000.0,331043375,20.8
26/10/2018,66370,3601930000.0,53.5(-2.37 %),181370,9875680000,115000,6273750000.0,331462075,20.79
29/10/2018,82640,4379700000.0,52.9(-1.12 %),172650,9186820000,90010,4807120000.0,331320245,20.79
30/10/2018,464440,25078588000.0,54.2(2.46 %),534420,28852787000,69980,3774199000.0,330855805,20.8
31/10/2018,-53640,-2948113000.0,55.6(2.58 %),227520,12664967000,281160,15613080000.0,330909445,20.8
01/11/2018,339500,18761320000.0,55(-1.08 %),599760,33191500000,260260,14430180000.0,330547405,20.81
02/11/2018,-132720,-7369218000.0,56.2(2.18 %),170230,9503879000,302950,16873097000.0,330680125,20.81
05/11/2018,324290,18138820000.0,56.5(0.53 %),463410,25927560000,139120,7788740000.0,330364905,20.82
06/11/2018,77140,4335600000.0,55.8(-1.24 %),85340,4803000000,8200,467400000.0,330539831,20.81
07/11/2018,-30830,-1688020000.0,55.5(-0.54 %),70760,3935670000,101590,5623690000.0,330772021,20.81
08/11/2018,51680,2892950000.0,55.7(0.36 %),58840,3294190000,7160,401240000.0,330752301,20.81
09/11/2018,113790,6274540000.0,54.3(-2.51 %),232580,12767830000,118790,6493290000.0,330627921,20.81
12/11/2018,118620,6437670000.0,54.6(0.55 %),176850,9555270000,58230,3117600000.0,330552661,20.81
13/11/2018,-19840,-1066990000.0,53.6(-1.83 %),56010,3010220000,75850,4077210000.0,330503811,20.81
14/11/2018,12330,657700000.0,53.2(-0.75 %),42330,2258750000,30000,1601050000.0,330508271,20.81
15/11/2018,-65120,-3408730000.0,53.4(0.38 %),132960,7098700000,198080,10507430000.0,330433541,20.82
16/11/2018,-773280,-41313780000.0,53.2(-0.37 %),9410,503140000,782690,41816920000.0,330499981,20.81
19/11/2018,-688600,-36811500000.0,54(1.50 %),70800,3789740000,759400,40601240000.0,330431181,20.82
20/11/2018,-497520,-26742070000.0,53.8(-0.37 %),36930,1988960000,534450,28731030000.0,330592331,20.81
21/11/2018,-569180,-30508840000.0,55.4(2.97 %),107380,5802490000,676560,36311330000.0,331267641,20.79
22/11/2018,-197700,-10868240000.0,54.8(-1.08 %),31300,1730970000,229000,12599210000.0,331995741,20.77
23/11/2018,98190,5359250000.0,54(-1.46 %),273430,14946250000,175240,9587000000.0,332256761,20.76
26/11/2018,20410,1096480000.0,54(0.00 %),31200,1677830000,10790,581350000.0,332902121,20.75
27/11/2018,-299330,-16158170000.0,53.4(-1.11 %),140860,7550510000,440190,23708680000.0,332990261,20.74
28/11/2018,29970,1617360000.0,55.1(3.18 %),35800,1933940000,5830,316580000.0,333129701,20.74
29/11/2018,644590,36082770000.0,55(-0.18 %),651770,36484940000,7180,402170000.0,332488721,20.76
30/11/2018,243800,13559490000.0,55.4(0.73 %),408730,22697930000,164930,9138440000.0,332520181,20.76
03/12/2018,275850,15758062000.0,58(4.69 %),336810,19247777000,60960,3489715000.0,332189201,20.77
04/12/2018,173260,10034750000.0,57.6(-0.69 %),192910,11165650000,19650,1130900000.0,332003471,20.77
05/12/2018,223050,12817921000.0,57.8(0.35 %),246680,14170545000,23630,1352624000.0,331780421,20.78
06/12/2018,293980,16969800000.0,56.9(-1.56 %),444480,25540660000,150500,8570860000.0,331538201,20.78
07/12/2018,41720,2395380000.0,57.2(0.53 %),56100,3219760000,14380,824380000.0,331501751,20.79
10/12/2018,-1710,-96430000.0,56.9(-0.52 %),21310,1214230000,23020,1310660000.0,331504071,20.79
11/12/2018,-129110,-7306760000.0,56.8(-0.18 %),70570,3992700000,199680,11299460000.0,331584001,20.78
12/12/2018,127630,7341680000.0,58(2.11 %),449720,25780960000,322090,18439280000.0,331148661,20.8
13/12/2018,-174980,-10125380000.0,57.6(-0.69 %),393900,22875690000,568880,33001070000.0,331122431,20.8
14/12/2018,-80420,-4583060000.0,56.5(-1.91 %),40590,2324550000,121010,6907610000.0,331281521,20.79
17/12/2018,-456230,-25765150000.0,54.8(-3.01 %),205680,11198490000,661910,36963640000.0,331511931,20.79
18/12/2018,-154780,-8455190000.0,55.1(0.55 %),304690,16739810000,459470,25195000000.0,331492463,20.79
19/12/2018,-315770,-17294140000.0,54.4(-1.27 %),205600,11230170000,521370,28524310000.0,331407873,20.79
20/12/2018,-18380,-1010600000.0,54.6(0.37 %),178620,9751930000,197000,10762530000.0,331777163,20.78
21/12/2018,-193550,-10452160000.0,54.5(-0.18 %),832400,45360030000,1025950,55812190000.0,331343233,20.79
24/12/2018,-51230,-2767930000.0,53.1(-2.57 %),53940,2924220000,105170,5692150000.0,331810663,20.78
25/12/2018,97940,5068580000.0,52.7(-0.75 %),118550,6145380000,20610,1076800000.0,331889113,20.78
26/12/2018,37930,2009654000.0,52.8(0.19 %),457890,24261845000,419960,22252191000.0,331851183,20.78
27/12/2018,43580,2349800000.0,53.5(1.33 %),376920,20317430000,333340,17967630000.0,332662313,20.75
28/12/2018,210690,11357990000.0,53.5(0.00 %),1280730,68730210000,1070040,57372220000.0,332355813,20.76
02/01/2019,52440,2814973000.0,53.6(0.19 %),273020,14706865000,220580,11891892000.0,332524212,20.76
03/01/2019,289620,15515779000.0,53.6(0.00 %),299410,16038892000,9790,523113000.0,332234592,20.77
04/01/2019,102550,5591510000.0,54.4(1.49 %),642940,34531210000,540390,28939700000.0,331892622,20.78
07/01/2019,28160,1528700000.0,54.6(0.37 %),229320,12615990000,201160,11087290000.0,331864462,20.78
08/01/2019,337840,18524340000.0,55(0.73 %),602600,33084480000,264760,14560140000.0,331126072,20.8
09/01/2019,402520,22435490000.0,55.8(1.45 %),417690,23282190000,15170,846700000.0,331054432,20.8
10/01/2019,138620,7673150000.0,55(-1.43 %),190450,10540000000,51830,2866850000.0,331065142,20.8
11/01/2019,387400,21430400000.0,55.2(0.36 %),401940,22233580000,14540,803180000.0,330927962,20.8
14/01/2019,406670,22483140000.0,55.3(0.18 %),465750,25747310000,59080,3264170000.0,330534162,20.81
15/01/2019,371050,20702190000.0,55.9(1.08 %),460100,25672350000,89050,4970160000.0,330125892,20.82
16/01/2019,247650,13834968000.0,55.4(-0.89 %),305150,17029108000,57500,3194140000.0,329878242,20.83
17/01/2019,243740,13518670000.0,55.2(-0.36 %),257890,14302180000,14150,783510000.0,329579692,20.84
18/01/2019,178690,9863020000.0,54.8(-0.72 %),367730,20257200000,189040,10394180000.0,329431021,20.84
21/01/2019,216990,12055210000.0,55.8(1.82 %),218080,12116230000,1090,61020000.0,251494230,23.22
22/01/2019,16210,903940000.0,55.2(-1.08 %),66760,3713560000,50550,2809620000.0,251441625,23.22
23/01/2019,114850,6354441000.0,55.4(0.36 %),117850,6520041000,3000,165600000.0,251326775,23.94
24/01/2019,147520,8173100000.0,55.4(0.00 %),160020,8864750000,12500,691650000.0,251223885,23.23
25/01/2019,564350,31462300000.0,55.8(0.72 %),569550,31751910000,5200,289610000.0,250704885,23.24
28/01/2019,117620,6553170000.0,55.5(-0.54 %),143330,7983130000,25710,1429960000.0,250564555,23.24
29/01/2019,327170,18336469000.0,56.7(2.16 %),339980,19048471000,12810,712002000.0,250170115,23.25
30/01/2019,562760,32071436000.0,56.7(0.00 %),626920,35726905000,64160,3655469000.0,249607355,23.27
31/01/2019,456020,26069380000.0,56.8(0.18 %),743310,42477862000,287290,16408482000.0,249151335,23.28
01/02/2019,383190,21778160000.0,56.5(-0.53 %),404650,22995960000,21460,1217800000.0,248506915,23.3
11/02/2019,415200,24005671000.0,58.1(2.83 %),561320,32440094000,146120,8434423000.0,248091715,23.31
12/02/2019,784940,45898140000.0,58.6(0.86 %),889750,52014220000,104810,6116080000.0,247407295,23.33
13/02/2019,987230,58605250000.0,59.8(2.05 %),1025140,60853420000,37910,2248170000.0,246403615,23.36
14/02/2019,1018810,61105020000.0,60.2(0.67 %),1026810,61584860000,8000,479840000.0,245522925,23.38
15/02/2019,110100,6567600000.0,59.3(-1.50 %),479060,28576810000,368960,22009210000.0,245148675,23.39
18/02/2019,170850,10187114000.0,60(1.18 %),461300,27540283000,290450,17353169000.0,245019785,23.39
19/02/2019,394970,23586220000.0,59(-1.67 %),494320,29526930000,99350,5940710000.0,244288965,23.41
20/02/2019,105570,6256950000.0,59.1(0.17 %),202190,11975930000,96620,5718980000.0,244455735,23.41
21/02/2019,615270,36687869000.0,60.1(1.69 %),1063980,63482847000,448710,26794978000.0,243903975,23.42
22/02/2019,218630,13435440000.0,62(3.16 %),576460,35479890000,357830,22044450000.0,243155095,23.44
25/02/2019,1033070,65182170000.0,63.4(2.26 %),1156240,72947050000,123170,7764880000.0,242095475,23.47
26/02/2019,657670,41545240000.0,63(-0.63 %),1182540,74333418000,524870,32788178000.0,241994605,23.48
27/02/2019,99520,6166296000.0,61.9(-1.75 %),626520,38874664000,527000,32708368000.0,241895085,23.48
28/02/2019,-120560,-7239413000.0,60.5(-2.26 %),1260620,77214133000,1381180,84453546000.0,242015645,23.47
01/03/2019,228020,14012376000.0,62.2(2.81 %),266170,16358503000,38150,2346127000.0,241097375,23.5
04/03/2019,310170,19433440000.0,62.8(0.96 %),679030,42539390000,368860,23105950000.0,240524175,23.51
05/03/2019,451820,28462659000.0,63(0.32 %),635980,40076082000,184160,11613423000.0,240335385,23.52
06/03/2019,145570,9084150280.0,62.7(-0.48 %),957220,59767408360,811650,50683258080.0,240189815,23.52
07/03/2019,338660,21425350000.0,63.1(0.64 %),973390,61445600000,634730,40020250000.0,239860175,23.53
08/03/2019,279790,17558240000.0,62.8(-0.48 %),650410,40775270000,370620,23217030000.0,239393925,23.55
11/03/2019,-31690,-1957798000.0,62.6(-0.32 %),549540,34208825000,581230,36166623000.0,239941715,23.53
12/03/2019,144310,8970111000.0,64.8(3.51 %),578790,36688469000,434480,27718358000.0,239797405,23.53
13/03/2019,458280,29732390000.0,65.2(0.62 %),1062650,68921200000,604370,39188810000.0,238604338,23.57
14/03/2019,1332480,88641647000.0,67(2.76 %),1776350,118048766000,443870,29407119000.0,238006645,23.58
15/03/2019,-626910,-41308280000.0,66(-1.49 %),1050880,69625900000,1677790,110934180000.0,236911826,23.61
18/03/2019,505310,34132439000.0,67.6(2.42 %),1466390,98952631000,961080,64820192000.0,236406516,23.63
19/03/2019,413250,27786271000.0,66.8(-1.18 %),1199750,80635745000,786500,52849474000.0,235993266,23.64
20/03/2019,957730,64076970000.0,66.7(-0.15 %),2211610,147903980000,1253880,83827010000.0,235377736,23.65
21/03/2019,706860,47344513000.0,66.6(-0.15 %),1068880,71647186000,362020,24302673000.0,234328676,23.68
22/03/2019,-451740,-25464644000.0,66.9(0.45 %),1185490,78988855040,1637230,104453499040.0,234780416,23.67
25/03/2019,782470,51256890000.0,65.5(-2.09 %),1475920,96665990000,693450,45409100000.0,234394066,23.68
26/03/2019,232010,15174327000.0,65.5(0.00 %),926940,60802970000,694930,45628643000.0,233765936,23.7
27/03/2019,101100,6609287000.0,65.5(0.00 %),515530,33787787000,414430,27178500000.0,233664836,23.7
28/03/2019,360740,23964089000.0,66.7(1.83 %),431110,28632466000,70370,4668377000.0,233304096,23.71
29/03/2019,212110,14261510000.0,67.3(0.90 %),363200,24423240000,151090,10161730000.0,235058126,23.66
01/04/2019,450570,30549750000.0,67.8(0.74 %),735610,49873960000,285040,19324210000.0,234811946,23.67
02/04/2019,337300,22931510000.0,67.5(-0.44 %),381990,25965460000,44690,3033950000.0,234500326,23.68
03/04/2019,-43130,-2870700000.0,67.2(-0.44 %),1054160,70635410000,1097290,73506110000.0,234497256,23.68
04/04/2019,120890,8191150000.0,67.7(0.74 %),715510,48258830000,594620,40067680000.0,233836786,23.7
05/04/2019,93770,6383419000.0,68.1(0.59 %),225010,15308132000,131240,8924713000.0,234808726,23.67
08/04/2019,592590,40878270000.0,69.7(2.35 %),668160,46061210000,75570,5182940000.0,233205596,23.71
09/04/2019,416430,29037410000.0,69.8(0.14 %),527520,36778030000,111090,7740620000.0,233272696,23.71
10/04/2019,164090,11327430000.0,68.9(-1.29 %),438610,30288550000,274520,18961120000.0,232965326,23.72
11/04/2019,46010,3152052000.0,68.5(-0.58 %),158360,10834091000,112350,7682039000.0,233589606,23.7
12/04/2019,-4290,-292370000.0,68(-0.73 %),143770,9757400000,148060,10049770000.0,232829856,23.72
16/04/2019,-24900,-1655074000.0,67.4(-0.88 %),141790,9557646000,166690,11212720000.0,233618796,23.7
17/04/2019,210970,14327997000.0,68(0.89 %),355140,24087880000,144170,9759883000.0,233407826,23.71
18/04/2019,214040,14562780000.0,67.9(-0.15 %),245000,16665930000,30960,2103150000.0,232622856,23.73
19/04/2019,1580,110207000.0,68(0.15 %),19670,1340197000,18090,1229990000.0,233192206,23.71
22/04/2019,91310,6175820000.0,67.9(-0.15 %),116830,7893760000,25520,1717940000.0,232797216,23.72
23/04/2019,-132900,-8924320000.0,67.5(-0.59 %),817960,55113760000,950860,64038080000.0,232010216,23.74
24/04/2019,81160,5562476000.0,68.5(1.48 %),367040,25115701000,285880,19553225000.0,233152636,23.71
25/04/2019,-19740,-1345220000.0,67.7(-1.17 %),137970,9390060000,157710,10735280000.0,231548816,23.76
26/04/2019,-23310,-1581600000.0,67.9(0.30 %),33290,2258250000,56600,3839850000.0,232466394,23.73
02/05/2019,-177580,-11893560000.0,66.9(-1.47 %),184410,12339420000,361990,24232980000.0,232567864,23.73
03/05/2019,493820,32943390000.0,66.7(-0.30 %),560530,37396700000,66710,4453310000.0,232165044,23.74
06/05/2019,181590,12055003000.0,66.3(-0.60 %),184620,12256315000,3030,201312000.0,232076864,23.74
07/05/2019,-391820,-25662740000.0,65.6(-1.06 %),370200,24252300000,762020,49915040000.0,232144244,23.74
08/05/2019,-197830,-12864386000.0,65.1(-0.76 %),378270,24593500000,576100,37457886000.0,232666514,23.73
09/05/2019,39390,2577932000.0,65.5(0.61 %),699340,45687367000,659950,43109435000.0,232627124,23.73
10/05/2019,-187270,-12302216000.0,65.6(0.15 %),188820,12400193000,376090,24702409000.0,232814394,23.72
13/05/2019,20750,1367637000.0,65.9(0.46 %),248180,16360045000,227430,14992408000.0,232793644,23.72
14/05/2019,-35870,-2402004000.0,66.6(1.06 %),488230,32223226000,524100,34625230000.0,232829514,23.72
15/05/2019,-175480,-11743080000.0,66.8(0.30 %),207610,13882630000,383090,25625710000.0,232498270,23.73
16/05/2019,-36770,-2455180000.0,66.8(0.00 %),303300,20318070000,340070,22773250000.0,232572400,23.73
17/05/2019,66560,4446520000.0,66.8(0.00 %),327540,21898460000,260980,17451940000.0,232606880,23.73
20/05/2019,55400,3744000000.0,67.8(1.50 %),211280,14273660000,155880,10529660000.0,232778690,23.72
21/05/2019,96150,6542878000.0,67.7(-0.15 %),426420,28978888000,330270,22436010000.0,232682540,23.73
22/05/2019,-224960,-15240250000.0,67.2(-0.74 %),107800,7300380000,332760,22540630000.0,232871600,23.72
23/05/2019,152230,10284870000.0,67.6(0.60 %),218840,14781550000,66610,4496680000.0,232808640,23.72
24/05/2019,-113420,-7589340000.0,66.5(-1.63 %),1036010,70008870000,1149430,77598210000.0,232421660,23.73
27/05/2019,136700,9183540000.0,67.4(1.35 %),254410,17069370000,117710,7885830000.0,232540010,23.73
28/05/2019,57400,3947806000.0,67.4(0.00 %),326030,22017626000,268630,18069820000.0,232227560,23.74
29/05/2019,161920,10970674000.0,67.5(0.15 %),465880,31576584000,303960,20605910000.0,232065640,23.74
30/05/2019,-12580,-853650000.0,67.7(0.30 %),420640,28501240000,433220,29354890000.0,232651365,23.73
31/05/2019,389930,26341340000.0,67.2(-0.74 %),740980,49999000000,351050,23657660000.0,232409015,23.73
03/06/2019,269730,17962119000.0,66.5(-1.04 %),393480,26188619000,123750,8226500000.0,232019495,23.74
04/06/2019,192090,12865110000.0,67.2(1.05 %),398390,26607630000,206300,13742520000.0,231905415,23.75
05/06/2019,-21750,-1462350000.0,66.7(-0.74 %),135010,9055650000,156760,10518000000.0,231917455,23.75
06/06/2019,-174270,-11518730000.0,65.9(-1.20 %),578490,38325230000,752760,49843960000.0,232030095,23.74
07/06/2019,-318950,-20909060000.0,65.6(-0.46 %),68870,4547300000,387820,25456360000.0,232342375,23.74
10/06/2019,292220,19383803000.0,66.7(1.68 %),336720,22357416000,44500,2973613000.0,232050155,23.74
11/06/2019,88780,5971390000.0,67.4(1.05 %),1236810,82832090000,1148030,76860700000.0,231890142,23.75
12/06/2019,50830,3413762000.0,67(-0.59 %),103430,6946912000,52600,3533150000.0,231839312,23.75
13/06/2019,138370,9306590000.0,67.3(0.45 %),369370,24835040000,231000,15528450000.0,231849667,23.75
14/06/2019,418600,28907079000.0,69.2(2.82 %),805960,55622544000,387360,26715465000.0,231282342,23.76
17/06/2019,192960,13482010000.0,69.2(0.00 %),897540,62476230000,704580,48994220000.0,230596821,23.78
18/06/2019,-15820,-1132550000.0,70.3(1.59 %),343330,23747757000,359150,24880307000.0,231105202,23.77
19/06/2019,-168610,-11750270000.0,69.8(-0.71 %),930540,65108630000,1099150,76858900000.0,230525451,23.78
20/06/2019,162210,11522220000.0,71.5(2.44 %),650450,46107560000,488240,34585340000.0,230477661,23.79
21/06/2019,109840,8071640000.0,71(-0.70 %),1188280,84700690000,1078440,76629050000.0,229648531,23.81
24/06/2019,727640,52999258000.0,73(2.82 %),886320,64524310000,158680,11525052000.0,230274122,23.79
25/06/2019,-69290,-5016680000.0,72.4(-0.82 %),438470,31729080000,507760,36745760000.0,229469355,23.81
26/06/2019,-120910,-8636950000.0,70.5(-2.62 %),520480,37133290000,641390,45770240000.0,230363315,23.79
27/06/2019,-173400,-12157770000.0,69.5(-1.42 %),395090,27486110000,568490,39643880000.0,230193945,23.79
28/06/2019,-280990,-19482480000.0,70.5(1.44 %),130560,9051000000,411550,28533480000.0,230217665,23.79
01/07/2019,-105400,-7514900000.0,71.3(1.13 %),122010,8709260000,227410,16224160000.0,230401045,23.79
02/07/2019,28590,2030888000.0,70.5(-1.12 %),33070,2348618000,4480,317730000.0,230494465,23.79
03/07/2019,-257330,-18016598000.0,69.6(-1.28 %),79010,5535712000,336340,23552310000.0,230751795,23.78
04/07/2019,491610,35322770000.0,72.5(4.17 %),625200,44962100000,133590,9639330000.0,230737175,23.78
05/07/2019,96990,7020890000.0,72.6(0.14 %),153190,11086890000,56200,4066000000.0,230588465,23.78
08/07/2019,-48840,-3472490000.0,71.3(-1.79 %),344330,24623050000,393170,28095540000.0,230844485,23.78
09/07/2019,-127470,-9042410000.0,71.9(0.84 %),56660,4044840000,184130,13087250000.0,230921423,23.77
10/07/2019,331960,24047480000.0,72.5(0.83 %),481840,34907770000,149880,10860290000.0,230554783,23.78
11/07/2019,424920,31257950000.0,74(2.07 %),753870,55513490000,328950,24255540000.0,230130083,23.8
12/07/2019,440300,32568286000.0,73.7(-0.41 %),529420,39176751000,89120,6608465000.0,229142325,23.82
15/07/2019,567680,42331755000.0,75(1.76 %),622450,46400891000,54770,4069136000.0,228574645,23.84
16/07/2019,1144330,87718560000.0,77.2(2.93 %),1483400,113653420000,339070,25934860000.0,228014773,23.85
17/07/2019,103410,7926360000.0,76.2(-1.30 %),297340,22763166000,193930,14836806000.0,227326905,23.87
18/07/2019,369110,28222750000.0,76.4(0.26 %),595620,45535810000,226510,17313060000.0,226957795,23.88
19/07/2019,682670,53830074000.0,79(3.40 %),692860,54627642000,10190,797568000.0,226275125,23.9
22/07/2019,412940,32640308000.0,79(0.00 %),698840,55241158000,285900,22600850000.0,225862185,23.91
23/07/2019,223380,17638110000.0,78.9(-0.13 %),422810,33396470000,199430,15758360000.0,226128270,23.9
24/07/2019,-129270,-9682130000.0,76.9(-2.53 %),875080,67798120000,1004350,77480250000.0,225548380,23.92
25/07/2019,97580,7557951000.0,77.7(1.04 %),285810,22139650000,188230,14581699000.0,225670495,23.92
26/07/2019,470380,37162765000.0,78.5(1.03 %),540310,42661968000,69930,5499203000.0,225200115,23.93
29/07/2019,373210,29704705000.0,81(3.18 %),424250,33741407000,51040,4036702000.0,224826905,23.94
30/07/2019,171240,13987805000.0,80.6(-0.49 %),544310,44407136000,373070,30419331000.0,224655665,23.94
31/07/2019,-163090,-13056473000.0,80.2(-0.50 %),103940,8319975000,267030,21376448000.0,224818755,23.94
01/08/2019,-126230,-10111705000.0,80.5(0.37 %),105990,8482159000,232220,18593864000.0,225130760,23.93
02/08/2019,-42900,-3408420000.0,79.1(-1.74 %),126840,10086090000,169740,13494510000.0,225271000,23.93
05/08/2019,-126780,-9815653000.0,77.4(-2.15 %),223630,17485588000,350410,27301241000.0,225300440,23.93
06/08/2019,46530,3532264000.0,76.3(-1.42 %),558960,42686537000,512430,39154273000.0,225253910,23.93
07/08/2019,36990,2876202000.0,78.4(2.75 %),333070,25788594000,296080,22912392000.0,225216920,23.93
08/08/2019,-76950,-6061980000.0,78.5(0.13 %),352070,27764740000,429020,33826720000.0,224972670,23.93
09/08/2019,74430,5907500000.0,78.5(0.00 %),375160,29619820000,300730,23712320000.0,225161564,23.93
12/08/2019,-147400,-11447480000.0,77.7(-1.02 %),171390,13352440000,318790,24799920000.0,225368254,23.92
13/08/2019,-242270,-18535380000.0,76.3(-1.80 %),230510,17693889000,472780,36229269000.0,225609110,23.92
14/08/2019,-96640,-7400950000.0,76.3(0.00 %),92990,7147990000,189630,14548940000.0,225622184,23.92
15/08/2019,81640,6170180000.0,79(3.54 %),110870,8395820000,29230,2225640000.0,225748104,23.91
16/08/2019,-238040,-18582746000.0,77.9(-1.39 %),70100,5474896000,308140,24057642000.0,225862150,23.91
19/08/2019,-366600,-28322437000.0,76.8(-1.41 %),118080,9142762000,484680,37465199000.0,226228750,23.9
20/08/2019,-216090,-16643297000.0,76.9(0.13 %),84240,6492170000,300330,23135467000.0,226444840,23.89
21/08/2019,66920,5257030000.0,80(4.03 %),516150,40738200000,449230,35481170000.0,225909314,23.91
22/08/2019,-30140,-2421300000.0,80(0.00 %),182010,14570818000,212150,16992118000.0,226408060,23.9
23/08/2019,-95510,-7594360000.0,79.2(-1.00 %),261858,20833892024,357368,28428252024.0,226503570,23.89
26/08/2019,-117560,-9145227000.0,77.8(-1.77 %),7610,593897000,125170,9739124000.0,226621130,23.89
27/08/2019,-408350,-31571530000.0,76.5(-1.67 %),312880,24092700000,721230,55664230000.0,226906314,23.88
28/08/2019,-31670,-2445300000.0,77(0.65 %),643200,49582420000,674870,52027720000.0,226758474,23.89
29/08/2019,-12060,-936170000.0,76.8(-0.26 %),219910,16876630000,231970,17812800000.0,226663734,23.89
30/08/2019,-14210,-1098058000.0,77.7(1.17 %),87410,6776958000,101620,7875016000.0,227087420,23.88
03/09/2019,88440,6872510000.0,77.8(0.13 %),311300,24145610000,222860,17273100000.0,227208164,23.87
04/09/2019,-196730,-15204950000.0,77.3(-0.64 %),118200,9106487000,314930,24311437000.0,227716194,23.86
05/09/2019,-131430,-10225000000.0,77.6(0.39 %),14300,1114390000,145730,11339390000.0,227409254,23.87
06/09/2019,-32320,-2501897000.0,77.3(-0.39 %),56270,4365301000,88590,6867198000.0,227879944,23.86
09/09/2019,-10850,-835050000.0,77.2(-0.13 %),17300,1338250000,28150,2173300000.0,227873490,23.86
10/09/2019,-15590,-1217950000.0,77.7(0.65 %),48320,3774670000,63910,4992620000.0,227970900,23.85
11/09/2019,-31590,-2458280000.0,78.2(0.64 %),4210,328450000,35800,2786730000.0,228055280,23.85
12/09/2019,-188290,-14879030000.0,79.5(1.66 %),286050,22618860000,474340,37497890000.0,228017380,23.85
13/09/2019,-5740,-484030000.0,81.9(3.02 %),24760,1999520000,30500,2483550000.0,228056530,23.85
16/09/2019,-155380,-12633395000.0,81(-1.10 %),9130,749635000,164510,13383030000.0,228287384,23.84
17/09/2019,-292480,-23621100000.0,81.1(0.12 %),155500,12566620000,447980,36187720000.0,228182040,23.85
18/09/2019,-156210,-12685203000.0,80.6(-0.62 %),388170,31590334000,544380,44275537000.0,228736074,23.83
19/09/2019,85380,6933920000.0,81.5(1.12 %),135680,11001680000,50300,4067760000.0,228053200,23.85
20/09/2019,-998590,-80592490000.0,81(-0.61 %),978100,79633250000,1976690,160225740000.0,227556700,23.86
23/09/2019,72450,5727090000.0,79(-2.47 %),360800,29090270000,288350,23363180000.0,227540280,23.86
24/09/2019,71480,5689900000.0,80.6(2.03 %),157200,12546518000,85720,6856618000.0,229505354,23.81
25/09/2019,-20670,-1647634000.0,80.7(0.12 %),164720,13209676000,185390,14857310000.0,229526024,23.81
26/09/2019,-414460,-33408267000.0,81(0.37 %),426320,34328740000,840780,67737007000.0,229940484,23.8
27/09/2019,227910,18750700000.0,82.9(2.35 %),393950,32346720000,166040,13596020000.0,228930139,23.83
30/09/2019,-107050,-8886480000.0,82.1(-0.97 %),190690,15791020000,297740,24677500000.0,228924839,23.83
01/10/2019,31860,2611770000.0,83.4(1.58 %),682460,56521860000,650600,53910090000.0,229404439,23.81
02/10/2019,-257800,-21263538000.0,82(-1.68 %),83500,6955903000,341300,28219441000.0,229828279,23.8
03/10/2019,-542170,-44007270000.0,82(0.00 %),864950,70275017000,1407120,114282287000.0,230370449,23.79
04/10/2019,166220,13722242000.0,83(1.22 %),311840,25767861000,145620,12045619000.0,230204229,23.79
07/10/2019,178400,14977309000.0,82.8(-0.24 %),270140,22668871000,91740,7691562000.0,230025829,23.8
08/10/2019,714710,60046540000.0,85.1(2.78 %),723680,60799320000,8970,752780000.0,229578129,23.81
09/10/2019,221970,18901700000.0,84.5(-0.71 %),239310,20370720000,17340,1469020000.0,229484439,23.81
10/10/2019,293190,24837800000.0,84.6(0.12 %),442410,37486910000,149220,12649110000.0,229110409,23.82
11/10/2019,262560,22298940000.0,85.3(0.83 %),433590,36827980000,171030,14529040000.0,228715699,23.83
14/10/2019,175040,14931490000.0,85(-0.35 %),293820,25084320000,118780,10152830000.0,228439219,23.84
15/10/2019,191060,16238980000.0,85.2(0.24 %),343970,29237589000,152910,12998609000.0,228167299,23.85
16/10/2019,274360,23597714000.0,86.1(1.06 %),428940,36898600000,154580,13300886000.0,227892939,23.86
17/10/2019,113860,9789930000.0,85.2(-1.05 %),395300,33902220000,281440,24112290000.0,227680129,23.86
18/10/2019,222320,19005110000.0,85(-0.23 %),388100,33157690000,165780,14152580000.0,227557889,23.86
21/10/2019,69770,5867908000.0,84.2(-0.94 %),155080,13055953000,85310,7188045000.0,227486989,23.87
22/10/2019,133810,11355493000.0,85.4(1.43 %),182070,15461465000,48260,4105972000.0,227353179,23.87
23/10/2019,-115310,-9798740000.0,85.3(-0.12 %),613270,52292760000,728580,62091500000.0,227468299,23.87
24/10/2019,269150,23147420000.0,86.9(1.88 %),395000,34002230000,125850,10854810000.0,227258079,23.87
25/10/2019,257120,22429630000.0,88(1.27 %),390620,34086750000,133500,11657120000.0,226975999,23.88
28/10/2019,-37160,-3246630000.0,87.4(-0.68 %),471180,41343740000,508340,44590370000.0,227274949,23.87
29/10/2019,-229420,-19924782000.0,86.4(-1.14 %),46980,4081945000,276400,24006727000.0,227208799,23.87
30/10/2019,127820,11165630000.0,87.8(1.62 %),491010,42936670000,363190,31771040000.0,227103109,23.88
31/10/2019,101590,8945858000.0,87.7(-0.11 %),176660,15548569000,75070,6602711000.0,226979389,23.88
01/11/2019,569070,50378008000.0,88.8(1.25 %),783210,69356375000,214140,18978367000.0,227269639,23.87
04/11/2019,521580,47667210000.0,92(3.60 %),560050,51175640000,38470,3508430000.0,226043019,23.91
05/11/2019,-256940,-23391303000.0,90.8(-1.30 %),55080,5039940000,312020,28431243000.0,227004999,23.88
06/11/2019,-374850,-34117180000.0,91(0.22 %),227080,20671440000,601930,54788620000.0,226250070,23.9
07/11/2019,-37240,-3416250000.0,91.3(0.33 %),102890,9393240000,140130,12809490000.0,226185650,23.9
08/11/2019,-47950,-4382630000.0,91.5(0.22 %),453820,41370340000,501770,45752970000.0,226442940,23.89
11/11/2019,83340,7626590000.0,91.3(-0.22 %),258000,23599420000,174660,15972830000.0,226665340,23.89
12/11/2019,-41060,-3753560000.0,91.7(0.44 %),159170,14591100000,200230,18344660000.0,226646300,23.89
13/11/2019,-285080,-26011110000.0,90.5(-1.31 %),89490,8171530000,374570,34182640000.0,226659490,23.89
14/11/2019,-17860,-1619560000.0,90.9(0.44 %),36260,3298450000,54120,4918010000.0,226719420,23.89
15/11/2019,-131490,-11851887000.0,89.7(-1.32 %),32570,2941521000,164060,14793408000.0,227857189,23.86
18/11/2019,-135690,-11967120000.0,87.6(-2.34 %),57490,5097970000,193180,17065090000.0,227204160,23.87
19/11/2019,-71300,-6303960000.0,91(3.88 %),183170,16273770000,254470,22577730000.0,227075970,23.88
20/11/2019,-210,-7927000.0,89.5(-1.65 %),286400,25916715000,286610,25924642000.0,228064389,23.85
21/11/2019,-234210,-20660266000.0,87.5(-2.23 %),223950,19893107000,458160,40553373000.0,228298599,23.84
22/11/2019,-534090,-45664695000.0,85.5(-2.29 %),131590,11297495000,665680,56962190000.0,228832689,23.83
25/11/2019,-664700,-56167150000.0,84.5(-1.17 %),456570,38525390000,1121270,94692540000.0,229497389,23.81
26/11/2019,-439340,-37247650000.0,84.7(0.24 %),225050,19148690000,664390,56396340000.0,227383690,23.87
27/11/2019,199660,17230658000.0,86.3(1.89 %),280640,24222752000,80980,6992094000.0,229737069,23.81
28/11/2019,75820,6466570000.0,85.3(-1.16 %),188200,16053540000,112380,9586970000.0,228536800,23.84
29/11/2019,90040,7697760000.0,85.3(0.00 %),158690,13561550000,68650,5863790000.0,228942500,23.83
02/12/2019,-39460,-3295496000.0,83.5(-2.11 %),70780,5998512000,110240,9294008000.0,229003480,23.83
03/12/2019,-159440,-13212222000.0,82(-1.80 %),72970,6053431000,232410,19265653000.0,229162920,23.82
04/12/2019,44330,3717917000.0,84.7(3.29 %),119000,9919504000,74670,6201587000.0,229118590,23.82
05/12/2019,137340,11696680000.0,84.8(0.12 %),198010,16853900000,60670,5157220000.0,228834420,23.83
06/12/2019,82600,7003730000.0,84.9(0.12 %),103210,8752660000,20610,1748930000.0,228963620,23.83
09/12/2019,172120,14680311000.0,85.2(0.35 %),265750,22653730000,93630,7973419000.0,228726530,23.83
10/12/2019,-8930,-771788000.0,85.4(0.23 %),149290,12756497000,158220,13528285000.0,228735460,23.83
11/12/2019,-18770,-1589097000.0,85.9(0.59 %),94920,8138901000,113690,9727998000.0,228754230,23.83
12/12/2019,-9130,-745780000.0,87.5(1.86 %),91420,7973360000,100550,8719140000.0,228612250,23.84
13/12/2019,216910,19130711000.0,88.4(1.03 %),387500,34162674000,170590,15031963000.0,228546450,23.84
16/12/2019,-414390,-35853167000.0,86(-2.71 %),69390,6011464000,483780,41864631000.0,228960840,23.83
17/12/2019,-105400,-8990620000.0,85.3(-0.81 %),120760,10354673220,226160,19345293220.0,229066240,23.82
18/12/2019,317260,27405730000.0,86.7(1.64 %),637410,54853637000,320150,27447907000.0,228748980,23.83
19/12/2019,744090,65363130000.0,88(1.50 %),826200,72560490000,82110,7197360000.0,227731960,23.86
20/12/2019,37660,3325378000.0,88.3(0.34 %),259270,18478541000,221610,15153163000.0,227967230,23.85
23/12/2019,370950,33379530000.0,90.9(2.94 %),421630,37923200000,50680,4543670000.0,227556320,23.86
24/12/2019,-42150,-3765240000.0,90(-0.99 %),184820,16622788000,226970,20388028000.0,227638430,23.86
25/12/2019,-14700,-1321004000.0,89.9(-0.11 %),21630,1953022000,36330,3274026000.0,227653130,23.86
26/12/2019,-71150,-6379820000.0,89.4(-0.56 %),33260,2993491000,104410,9373311000.0,227724280,23.86
27/12/2019,-119610,-10666707000.0,90.5(1.23 %),29570,2643898000,149180,13310605000.0,227843890,23.86
30/12/2019,-42150,-3765240000.0,91(0.55 %),184820,16622788000,226970,20388028000.0,227886040,23.86
31/12/2019,-21030,-1896690000.0,90.2(-0.88 %),37750,3419080000,58780,5315770000.0,227693361,23.86
02/01/2020,-51560,-4675550000.0,90.8(0.67 %),56740,5151280000,108300,9826830000.0,227785801,23.86
03/01/2020,-134650,-12245254000.0,89.9(-0.99 %),7440,675980000,142090,12921234000.0,227977191,23.85
06/01/2020,-193770,-17179179000.0,87.5(-2.67 %),184510,16367032000,378280,33546211000.0,228170961,23.85
07/01/2020,-628030,-55141034000.0,87.8(0.34 %),180240,15713409500,808270,70854443500.0,228798991,23.83
08/01/2020,-93270,-8114490000.0,87(-0.91 %),276380,24052620000,369650,32167110000.0,228892261,23.83
09/01/2020,-255320,-22646884000.0,88.7(1.95 %),386020,34145007380,641340,56791891380.0,229147581,23.82
10/01/2020,-678100,-59940440000.0,89.5(0.90 %),329700,29224940000,1007800,89165380000.0,228303801,23.84
13/01/2020,-6050,-534870000.0,89.4(-0.11 %),1423020,126976500000,1429070,127511370000.0,227810181,23.86
14/01/2020,-138410,-12356200000.0,89.4(0.00 %),595420,53233530000,733830,65589730000.0,227673121,23.86
15/01/2020,-384000,-34209520000.0,89.3(-0.11 %),676760,60327770000,1060760,94537290000.0,227962681,23.85
16/01/2020,-238620,-21342520000.0,89.5(0.22 %),521030,46491000000,759650,67833520000.0,228293011,23.84
17/01/2020,376450,35073150000.0,94.5(5.59 %),636190,58569750000,259740,23496600000.0,228394735,23.84
20/01/2020,176370,16610070000.0,94(-0.53 %),271640,25576110000,95270,8966040000.0,229185895,23.82
21/01/2020,10620,992600000.0,94(0.00 %),269070,25280050000,258450,24287450000.0,229629875,23.81
22/01/2020,28730,2686116000.0,93.4(-0.64 %),266780,25049125000,238050,22363009000.0,229601145,23.81
30/01/2020,-374470,-33502810000.0,88.9(-4.82 %),1812360,161393010000,2186830,194895820000.0,228105745,23.85
31/01/2020,543370,48196919000.0,88.7(-0.22 %),773980,68647026000,230610,20450107000.0,229432245,23.81
03/02/2020,98180,8744135000.0,88.7(0.00 %),463280,40697002000,365100,31952867000.0,227857305,23.86
04/02/2020,100610,9034778000.0,89.8(1.24 %),835380,74761982400,734770,65727204400.0,229205665,23.82
05/02/2020,63990,5688510000.0,88.9(-1.00 %),430070,38376780000,366080,32688270000.0,228733815,23.83
06/02/2020,-28770,-2594260000.0,89.4(0.56 %),276250,24700510000,305020,27294770000.0,228900385,23.83
07/02/2020,-9830,-952960000.0,90(0.67 %),505550,45272860000,515380,46225820000.0,228871495,23.83
10/02/2020,47340,4197290000.0,88.9(-1.22 %),234640,20870300000,187300,16673010000.0,228856285,23.83
11/02/2020,172370,15369952000.0,89.2(0.34 %),313230,27935519000,140860,12565567000.0,228960565,23.83
12/02/2020,-17220,-1541633000.0,89.4(0.22 %),118230,10565382000,135450,12107015000.0,228977785,23.83
13/02/2020,64380,5718000000.0,89.3(-0.11 %),274170,24411220000,209790,18693220000.0,229121355,23.82
14/02/2020,-18300,-1632848000.0,89.3(0.00 %),91300,8155323000,109600,9788171000.0,228931705,23.83
17/02/2020,28270,2530919000.0,89.4(0.11 %),57780,5169656000,29510,2638737000.0,228903435,23.83
18/02/2020,-143670,-12835610000.0,89.4(0.00 %),69530,6205010000,213200,19040620000.0,229370235,23.82
19/02/2020,-23340,-2079839000.0,89.5(0.11 %),56100,5000814000,79440,7080653000.0,229070445,23.82
20/02/2020,-133100,-11925970000.0,89.5(0.00 %),173700,15547400000,306800,27473370000.0,229389855,23.82
21/02/2020,-17290,-1538810000.0,89(-0.56 %),391580,34855740500,408870,36394550500.0,229220835,23.82
24/02/2020,429750,37452951000.0,87.2(-2.02 %),511370,44562192000,81620,7109241000.0,228791085,23.83
25/02/2020,-797330,-68720767000.0,86.2(-1.15 %),116660,10067948000,913990,78788715000.0,229588415,23.81
26/02/2020,-440060,-37414940000.0,85(-1.39 %),303450,25858190000,743510,63273130000.0,229017746,23.83
27/02/2020,70810,5018310000.0,84(-1.18 %),1234770,102576220000,1163960,97557910000.0,228158096,23.85
28/02/2020,-95310,-8280190000.0,82.4(-1.90 %),970230,79027240000,1065540,87307430000.0,228107886,23.85
02/03/2020,-70380,-6194584000.0,81.8(-0.73 %),316420,25444685920,386800,31639269920.0,228511396,23.84
03/03/2020,-143660,-11829620000.0,82.2(0.49 %),365720,30224300000,509380,42053920000.0,229109636,23.82
04/03/2020,-206290,-16803486000.0,81.7(-0.61 %),132020,10757406000,338310,27560892000.0,228861346,23.83
05/03/2020,155810,12947811000.0,83.1(1.71 %),399450,33194295000,243640,20246484000.0,228705536,23.83
06/03/2020,247770,20554065000.0,84.5(1.68 %),414850,34645112060,167080,14091047060.0,228457766,23.84
09/03/2020,-308380,-24238668000.0,78.6(-6.98 %),283220,22384345500,591600,46623013500.0,228766146,23.83
10/03/2020,84550,1084277000.0,79.9(1.65 %),980080,72637124000,895530,71552847000.0,228681596,23.83
11/03/2020,-30340,-2336180000.0,77(-3.63 %),1042130,80192138110,1072470,82528318110.0,228711936,23.83
12/03/2020,-490090,-35173120000.0,71.7(-6.88 %),134820,9696960000,624910,44870080000.0,229109141,23.82
13/03/2020,-273510,-18357010000.0,71(-0.98 %),607220,41454830000,880730,59811840000.0,229494101,23.81
16/03/2020,-305950,-20966070000.0,67.1(-5.49 %),430460,29950380000,736410,50916450000.0,230256731,23.79
17/03/2020,121170,8047540000.0,67.5(0.60 %),526640,34673310000,405470,26625770000.0,230355001,23.79
18/03/2020,153470,10635471000.0,69.3(2.67 %),982950,68090915960,829480,57455444960.0,229506846,23.81
19/03/2020,153470,10660031000.0,66(-4.76 %),524390,36291483000,370920,25631452000.0,229353376,23.82
20/03/2020,-2179870,-134062005000.0,61.5(-6.82 %),1066860,66805530000,3246730,200867535000.0,231533246,23.76
23/03/2020,-463150,-26548399000.0,57.2(-6.99 %),413240,23652519000,876390,50200918000.0,231996396,23.74
24/03/2020,93210,5393910000.0,58(1.40 %),581930,33655418000,488720,28261508000.0,231903186,23.75
25/03/2020,66130,3915250000.0,62(6.90 %),527510,32261370000,461380,28346120000.0,232976789,23.72
26/03/2020,132920,8470980000.0,63.2(1.94 %),809510,51605760000,676590,43134780000.0,233594669,23.7
27/03/2020,340120,21801692000.0,64.1(1.42 %),923820,59320582000,583700,37518890000.0,231364016,23.76
30/03/2020,-35020,-2102340000.0,61(-4.84 %),1051350,63791440000,1086370,65893780000.0,233327969,23.71
31/03/2020,81980,5044750000.0,62(1.64 %),277710,17234160000,195730,12189410000.0,233175849,23.71
01/04/2020,102100,6562751000.0,65(4.84 %),300330,19381728000,198230,12818977000.0,233479549,23.7
03/04/2020,-313250,-20385150000.0,65.5(0.77 %),275640,17917170000,588890,38302320000.0,233511579,23.7
06/04/2020,-961350,-64687230000.0,68(3.82 %),83290,5600110000,1044640,70287340000.0,233624019,23.7
07/04/2020,-169760,-11494410000.0,68.2(0.29 %),326950,22203150000,496710,33697560000.0,233491949,23.7
08/04/2020,-150460,-10159420000.0,67.5(-1.03 %),784330,53087720000,934790,63247140000.0,233290479,23.71
09/04/2020,539640,38314440000.0,71(5.19 %),1003110,70820703400,463470,32506263400.0,234534729,23.68
10/04/2020,498200,35442180000.0,70.6(-0.56 %),752070,53430600000,253870,17988420000.0,233525199,23.7
13/04/2020,196980,13968891000.0,70.8(0.28 %),374520,26534674000,177540,12565783000.0,233839549,23.7
14/04/2020,26150,1995060000.0,69.9(-1.27 %),516880,35985740000,490730,33990680000.0,233580159,23.7
15/04/2020,-74880,-5277825000.0,70.9(1.43 %),300310,21221978000,375190,26499803000.0,233888279,23.69
16/04/2020,-150970,-10535760000.0,71.2(0.42 %),395410,27921630000,546380,38457390000.0,233315849,23.71
17/04/2020,-240010,-17052820000.0,71.4(0.28 %),753740,53713900000,993750,70766720000.0,233352839,23.71
20/04/2020,-40290,-3108680200.0,71.9(0.70 %),504220,35654190400,544510,38762870600.0,234319549,23.68
21/04/2020,-448550,-30527599000.0,71.5(-0.56 %),597210,41969392000,1045760,72496991000.0,234768099,23.67
22/04/2020,-731240,-51042619000.0,69.3(-3.08 %),369640,25815536000,1100880,76858155000.0,235499339,23.65
23/04/2020,-415010,-28751774000.0,69.2(-0.14 %),265190,18386516000,680200,47138290000.0,235914349,23.64
24/04/2020,-540340,-36985340000.0,68.9(-0.43 %),304890,20875620000,845230,57860960000.0,234722059,23.67
27/04/2020,-1583010,-106868615000.0,66.8(-3.05 %),225880,15177289000,1808890,122045904000.0,238037699,23.58
28/04/2020,-1098510,-72666250000.0,67(0.30 %),288790,19128933000,1387300,91795183000.0,239136209,23.55
29/04/2020,-885320,-59981630000.0,68(1.49 %),100280,6792930000,985600,66774560000.0,236580979,23.62
04/05/2020,-12160,-812130000.0,67.4(-0.88 %),293540,19830540000,305700,20642670000.0,238096329,23.58
05/05/2020,-112960,-7555643000.0,66.8(-0.89 %),415430,27839621000,528390,35395264000.0,238502829,23.57
06/05/2020,-223550,-14984340000.0,67.6(1.20 %),415990,27884790000,639540,42869130000.0,239858799,23.53
07/05/2020,-251490,-17236420000.0,69.7(3.11 %),573120,39478150000,824610,56714570000.0,239988381,23.53
08/05/2020,1022460,73888010000.0,73.5(5.45 %),1279510,92451020000,257050,18563010000.0,239437261,23.54
11/05/2020,580390,39193166460.0,74.5(1.36 %),635070,43198550430,54680,4005383970.0,237375019,23.6
12/05/2020,923460,69548981000.0,75.6(1.48 %),966970,72814142000,43510,3265161000.0,236451559,23.62
13/05/2020,1071060,80639263000.0,75.6(0.00 %),1090400,82087233000,19340,1447970000.0,235380499,23.65
14/05/2020,682830,51698060000.0,76(0.53 %),768390,58186490000,85560,6488430000.0,236939558,23.61
15/05/2020,1045530,79383157000.0,76(0.00 %),1130170,85814949000,84640,6431792000.0,233652139,23.7
18/05/2020,530120,40854630000.0,78.5(3.29 %),694040,53600970000,163920,12746340000.0,235320713,23.66
19/05/2020,114710,9257960000.0,79(0.64 %),768980,60913360000,654270,51655400000.0,235103973,23.66
20/05/2020,306160,24249733000.0,79.6(0.76 %),338670,26825623000,32510,2575890000.0,232701149,23.73
21/05/2020,317370,25420508000.0,81.2(2.01 %),573880,46039471560,256510,20618963560.0,232383779,23.73
22/05/2020,455780,36852300000.0,81(-0.25 %),1395440,112807340000,939660,75955040000.0,234062603,23.69
25/05/2020,175810,14249590000.0,81.1(0.12 %),360770,29250610000,184960,15001020000.0,233734343,23.7
26/05/2020,152350,12455623000.0,82.5(1.73 %),441940,36107101420,289590,23651478420.0,231599839,23.76
27/05/2020,270380,22552965000.0,82.9(0.48 %),355050,29625707000,84670,7072742000.0,231329459,23.76
28/05/2020,1230710,103542263000.0,84.5(1.93 %),1332220,112062500000,101510,8520237000.0,230098749,23.8
29/05/2020,610700,52124020000.0,85.2(0.83 %),901480,76935630000,290780,24811610000.0,231367183,23.76
01/06/2020,-36680,-3224200000.0,86.5(1.53 %),520620,44890320000,557300,48114520000.0,231122733,23.77
02/06/2020,415090,35926150000.0,86.6(0.12 %),777790,67330680000,362700,31404530000.0,230515333,23.78
03/06/2020,174760,15266681000.0,87.9(1.50 %),267730,23380531000,92970,8113850000.0,230532883,23.78
04/06/2020,157750,13995389000.0,89(1.25 %),549670,48709734160,391920,34714345160.0,230375133,23.79
05/06/2020,0,0.0,89(0.00 %),0,0,0,0.0,230375133,23.79
08/06/2020,337100,30103944000.0,89.4(0.45 %),790220,70608913000,453120,40504969000.0,230038033,23.8
09/06/2020,0,0.0,89.5(0.11 %),0,0,0,0.0,230038033,23.8
10/06/2020,282910,25332530000.0,89.6(0.11 %),3097150,277693210000,2814240,252360680000.0,229401408,23.81
11/06/2020,457900,40408589000.0,88(-1.79 %),743810,65768031000,285910,25359442000.0,229297223,23.82
12/06/2020,-277310,-23800770000.0,85.6(-2.73 %),626680,53564140000,903990,77364910000.0,228196898,23.85
15/06/2020,-394050,-32825046000.0,82(-4.21 %),388780,32184409000,782830,65009455000.0,229968583,23.8
16/06/2020,-374730,-31303180000.0,83.7(2.07 %),203500,17015150000,578230,48318330000.0,228167538,23.85
17/06/2020,-161820,-10585649360.0,84.2(0.60 %),802250,64417651870,964070,75003301230.0,230505133,23.79
18/06/2020,-185830,-15841883000.0,85(0.95 %),1241510,105707325000,1427340,121549208000.0,230690963,23.78
19/06/2020,-129140,-11035420000.0,85.4(0.47 %),937370,80069490000,1066510,91104910000.0,228579788,23.84
22/06/2020,82620,7040330000.0,85.5(0.12 %),1054330,90101870000,971710,83061540000.0,228058098,23.85
23/06/2020,32750,2768640000.0,86(0.58 %),545990,46931790000,513240,44163150000.0,228839448,23.83
24/06/2020,148170,12603564000.0,84.7(-1.51 %),399330,33997030000,251160,21393466000.0,230556563,23.78
25/06/2020,11910,980830000.0,83.7(-1.18 %),227810,19031740000,215900,18050910000.0,229658998,23.81
26/06/2020,-74020,-6190960000.0,83.3(-0.48 %),696810,58119860000,770830,64310820000.0,230106428,23.8
29/06/2020,-74020,-6190957000.0,81.5(-2.16 %),696810,58119857000,770830,64310814000.0,230692693,23.78
30/06/2020,-74020,-6190957000.0,80.3(-1.47 %),696810,58119857000,770830,64310814000.0,230766713,23.78
01/07/2020,-119230,-9607130000.0,82.7(2.99 %),136200,11066150000,255430,20673280000.0,230216468,23.79
02/07/2020,-181140,-14777510000.0,82.6(-0.12 %),340550,27862480000,521690,42639990000.0,230311168,23.79
03/07/2020,34940,2898792000.0,83(0.48 %),235620,19541541000,200680,16642749000.0,230362668,23.79
06/07/2020,-754680,-62561248000.0,82.9(-0.12 %),317800,26341601000,1072480,88902849000.0,231117348,23.77
07/07/2020,-203840,-17101530000.0,83.4(0.60 %),617360,51746990000,821200,68848520000.0,230142323,23.79
08/07/2020,-172900,-14362280000.0,83(-0.48 %),282530,23459790000,455430,37822070000.0,230157747,23.79
09/07/2020,-301810,-25234160000.0,83.6(0.72 %),409060,34198090000,710870,59432250000.0,230816717,23.78
10/07/2020,-500620,-41410870000.0,82.7(-1.08 %),176820,14639060000,677440,56049930000.0,231556647,23.76
13/07/2020,54250,4488082000.0,82.9(0.24 %),182950,15160962000,128700,10672880000.0,232242268,23.74
14/07/2020,83310,6891170000.0,83(0.12 %),223990,18510930000,140680,11619760000.0,232345237,23.74
15/07/2020,-337890,-28195193000.0,83.5(0.60 %),503910,42046832000,841800,70242025000.0,232496848,23.73
16/07/2020,-304440,-25391830000.0,83.5(0.00 %),881010,73447170000,1185450,98839000000.0,231899497,23.75
17/07/2020,-275990,-22922364000.0,82.8(-0.84 %),278050,23125959610,554040,46048323610.0,233077278,23.72
20/07/2020,-60020,-4930423000.0,82.2(-0.72 %),258280,21228957000,318300,26159380000.0,233137298,23.71
21/07/2020,7720,615310000.0,82.5(0.36 %),870920,71598220000,863200,70982910000.0,233098470,23.72
22/07/2020,256220,21106401000.0,82.5(0.00 %),563600,46443020000,307380,25336619000.0,232873358,23.72
23/07/2020,18380,1488038000.0,82.5(0.00 %),995570,82127596000,977190,80639558000.0,232854978,23.72
24/07/2020,559120,45180646000.0,81(-1.82 %),634110,51215943000,74990,6035297000.0,232295858,23.74
27/07/2020,494340,37957505000.0,77(-4.94 %),609570,46887243000,115230,8929738000.0,231801518,23.75
28/07/2020,58940,4532403000.0,78.5(1.95 %),325680,25340001000,266740,20807598000.0,231742578,23.75
29/07/2020,459540,35189496000.0,77.5(-1.27 %),535320,41007494000,75780,5817998000.0,231283038,23.76
30/07/2020,-253090,-19617150000.0,77.4(-0.13 %),532980,41470320000,786070,61087470000.0,231345600,23.76
31/07/2020,-222650,-17105890000.0,76.4(-1.29 %),249930,19157870000,472580,36263760000.0,231362410,23.76
03/08/2020,182030,14264373000.0,78.8(3.14 %),238740,18672076000,56710,4407703000.0,231438190,23.76
04/08/2020,136450,10970584000.0,81.9(3.93 %),214660,17215095000,78210,6244511000.0,231301740,23.76
05/08/2020,-47430,-3888820000.0,82.7(0.98 %),302750,24976180000,350180,28865000000.0,232140690,23.74
06/08/2020,111100,9152550000.0,82.8(0.12 %),414320,34290170000,303220,25137620000.0,231783080,23.75
07/08/2020,178110,14754270000.0,82.9(0.12 %),319100,26431030000,140990,11676760000.0,231536910,23.76
10/08/2020,-93890,-7773035000.0,81.9(-1.21 %),258050,21346522000,351940,29119557000.0,231153850,23.77
11/08/2020,-71700,-5879180000.0,82.1(0.24 %),102830,8431640000,174530,14310820000.0,231894530,23.75
12/08/2020,-71630,-5881130000.0,82.1(0.00 %),65160,5344190000,136790,11225320000.0,231970360,23.75
13/08/2020,-20420,-1666900000.0,83(1.10 %),81570,6756550000,101990,8423450000.0,232040730,23.74
14/08/2020,-352290,-29133030000.0,82(-1.20 %),160800,13296390000,513090,42429420000.0,231984960,23.75
17/08/2020,79290,6508360000.0,82.3(0.37 %),110270,9055940000,30980,2547580000.0,232037886,23.74
18/08/2020,-76880,-6323410000.0,82.3(0.00 %),46140,3787390000,123020,10110800000.0,232113096,23.74
19/08/2020,-22320,-1871425000.0,83(0.85 %),185180,15321873000,207500,17193298000.0,231689800,23.75
20/08/2020,34590,2889086000.0,83(0.00 %),172990,14427099000,138400,11538013000.0,231655210,23.75
21/08/2020,-867190,-71942800000.0,82.9(-0.12 %),337510,27988360000,1204700,99931160000.0,232184506,23.74
24/08/2020,-352180,-29535442000.0,83.9(1.21 %),1032590,86564194000,1384770,116099636000.0,232874580,23.72
25/08/2020,-550970,-46553510000.0,83.9(0.00 %),564230,47533040000,1115200,94086550000.0,231253586,23.76
26/08/2020,-491230,-41055279000.0,83.5(-0.48 %),664520,55546264000,1155750,96601543000.0,233916780,23.69
27/08/2020,-190690,-15954570000.0,83.5(0.00 %),1679520,140227100000,1870210,156181670000.0,232531206,23.73
28/08/2020,-1771210,-147883387430.0,83.4(-0.12 %),477500,39868043550,2248710,187751430980.0,235878680,23.64
31/08/2020,-343440,-28618228000.0,83(-0.48 %),128350,10664643000,471790,39282871000.0,236222120,23.63
01/09/2020,-1061910,-88201766000.0,83(0.00 %),276640,22975841000,1338550,111177607000.0,234924086,23.67
03/09/2020,-577460,-48856961000.0,86.2(3.86 %),701410,59286710400,1278870,108143671400.0,235501546,23.65
04/09/2020,-624820,-53224177000.0,84.9(-1.51 %),1043460,88870343000,1668280,142094520000.0,236126366,23.63
07/09/2020,81840,6848353000.0,83.6(-1.53 %),616940,52201740450,535100,45353387450.0,236044526,23.64
08/09/2020,-909300,-75100450000.0,82.5(-1.32 %),65970,5452020000,975270,80552470000.0,237535486,23.6
09/09/2020,-233720,-19147360000.0,82.2(-0.36 %),303160,24838330000,536880,43985690000.0,238900606,23.56
10/09/2020,-161490,-13340594000.0,82.1(-0.12 %),133220,10950753000,294710,24291347000.0,237349036,23.6
11/09/2020,-86040,-7072940000.0,82.3(0.24 %),58730,4830730000,144770,11903670000.0,239975506,23.53
14/09/2020,55350,4582770000.0,83(0.85 %),111930,9277230000,56580,4694460000.0,240400456,23.52
15/09/2020,10250,807281000.0,82.5(-0.60 %),286060,23711056000,275810,22903775000.0,237369476,23.6
16/09/2020,155930,12886455000.0,82.9(0.48 %),192520,15894109000,36590,3007654000.0,237213546,23.6
17/09/2020,290380,23995200000.0,82.5(-0.48 %),917600,75820970000,627220,51825770000.0,239942356,23.53
18/09/2020,69170,5742690000.0,82.9(0.48 %),727030,60253514000,657860,54510824000.0,236853996,23.61
21/09/2020,227030,18878520000.0,83(0.12 %),822230,68492890000,595200,49614370000.0,239003723,23.56
22/09/2020,68490,5775238000.0,84(1.20 %),642930,53749382000,574440,47974144000.0,236558476,23.62
23/09/2020,393440,33528750000.0,85.4(1.67 %),409500,34892830000,16060,1364080000.0,238784583,23.56
24/09/2020,538370,46086065000.0,86.1(0.82 %),700380,59950246000,162010,13864181000.0,235626666,23.65
25/09/2020,495550,42558150000.0,86(-0.12 %),556320,47780710000,60770,5222560000.0,238692013,23.56
28/09/2020,-60460,-5226385000.0,86(0.00 %),277500,23791482000,337960,29017867000.0,235191576,23.66
29/09/2020,-257250,-21909190000.0,84.6(-1.63 %),530090,45003520000,787340,66912710000.0,238232493,23.58
30/09/2020,32280,2700440000.0,84.1(-0.59 %),347730,29234300000,315450,26533860000.0,238236183,23.58
01/10/2020,6310,538205000.0,84.8(0.83 %),77880,6596366000,71570,6058161000.0,238574143,23.57
02/10/2020,145160,12217391000.0,84(-0.94 %),163280,13724630000,18120,1507239000.0,238428983,23.57
05/10/2020,-261375,-21856650000.0,83.5(-0.60 %),207800,17455810000,469175,39312460000.0,238767973,23.56
06/10/2020,115860,9744820000.0,83.9(0.48 %),3117090,261502460000,3001230,251757640000.0,238240603,23.58
07/10/2020,249330,21077540000.0,85(1.31 %),348500,29446570000,99170,8369030000.0,237910223,23.59
08/10/2020,186310,15792490000.0,84.8(-0.24 %),241840,20494760000,55530,4702270000.0,238136266,23.58
09/10/2020,166400,14106165000.0,84.8(0.00 %),194800,16511814000,28400,2405649000.0,237952453,23.58
12/10/2020,141020,12178407000.0,85.9(1.30 %),339400,29257194000,198380,17078787000.0,237811433,23.59
13/10/2020,581610,50040940000.0,86.5(0.70 %),603820,51957540000,22210,1916600000.0,237636026,23.59
14/10/2020,-74470,-6517130000.0,88.2(1.97 %),17860,1574020000,92330,8091150000.0,237646566,23.59
15/10/2020,710710,62630610000.0,88.6(0.45 %),916480,80715340000,205770,18084730000.0,236928461,23.61
16/10/2020,375940,33196140000.0,88.2(-0.45 %),401830,35481104000,25890,2284964000.0,236217643,23.63
19/10/2020,181520,15956100000.0,87.5(-0.79 %),536580,47145610000,355060,31189510000.0,236206351,23.63
20/10/2020,646390,56459932000.0,87.7(0.23 %),702700,61375000000,56310,4915068000.0,235389733,23.65
21/10/2020,-300520,-26019008000.0,86.2(-1.71 %),228420,19773206000,528940,45792214000.0,235690253,23.65
22/10/2020,-491520,-42015330000.0,86.6(0.46 %),253070,21691480000,744590,63706810000.0,235501231,23.65
23/10/2020,-40080,-3498020000.0,87.5(1.04 %),102680,8958610000,142760,12456630000.0,235502741,23.65
26/10/2020,-397190,-34531690000.0,86(-1.71 %),127730,11109580000,524920,45641270000.0,235995391,23.64
27/10/2020,-82340,-8943425400.0,86(0.00 %),276560,21500774000,358900,30444199400.0,236701383,23.62
28/10/2020,22200,1896016000.0,84.2(-2.09 %),173880,14914256000,151680,13018240000.0,236679183,23.62
29/10/2020,-103620,-8717857000.0,83.6(-0.71 %),153200,12890034000,256820,21607891000.0,236782803,23.62
30/10/2020,-29970,-2555000000.0,83(-0.72 %),431940,36038950000,461910,38593950000.0,236591061,23.62
02/11/2020,3560,253354000.0,85.8(3.37 %),61760,5190019000,58200,4936665000.0,236742741,23.62
03/11/2020,-90220,-7675933000.0,85(-0.93 %),39820,3388608000,130040,11064541000.0,236832961,23.61
04/11/2020,7290,624950000.0,85(0.00 %),35830,3049360000,28540,2424410000.0,237387301,23.6
05/11/2020,79090,6740215000.0,85(0.00 %),186490,15907625000,107400,9167410000.0,236746581,23.62
06/11/2020,-24040,-2040460000.0,85(0.00 %),29330,2486870000,53370,4527330000.0,237356241,23.6
09/11/2020,520360,44461973000.0,85.5(0.59 %),543700,46451421000,23340,1989448000.0,236250261,23.63
10/11/2020,-405460,-34633116000.0,85.1(-0.47 %),313920,27145242000,719380,61778358000.0,236655721,23.62
11/11/2020,-227550,-19145997000.0,84.9(-0.24 %),246090,21143013000,473640,40289010000.0,236883271,23.61
12/11/2020,154720,13342370000.0,86.4(1.77 %),172140,14838220000,17420,1495850000.0,236293041,23.63
13/11/2020,184120,15956002000.0,86.9(0.58 %),208560,18074333000,24440,2118331000.0,236544431,23.62
16/11/2020,26130,2584180000.0,85.8(-1.27 %),259380,22613620000,233250,20029440000.0,237018121,23.61
17/11/2020,261320,22575940000.0,87.6(2.10 %),290940,25134520000,29620,2558580000.0,236755911,23.62
18/11/2020,503010,43905450000.0,87.6(0.00 %),637830,55666860000,134820,11761410000.0,236142521,23.63
19/11/2020,988630,88234041000.0,90.2(2.97 %),1078940,96286450000,90310,8052409000.0,234765341,23.67
20/11/2020,612520,55912590000.0,92.5(2.55 %),645100,58890100000,32580,2977510000.0,234697586,23.67
23/11/2020,-47440,-4318861000.0,91.6(-0.97 %),200200,18347806000,247640,22666667000.0,234200261,23.69
24/11/2020,111690,10187159000.0,92.4(0.87 %),232360,21244839000,120670,11057680000.0,234088571,23.69
25/11/2020,53770,4930150000.0,93.5(1.19 %),318680,29651990000,264910,24721840000.0,234253886,23.68
26/11/2020,8750,745697000.0,94(0.53 %),326770,30441667000,318020,29695970000.0,234245136,23.68
27/11/2020,286610,26895290000.0,94.5(0.53 %),966240,90535910000,679630,63640620000.0,233290666,23.71
30/11/2020,92710,8828880000.0,93(-1.59 %),748530,69726460000,655820,60897580000.0,232807046,23.72
01/12/2020,-1783,-1599910000.0,92(-1.08 %),42997,39559120000,44780,41159030000.0,232695096,23.73
02/12/2020,-84520,-7761090000.0,93.5(1.63 %),233410,21689130000,317930,29450220000.0,233141826,23.71
03/12/2020,-76780,-7150750000.0,93.5(0.00 %),238490,22258690000,315270,29409440000.0,233559166,23.7
04/12/2020,-283840,-26356830000.0,91.1(-2.57 %),98620,9094710000,382460,35451540000.0,233908346,23.69
07/12/2020,-22839,-21002590000.0,93.1(2.20 %),33675,31093130000,56514,52095720000.0,233881496,23.69
08/12/2020,148170,13840990000.0,93.1(0.00 %),379660,35432400000,231490,21591410000.0,233901606,23.69
09/12/2020,428390,36966098670.0,96.5(3.65 %),592090,52478801770,163700,15512703100.0,233222036,23.71
10/12/2020,703940,68324910000.0,97.2(0.73 %),861350,83599510000,157410,15274600000.0,233385326,23.71
11/12/2020,78776,74280580000.0,97.2(0.00 %),111142,105612320000,32366,31331740000.0,232575896,23.73
14/12/2020,283670,27989575000.0,99.9(2.78 %),516060,50555417000,232390,22565842000.0,231446666,23.76
15/12/2020,-572470,-55698426000.0,97.8(-2.10 %),329660,32349552000,902130,88047978000.0,232019136,23.74
16/12/2020,347630,34553310000.0,99.9(2.15 %),471880,46779150000,124250,12225840000.0,231748066,23.75
17/12/2020,-617980,-60067480000.0,96(-3.90 %),483750,46938870000,1101730,107006350000.0,231488096,23.76
18/12/2020,284080,27920078000.0,98.9(3.02 %),676000,66259888000,391920,38339810000.0,232005406,23.74
21/12/2020,31864,31425670000.0,98.9(0.00 %),42325,41721180000,10461,10295510000.0,231445428,23.76
22/12/2020,131800,12902960000.0,97.9(-1.01 %),419790,41077270000,287990,28174310000.0,232144078,23.74
23/12/2020,257110,25136565000.0,97.5(-0.41 %),346140,33811051000,89030,8674486000.0,231297856,23.76
24/12/2020,217910,21199110000.0,97.3(-0.21 %),414630,40283060000,196720,19083950000.0,231987108,23.75
25/12/2020,-2608,-2538980000.0,97.6(0.31 %),652,634000000,3260,3172980000.0,232264228,23.74
28/12/2020,-120680,-11760580000.0,98(0.41 %),250790,24531660000,371470,36292240000.0,232102468,23.74
29/12/2020,22238,21983540000.0,99.2(1.22 %),25655,25350100000,3417,3366560000.0,231926638,23.75
30/12/2020,12463,12383780000.0,97.9(-1.31 %),43645,43315450000,31182,30931670000.0,231683476,23.75
31/12/2020,-74430,-7307679000.0,97.9(0.00 %),29490,2894020000,103920,10201699000.0,231757906,23.75
04/01/2021,-101700,-9870560000.0,99(1.12 %),167100,16509250000,268800,26379810000.0,231892526,23.75
05/01/2021,6697,6658030000.0,99.3(0.30 %),58760,58704860000,52063,52046830000.0,231756056,23.75
06/01/2021,59240,61714900000.0,105(5.74 %),119370,124052950000,60130,62338050000.0,230666276,23.78
07/01/2021,24870,26551630000.0,107(1.90 %),53310,56621790000,28440,30070160000.0,230401976,23.79
08/01/2021,-27750,-29391840000.0,104.8(-2.06 %),33630,36046330000,61380,65438170000.0,230286306,23.79
11/01/2021,-16030,-16780550000.0,104.5(-0.29 %),23260,24426850000,39290,41207400000.0,230655005,23.78
12/01/2021,-162750,-20875718750.0,105.6(1.05 %),362700,35918134500,525450,56793853250.0,231564976,23.76
13/01/2021,-50320,-53047440000.0,104.8(-0.76 %),45920,48369640000,96240,101417080000.0,231171305,23.77
14/01/2021,-16200,-16891660000.0,103.9(-0.86 %),45390,47316300000,61590,64207960000.0,231228275,23.77
15/01/2021,-287900,-29757170000.0,103.2(-0.67 %),276100,28521890000,564000,58279060000.0,232498026,23.73
18/01/2021,-149100,-15419840000.0,103.3(0.10 %),350700,36377140000,499800,51796980000.0,232647126,23.73
19/01/2021,72800,7050110000.0,99(-4.16 %),1629720,166495356000,1556920,159445246000.0,232574326,23.73
20/01/2021,-5860,-6304830000.0,99.1(0.10 %),55540,55385420000,61400,61690250000.0,231844930,23.75
21/01/2021,-169200,-16861710000.0,103(3.94 %),437100,43617140000,606300,60478850000.0,232802126,23.72
22/01/2021,-13160,-13524440000.0,103(0.00 %),112040,115293650000,125200,128818090000.0,231717487,23.75
25/01/2021,12850,13207200000.0,102.5(-0.49 %),50800,52092760000,37950,38885560000.0,231823567,23.75
26/01/2021,12800,1340210000.0,100.9(-1.56 %),461600,46537890000,448800,45197680000.0,232792426,23.72
27/01/2021,-1370,-1103420000.0,97.4(-3.47 %),63120,62054140000,64490,63157560000.0,232151146,23.74
28/01/2021,-184600,-16916380000.0,90.6(-6.98 %),701900,64089184200,886500,81005564200.0,232990726,23.72
29/01/2021,462900,43301390000.0,93(2.65 %),672100,63084240000,209200,19782850000.0,232527826,23.73
01/02/2021,1290,1385920000.0,91.1(-2.04 %),55030,51916030000,53740,50530110000.0,231974026,23.75
02/02/2021,-166600,-15819660000.0,96.5(5.93 %),424000,39772350000,590600,55592010000.0,232140626,23.74
03/02/2021,-63300,-6170300000.0,98.9(2.49 %),738800,72500660000,802100,78670960000.0,232203926,23.74
04/02/2021,110500,10874360000.0,98.9(0.00 %),526700,51666500000,416200,40792140000.0,232093426,23.74
05/02/2021,-9220,-9063470000.0,100(1.11 %),40140,39549540000,49360,48613010000.0,231792307,23.75
08/02/2021,-126890,-119362400000.0,94.1(-5.90 %),57070,54606000000,183960,173968400000.0,231978707,23.75
09/02/2021,-198100,-185003800000.0,97.2(3.29 %),49750,47269860000,247850,232273660000.0,231861407,23.75
17/02/2021,19040,18891610000.0,100(2.88 %),66750,65907100000,47710,47015490000.0,231619907,23.75
18/02/2021,56130,56134180000.0,102(2.00 %),91600,91578150000,35470,35443970000.0,232543507,23.73
19/02/2021,748000,75395100000.0,101.3(-0.69 %),1171800,118181070000,423800,42785970000.0,233935826,23.69
22/02/2021,301900,30591230000.0,100.6(-0.69 %),815400,82535080000,513500,51943850000.0,233633926,23.7
23/02/2021,-37600,-3760280000.0,100(-0.60 %),377600,37690370000,415200,41450650000.0,233671526,23.7
24/02/2021,-136700,-13110240000.0,98.1(-1.90 %),373200,37332470000,509900,50442710000.0,233808226,23.7
25/02/2021,-19630,-19129560000.0,98.2(0.10 %),19940,19701400000,39570,38830960000.0,233746415,23.7
26/02/2021,-6432,-6219290000.0,98.2(0.00 %),39800,38955240000,46232,45174530000.0,233727615,23.7
01/03/2021,-23860,-23504820000.0,99.2(1.02 %),18130,17867190000,41990,41372010000.0,234056215,23.69
02/03/2021,-333100,-33128350000.0,99.3(0.10 %),97500,9733580000,430600,42861930000.0,234570615,23.68
03/03/2021,-53436,-52716480000.0,98.4(-0.91 %),14210,14015760000,67646,66732240000.0,234676542,23.67
04/03/2021,-346800,-33819620000.0,97.3(-1.12 %),222000,21819930000,568800,55639550000.0,235451775,23.65
05/03/2021,-82090,-78889960000.0,96.4(-0.92 %),44610,42984140000,126700,121874100000.0,234886742,23.67
08/03/2021,-96850,-92599590000.0,95.2(-1.24 %),2770,2666130000,99620,95265720000.0,235469702,23.65
09/03/2021,-52110,-49105670000.0,95(-0.21 %),22670,21362840000,74780,70468510000.0,235815802,23.64
10/03/2021,-39010,-37073590000.0,95.5(0.53 %),25700,24391380000,64710,61464970000.0,236730802,23.62
11/03/2021,-419900,-40416770000.0,96.3(0.84 %),263700,25385765000,683600,65802535000.0,238572275,23.57
12/03/2021,-56950,-54427790000.0,95.8(-0.52 %),23520,22590150000,80470,77017940000.0,237921882,23.59
15/03/2021,-23340,-22432210000.0,96.3(0.52 %),47490,45605690000,70830,68037900000.0,238094082,23.58
16/03/2021,-222600,-21290330000.0,95.7(-0.62 %),124700,11940940000,347300,33231270000.0,239597775,23.54
17/03/2021,-71680,-68207250000.0,95.6(0.10 %),22110,21057000000,93790,89264250000.0,239171306,23.55
18/03/2021,-13230,-12814290000.0,97.5(1.99 %),13660,13192520000,26890,26006810000.0,239716096,23.54
19/03/2021,-113150,-107626200000.0,94.2(-3.38 %),18640,17927530000,131790,125553730000.0,239868296,23.53
22/03/2021,-138300,-13376630000.0,97(2.97 %),222600,21428530000,360900,34805160000.0,241716675,23.48
23/03/2021,-332200,-31830300000.0,95.8(-1.24 %),155600,14916540000,487800,46746840000.0,242048875,23.47
24/03/2021,-41170,-39014410000.0,94.7(-1.15 %),20240,19172040000,61410,58186450000.0,241789656,23.48
25/03/2021,-5080,-4796420000.0,95.1(0.42 %),37700,35947450000,42780,40743870000.0,241755565,23.48
26/03/2021,13220,12473580000.0,94.9(-0.21 %),49410,46797590000,36190,34324010000.0,241749028,23.48
29/03/2021,-1648500,-157120330000.0,95.3(0.42 %),594600,56622270000,2243100,213742600000.0,244027675,23.42
30/03/2021,-1761700,-166478890000.0,94.8(-0.52 %),181700,17172520000,1943400,183651410000.0,245789375,23.37
31/03/2021,-38990,-36823970000.0,94.8(0.00 %),13030,12329650000,52020,49153620000.0,242188757,23.47
01/04/2021,154600,15029540000.0,96.9(2.22 %),378500,36722970000,223900,21693430000.0,244429157,23.41
02/04/2021,19720,19292700000.0,97.8(0.93 %),43750,42754870000,24030,23462170000.0,245608597,23.38
05/04/2021,22600,1954820000.0,102(4.29 %),309000,30893470000,286400,28938650000.0,244209357,23.42
06/04/2021,400,134800000.0,101.9(-0.10 %),625100,63533410000,624700,63398610000.0,244208957,23.42
07/04/2021,31130,31598270000.0,101.9(0.00 %),47440,48076900000,16310,16478630000.0,245782397,23.37
08/04/2021,-272200,-27171250000.0,100(-1.86 %),303800,30463220000,576000,57634470000.0,244169857,23.42
09/04/2021,-190200,-18646100000.0,97.5(-2.50 %),372200,36814470000,562400,55460570000.0,244360057,23.41
12/04/2021,-92540,-90641740000.0,98.9(1.44 %),29830,29281480000,122370,119923220000.0,245842197,23.37
13/04/2021,-19330,-18944690000.0,97.5(-1.42 %),27190,27030480000,46520,45975170000.0,246146297,23.36
14/04/2021,-40900,-3944200000.0,98.7(1.23 %),276200,26963900000,317100,30908100000.0,245519657,23.38
15/04/2021,44300,4364940000.0,97.5(-1.22 %),197200,19452000000,152900,15087060000.0,245475357,23.38
16/04/2021,66000,6488690000.0,96.3(-1.23 %),233800,22793760000,167800,16305070000.0,245409357,23.38
19/04/2021,-370500,-35722900000.0,98.5(2.28 %),98000,9449796000,468500,45172696000.0,245779857,23.37
20/04/2021,649200,66626520000.0,103(4.57 %),1019700,104384160000,370500,37757640000.0,245130657,23.39
22/04/2021,113300,14082515000.0,103(0.00 %),776900,73607132400,663600,59524617400.0,245017357,23.39
23/04/2021,69890,71884930000.0,104(0.97 %),110570,113571090000,40680,41686160000.0,246304238,23.36
26/04/2021,273100,27689510000.0,98.6(-5.19 %),798200,80407570000,525100,52718060000.0,244045357,23.42
27/04/2021,35780,35356290000.0,99(0.41 %),47560,46973140000,11780,11616850000.0,245840578,23.37
28/04/2021,12010,11917920000.0,99(0.00 %),40970,40516780000,28960,28598860000.0,245671278,23.38
29/04/2021,45410,45445940000.0,100(1.01 %),66310,66110180000,20900,20664240000.0,245425178,23.38
04/05/2021,129600,12828130000.0,99.1(-0.90 %),527300,52154120000,397700,39325990000.0,245532178,23.38
05/05/2021,43230,43684950000.0,101.2(2.12 %),55990,56544270000,12760,12859320000.0,244667578,23.4
06/05/2021,-3970,-3906740000.0,99.3(-1.88 %),18480,18526970000,22450,22433710000.0,244683778,23.4
07/05/2021,-471800,-46184260000.0,97(-2.32 %),50800,4975460000,522600,51159720000.0,245914078,23.37
10/05/2021,-438600,-42708630000.0,98.1(1.13 %),50600,4935810000,489200,47644440000.0,246352678,23.36
11/05/2021,-200000,-19657660000.0,97.9(-0.20 %),238400,23527510000,438400,43185170000.0,246552678,23.35
12/05/2021,-370200,-36029150000.0,97.3(-0.61 %),136800,13328690000,507000,49357840000.0,246922878,23.34
13/05/2021,-47610,-46284930000.0,96.8(-0.51 %),1840,1788590000,49450,48073520000.0,245938778,23.37
14/05/2021,-42390,-41183940000.0,96.9(0.10 %),1380,1341050000,43770,42524990000.0,246364878,23.36
17/05/2021,-64450,-62207900000.0,96(-0.93 %),610,588780000,65060,62796680000.0,246853778,23.34
18/05/2021,-652300,-61978090000.0,94.6(-1.46 %),138000,13182980000,790300,75161070000.0,249119678,23.28
19/05/2021,-426900,-40170130000.0,94.1(-0.53 %),47600,4482430000,474500,44652560000.0,249546578,23.27
20/05/2021,181700,17557450000.0,99(5.21 %),501700,48133500000,320000,30576050000.0,249364878,23.28
21/05/2021,-89100,-8646560000.0,96.8(-2.22 %),431900,42027540000,521000,50674100000.0,249453978,23.27
24/05/2021,-556700,-54148550000.0,97.4(0.62 %),16600,1613050000,573300,55761600000.0,250010678,23.26
25/05/2021,27100,27007850000.0,99.8(2.46 %),105630,104982970000,78530,77975120000.0,248761378,23.29
26/05/2021,445800,44225930000.0,100.4(0.60 %),664700,65999848800,218900,21773918800.0,249293878,23.28
27/05/2021,304800,30309230000.0,98.7(-1.69 %),361300,35938640000,56500,5629410000.0,249556178,23.27
28/05/2021,25230,24911590000.0,99.6(0.91 %),29040,28680750000,3810,3769160000.0,248633916,23.3
31/05/2021,-1060300,-104788320000.0,98.6(-1.00 %),300500,29663070000,1360800,134451390000.0,250364178,23.25
01/06/2021,-67660,-68053230000.0,103.7(5.17 %),21540,22102800000,89200,90156030000.0,248787210,23.29
02/06/2021,95060,93604930000.0,106(2.22 %),144460,145691590000,49400,52086660000.0,247471110,23.33
03/06/2021,-39440,-42137790000.0,106.7(0.66 %),16470,17641390000,55910,59779180000.0,248468710,23.3
04/06/2021,149100,15821050000.0,104.9(-1.69 %),235300,24872080000,86200,9051030000.0,248297310,23.31
07/06/2021,-1030,-1096950000.0,103(-1.81 %),4630,4750130000,5660,5847080000.0,249494810,23.27
08/06/2021,-6010,-6021550000.0,100(-2.91 %),5760,5879070000,11770,11900620000.0,249999510,23.26
09/06/2021,38340,39086560000.0,102(2.00 %),58120,58897520000,19780,19810960000.0,250013310,23.26
10/06/2021,52870,53867260000.0,101.8(-0.20 %),62160,63299600000,9290,9432340000.0,249461115,23.27
11/06/2021,183200,18874170000.0,102.8(0.98 %),413000,42235910000,229800,23361740000.0,247272410,23.33
14/06/2021,-321300,-32981220000.0,102(-0.78 %),27800,2849860000,349100,35831080000.0,247593710,23.32
15/06/2021,-26300,-2653040000.0,102.8(0.78 %),167700,17150260000,194000,19803300000.0,247620010,23.32
16/06/2021,72990,76493560000.0,104(1.17 %),83600,87513760000,10610,11020200000.0,248695015,23.29
17/06/2021,207030,216495830000.0,104.2(0.19 %),213510,223259180000,6480,6763350000.0,246907215,23.34
18/06/2021,123550,131160430000.0,108.5(4.13 %),186920,199036180000,63370,67875750000.0,245405245,23.38
21/06/2021,68590,73812240000.0,106.6(-1.75 %),152390,163487910000,83800,89675670000.0,244399445,23.41
22/06/2021,66650,71805540000.0,107.6(0.94 %),87280,93988320000,20630,22182780000.0,243599445,23.43
23/06/2021,49360,53929440000.0,109.7(1.95 %),70950,77450420000,21590,23520980000.0,243353645,23.44
24/06/2021,639700,70044600000.0,110.7(0.91 %),700800,76704510000,61100,6659910000.0,242348610,23.47
25/06/2021,750710,83736065000.0,112.6(1.72 %),1044900,116198560000,294190,32462495000.0,241597900,23.49
28/06/2021,938600,103849220000.0,112.6(0.00 %),1030200,114094870000,91600,10245650000.0,240659300,23.51
29/06/2021,81600,92371520000.0,114(1.24 %),145060,164439080000,63460,72067560000.0,240558068,23.51
30/06/2021,841200,97524930000.0,116.4(2.11 %),1005500,116621310000,164300,19096380000.0,239002100,23.56
01/07/2021,661400,76875200000.0,116.4(0.00 %),1192500,138535540000,531100,61660340000.0,238669618,23.56
02/07/2021,261810,30095974000.0,114.9(-1.29 %),711000,81826480000,449190,51730506000.0,238407808,23.57
05/07/2021,71340,80565340000.0,113.6(-1.13 %),121660,137309590000,50320,56744250000.0,237072918,23.61
06/07/2021,669800,75892230000.0,112(-1.41 %),750600,85055670000,80800,9163440000.0,237024608,23.61
07/07/2021,191200,22169170000.0,113.4(1.25 %),1417100,157863390000,1225900,135694220000.0,236833408,23.61
08/07/2021,-27300,-30055210000.0,111(-2.12 %),36610,40652300000,63910,70707510000.0,235722408,23.64
09/07/2021,255800,27969870000.0,109.8(-1.08 %),1734700,189460020000,1478900,161490150000.0,236850608,23.61
12/07/2021,20860,21457650000.0,107.1(-2.46 %),143640,151729750000,122780,130272100000.0,233864508,23.69
13/07/2021,-68700,-71313100000.0,103.4(-3.45 %),120620,125114180000,189320,196427280000.0,233766308,23.7
14/07/2021,-56960,-57681640000.0,101.8(-1.55 %),83270,84633420000,140230,142315060000.0,234400508,23.68
15/07/2021,-64900,-6535080000.0,102.5(0.69 %),1449300,148379910000,1514200,154914990000.0,237963508,23.58
16/07/2021,-38130,-38755730000.0,102.5(0.00 %),82570,84714570000,120700,123470300000.0,234877208,23.67
19/07/2021,-17670,-17252550000.0,97(-5.37 %),63670,62194220000,81340,79446770000.0,235769308,23.64
20/07/2021,-408200,-37269240000.0,100.2(3.30 %),1025400,100499329500,1433600,137768569500.0,238929708,23.56
21/07/2021,24200,24186730000.0,99(-1.20 %),95440,95103350000,71240,70916620000.0,236642448,23.62
22/07/2021,27970,27795040000.0,100.3(1.31 %),54740,54392580000,26770,26597540000.0,236805998,23.62
23/07/2021,23690,23431530000.0,97(-3.29 %),38980,38421030000,15290,14989500000.0,237647298,23.59
26/07/2021,-18700,-18020980000.0,96(-1.03 %),24440,23464550000,43140,41485530000.0,238115298,23.58
27/07/2021,-31030,-29681370000.0,95(-1.04 %),44820,43174870000,75850,72856240000.0,237934798,23.58
28/07/2021,93200,9056640000.0,97(2.11 %),681900,65300020000,588700,56243380000.0,238575208,23.57
29/07/2021,181900,17726710000.0,97.9(0.93 %),458400,44632620000,276500,26905910000.0,238393308,23.57
30/07/2021,219100,21439210000.0,98(0.10 %),453900,44450194000,234800,23010984000.0,238174208,23.58
02/08/2021,-192800,-18718410000.0,97(-1.02 %),218500,21262310000,411300,39980720000.0,238400118,23.57
03/08/2021,66500,6521150000.0,98.8(1.86 %),70700,6932780000,4200,411630000.0,238333618,23.57
04/08/2021,-284000,-28009530000.0,98.5(-0.30 %),147800,14568220000,431800,42577750000.0,238617618,23.57
05/08/2021,257300,25506570000.0,99.4(0.91 %),275700,27325610000,18400,1819040000.0,238360318,23.57
06/08/2021,-271400,-26778000000.0,98.1(-1.31 %),115400,11373540000,386800,38151540000.0,238631718,23.57
09/08/2021,-371600,-36497000000.0,98.3(0.20 %),135200,13263660000,506800,49760660000.0,239003318,23.56
10/08/2021,-297600,-29433940000.0,99(0.71 %),346100,34176620000,643700,63610560000.0,239300918,23.55
11/08/2021,-66100,-6635670000.0,100.5(1.52 %),64500,6525160000,130600,13160830000.0,239367018,23.55
12/08/2021,283500,28363750000.0,99.9(-0.60 %),375700,37588510000,92200,9224760000.0,239083518,23.55
13/08/2021,251600,22398210900.0,99.6(-0.30 %),723700,43140600100,472100,20742389200.0,238831918,23.56
16/08/2021,-223000,-22326200000.0,100.6(1.00 %),525400,52385290000,748400,74711490000.0,239054918,23.55
17/08/2021,-437100,-44425580000.0,101(0.40 %),133200,13572550000,570300,57998130000.0,239706118,23.54
18/08/2021,-610900,-61938030000.0,101(0.00 %),346200,35187970000,957100,97126000000.0,239665818,23.54
19/08/2021,159000,16741980000.0,102.8(1.78 %),1021000,103417690000,862000,86675710000.0,239506818,23.54
20/08/2021,-10400,-1382260000.0,100.1(-2.63 %),387200,38689300000,397600,40071560000.0,239517218,23.54
23/08/2021,-365400,-35545420000.0,97.3(-2.80 %),784600,76658980000,1150000,112204400000.0,239882618,23.53
24/08/2021,-157600,-15299740000.0,97(-0.31 %),353600,34269160000,511200,49568900000.0,240040218,23.53
25/08/2021,-165600,-16193840000.0,97.5(0.52 %),465900,45464640000,631500,61658480000.0,240205818,23.52
26/08/2021,90400,8933670000.0,96.8(-0.72 %),502400,49047930000,412000,40114260000.0,240115418,23.53
27/08/2021,17800,1692550000.0,97.8(1.03 %),555100,53913730000,537300,52221180000.0,240097618,23.53
30/08/2021,810200,80016210000.0,99.3(1.53 %),1194895,117692561000,384695,37676351000.0,239287418,23.55
31/08/2021,200300,19936700000.0,99.4(0.10 %),444400,44040670000,244100,24103970000.0,239087118,23.55
01/09/2021,345600,34266540000.0,99.4(0.00 %),378300,37517110000,32700,3250570000.0,239443478,23.54
06/09/2021,322500,32200830000.0,100(0.60 %),641000,63999559200,318500,31798729200.0,239120978,23.55
07/09/2021,447100,44738020000.0,100(0.00 %),678600,67893300000,231500,23155280000.0,238673878,23.56
08/09/2021,506000,50449870000.0,99.7(-0.30 %),770100,76706315000,264100,26256445000.0,238167878,23.58
09/09/2021,205900,20505690000.0,99.3(-0.40 %),547400,54380820000,341500,33875130000.0,237961978,23.58
10/09/2021,87600,8704860000.0,99.2(-0.10 %),596300,59240890000,508700,50536030000.0,237874378,23.59
13/09/2021,-78800,-7723350000.0,98.1(-1.11 %),576100,56772660000,654900,64496010000.0,237953178,23.58
14/09/2021,-1726600,-178019700000.0,98.3(0.20 %),752400,73628210000,2479000,251647910000.0,239679778,23.54
15/09/2021,-109100,-10621740000.0,97.1(-1.22 %),470000,45958320000,579100,56580060000.0,239788878,23.53
16/09/2021,-198400,-19442650000.0,98.1(1.03 %),178200,17499050000,376600,36941700000.0,239987278,23.53
17/09/2021,-563400,-54889760000.0,97.2(-0.92 %),138400,13510090000,701800,68399850000.0,240550678,23.51
20/09/2021,1115900,106626820000.0,99.6(2.47 %),1307100,125638030000,191200,19011210000.0,239434778,23.54
21/09/2021,83600,8430750000.0,98(-1.61 %),304600,30143770000,221000,21713020000.0,239351178,23.55
22/09/2021,587500,55616440000.0,99.5(1.53 %),619200,58758130000,31700,3141690000.0,238763678,23.56
23/09/2021,292900,29161240000.0,99.5(0.00 %),347900,34613300000,55000,5452060000.0,238470778,23.57
24/09/2021,201900,20083970000.0,99.5(0.00 %),277000,27561060000,75100,7477090000.0,238268878,23.58
27/09/2021,135600,13460360000.0,98(-1.51 %),263500,26116200000,127900,12655840000.0,238133278,23.58
28/09/2021,258800,25545010000.0,99.2(1.22 %),288300,28463220000,29500,2918210000.0,237874478,23.59
29/09/2021,-74100,-7196670000.0,98.5(-0.71 %),168700,16638750000,242800,23835420000.0,237948578,23.58
30/09/2021,-799200,-77935260000.0,97.2(-1.32 %),150800,14726900000,950000,92662160000.0,238747778,23.56
01/10/2021,-905300,-87209950000.0,95.9(-1.34 %),1640548,149926369200,2545848,237136319200.0,237729578,23.59
04/10/2021,-224000,-21282050000.0,94.6(-1.36 %),24100,2293440000,248100,23575490000.0,237953578,23.58
05/10/2021,245800,23545290000.0,95.6(1.06 %),587000,56175420000,341200,32630130000.0,237707778,23.59
06/10/2021,-70400,-6680450000.0,95.6(0.00 %),160000,15222360000,230400,21902810000.0,237778178,0.0
07/10/2021,-124100,-11775380000.0,96.8(1.26 %),333200,31946070000,457300,43721450000.0,237902278,0.0
08/10/2021,-221900,-21390890000.0,97(0.21 %),45400,4366940000,267300,25757830000.0,238124178,0.0
11/10/2021,-131200,-8280551700.0,97.5(0.52 %),252900,24510042900,384100,32790594600.0,238255378,0.0
12/10/2021,96100,9423250000.0,97(-0.51 %),476400,46470088800,380300,37046838800.0,238159278,0.0
13/10/2021,-385600,-37565900000.0,97(0.00 %),757600,73671370000,1143200,111237270000.0,238544878,0.0
14/10/2021,164800,15879050000.0,96.7(-0.31 %),902400,87200600000,737600,71321550000.0,238380078,0.0
15/10/2021,221900,21487550000.0,96.5(-0.21 %),532500,51534430000,310600,30046880000.0,238158178,0.0
18/10/2021,-366200,-35064950000.0,96(-0.52 %),449100,43327990000,815300,78392940000.0,238524378,0.0
19/10/2021,-369700,-35395170000.0,96.4(0.42 %),129200,12386810000,498900,47781980000.0,238894078,0.0
20/10/2021,-1194000,-113637870000.0,95(-1.45 %),101100,9639630000,1295100,123277500000.0,240088078,0.0
21/10/2021,-580400,-54768830000.0,94(-1.05 %),63500,6003120000,643900,60771950000.0,239474478,0.0
22/10/2021,-32900,-3099530000.0,94.3(0.32 %),18300,1733020000,51200,4832550000.0,239507378,0.0
25/10/2021,-382100,-36128580000.0,94.1(-0.21 %),185500,17567750000,567600,53696330000.0,239889478,0.0
26/10/2021,-189500,-17792220000.0,94(-0.11 %),63100,5930840000,252600,23723060000.0,240078978,0.0
27/10/2021,428400,41096500000.0,96.1(2.23 %),440100,42213020000,11700,1116520000.0,239650578,0.0
28/10/2021,964100,93725720000.0,97.9(1.87 %),1159700,112644850000,195600,18919130000.0,238686478,0.0
29/10/2021,670100,65582880000.0,98(0.10 %),825700,80778320000,155600,15195440000.0,238980478,23.56
01/11/2021,397400,38856080000.0,97(-1.02 %),602600,58868840000,205200,20012760000.0,241471851,23.49
02/11/2021,207600,20307160000.0,97.9(0.93 %),371300,36317870000,163700,16010710000.0,241264251,23.49
03/11/2021,41700,4182380000.0,98.7(0.82 %),951300,93384531000,909600,89202151000.0,241222551,0.0
04/11/2021,472400,46838341600.0,98.4(-0.30 %),630400,59358704000,158000,12520362400.0,240791851,0.0
05/11/2021,0,0.0,97.5(-0.91 %),0,0,0,0.0,241264251,23.49
08/11/2021,652600,64041850000.0,98.2(0.72 %),784800,77006810000,132200,12964960000.0,240611651,23.51
09/11/2021,587200,57770700000.0,97.1(-1.12 %),874600,85839510000,287400,28068810000.0,240024451,23.53
10/11/2021,0,0.0,97.6(0.51 %),0,0,0,0.0,240024451,23.53
11/11/2021,119000,11615750000.0,98.3(0.72 %),369900,36147430000,250900,24531680000.0,239905451,23.53
12/11/2021,401800,39396550000.0,98.2(-0.10 %),420200,41201820000,18400,1805270000.0,239503651,23.54
15/11/2021,431600,42474810000.0,97.7(-0.51 %),537100,52793010000,105500,10318200000.0,239072051,23.55
16/11/2021,182800,17901000000.0,97.2(-0.51 %),378200,36950860000,195400,19049860000.0,238889251,23.56
17/11/2021,349200,34199030000.0,98(0.82 %),410100,40157740000,60900,5958710000.0,238540051,23.57
18/11/2021,286100,28028330000.0,97(-1.02 %),370400,36257110000,84300,8228780000.0,238253951,23.58
19/11/2021,-61900,-6021710000.0,97.1(0.10 %),27900,2721500000,89800,8743210000.0,238315851,23.57
22/11/2021,333600,32888420000.0,98.8(1.75 %),380700,37497160000,47100,4608740000.0,237982251,23.58
23/11/2021,314900,31140490000.0,99.1(0.30 %),335200,33138300000,20300,1997810000.0,237667351,23.59
24/11/2021,445200,45907960000.0,104.8(5.75 %),552800,56976010000,107600,11068050000.0,237222151,23.6
25/11/2021,539100,57499010000.0,107.1(2.19 %),686500,73198975900,147400,15699965900.0,236683051,0.0
26/11/2021,-87600,-9294610000.0,105(-1.96 %),31600,3360450000,119200,12655060000.0,236770651,0.0
29/11/2021,0,0.0,101.1(-3.71 %),0,0,0,0.0,236770651,23.62
30/11/2021,-4400,-415550000.0,98.9(-2.18 %),263500,26660560000,267900,27076110000.0,236775051,23.62
01/12/2021,-123500,-12327300000.0,99(0.10 %),84400,8408090000,207900,20735390000.0,235541001,23.65
02/12/2021,-175400,-17395840000.0,99.1(0.10 %),322200,32215010000,497600,49610850000.0,235716401,23.64
03/12/2021,146000,14516650000.0,98(-1.11 %),170900,16979090000,24900,2462440000.0,235570401,23.65
06/12/2021,-107900,-10486810000.0,95.4(-2.65 %),80800,7868040000,188700,18354850000.0,235678301,23.65
07/12/2021,328500,32373990000.0,98.2(2.94 %),540500,53160930000,212000,20786940000.0,235349801,23.65
08/12/2021,-23500,-2313030000.0,98.7(0.51 %),134400,13251680000,157900,15564710000.0,235373301,23.65
09/12/2021,-379800,-37238030000.0,99.2(0.51 %),130100,12775810000,509900,50013840000.0,235753101,0.0
10/12/2021,-480000,-48441680000.0,100(0.81 %),249200,25261860000,729200,73703540000.0,236233101,23.63
13/12/2021,-210100,-21027310000.0,99.6(-0.40 %),336700,33930480000,546800,54957790000.0,236443201,23.62
14/12/2021,12900,1309020000.0,99.3(-0.30 %),354600,35324590000,341700,34015570000.0,236430301,0.0
15/12/2021,223800,22392110000.0,99.9(0.60 %),332500,33246770000,108700,10854660000.0,236206501,23.63
16/12/2021,277900,28004810000.0,99.1(-0.80 %),609100,60872030000,331200,32867220000.0,235928601,23.64
17/12/2021,-1779700,-171813940000.0,96.5(-2.62 %),1216700,117520610000,2996400,289334550000.0,237708301,23.59
20/12/2021,63500,6282770000.0,99.5(3.11 %),286800,28356730000,223300,22073960000.0,237644801,23.59
21/12/2021,-145900,-14408080000.0,98.9(-0.60 %),74800,7431470000,220700,21839550000.0,237790701,0.0
22/12/2021,-298100,-22946810000.0,76.9(0.39 %),80900,6255030000,379000,29201840000.0,238088801,18.48
23/12/2021,0,0.0,76.5(-0.52 %),0,0,0,0.0,238088801,18.48
24/12/2021,79200,6148454400.0,78.5(2.61 %),199200,15464294400,120000,9315840000.0,238009601,0.0
27/12/2021,342900,27275740000.0,79.8(1.66 %),454000,36083910000,111100,8808170000.0,238589574,23.57
28/12/2021,84900,6825990000.0,80(0.25 %),316500,25239790000,231600,18413800000.0,238504674,18.47
29/12/2021,72000,5717930000.0,79.5(-0.62 %),165900,13183040000,93900,7465110000.0,238353974,23.57
30/12/2021,58700,4665660000.0,78.4(-1.38 %),176700,13950810000,118000,9285150000.0,239608874,23.54
31/12/2021,-14800,-1167700000.0,78.8(0.51 %),1300,102480000,16100,1270180000.0,239701474,23.54
04/01/2022,-43600,-3417150000.0,79(0.25 %),376000,29682600000,419600,33099750000.0,239443474,23.54
05/01/2022,-122800,-9441180000.0,78(-1.27 %),260200,20583870000,383000,30025050000.0,239199452,23.55
06/01/2022,-166700,-12789110000.0,79.1(1.41 %),355500,28180850000,522200,40969960000.0,239263552,23.55
07/01/2022,-59700,-4499910000.0,79.8(0.88 %),285000,22658320000,344700,27158230000.0,239356052,23.55
10/01/2022,181400,9953421800.0,79.5(-0.38 %),505800,35612362100,324400,25658940300.0,239373252,23.55
11/01/2022,382700,30333530000.0,79.4(-0.13 %),600000,47551279000,217300,17217749000.0,239216952,23.55
12/01/2022,791500,62694820000.0,80(0.76 %),1344600,106528965500,553100,43834145500.0,238696782,23.56
13/01/2022,-72900,-5929700000.0,81.9(2.38 %),155700,12762150000,228600,18691850000.0,238657882,23.57
14/01/2022,815100,67491750000.0,83.4(1.83 %),911400,75478900000,96300,7987150000.0,237790582,23.59
17/01/2022,361770,31376809000.0,86.2(3.36 %),877500,75515160000,515730,44138351000.0,237136310,23.61
18/01/2022,606400,52618480000.0,87.6(1.62 %),875400,75822390000,269000,23203910000.0,236360710,23.63
19/01/2022,-434400,-35731830000.0,85.4(-2.51 %),321600,27808690000,756000,63540520000.0,236568340,23.62
20/01/2022,-65100,-4857170000.0,84.4(-2.76 %),1029800,88762700000,1094900,93619870000.0,235807540,23.64
21/01/2022,361800,32416960000.0,89.2(2.41 %),640000,56803600000,278200,24386640000.0,235901040,23.64
24/01/2022,469300,43185430000.0,93(4.26 %),758400,69453800000,289100,26268370000.0,302098712,23.62
25/01/2022,596300,57199700000.0,95.8(3.01 %),1131800,106409450000,535500,49209750000.0,301245112,23.63
26/01/2022,-397500,-33180418000.0,94.5(-1.36 %),1292100,114892399500,1689600,148072817500.0,300248012,23.66
27/01/2022,-673800,-61688490000.0,91(-3.70 %),309300,28808080000,983100,90496570000.0,300469712,23.65
28/01/2022,-386800,-35035500000.0,89(-2.20 %),477300,43343125000,864100,78378625000.0,301759812,23.62
07/02/2022,484500,44260160000.0,92.4(3.82 %),914800,83328616400,430300,39068456400.0,301923912,23.62
08/02/2022,-320700,-29191480000.0,92(-0.43 %),111300,10142780000,432000,39334260000.0,302591712,23.61
09/02/2022,101700,9258810000.0,90.8(-1.30 %),776300,70562440000,674600,61303630000.0,302136442,23.62
10/02/2022,590800,54024700000.0,91.3(0.55 %),1106900,101259370000,516100,47234670000.0,301416542,23.63
11/02/2022,280200,25565680000.0,90(-1.42 %),16608400,1415338070000,16328200,1389772390000.0,301467442,23.63
14/02/2022,-226338,-19772217800.0,86(-4.44 %),797100,69656050000,1023438,89428267800.0,301192442,23.64
15/02/2022,153100,13890550000.0,87(1.16 %),1267200,109788580000,1114100,95898030000.0,300232662,23.66
16/02/2022,166700,14446560000.0,87(0.00 %),861800,74860170000,695100,60413610000.0,300394300,23.65
17/02/2022,428500,37444720000.0,87.5(0.57 %),952600,83250830000,524100,45806110000.0,300566800,23.65
18/02/2022,195500,17023110000.0,87.2(-0.34 %),556500,48452000000,361000,31428890000.0,300705400,23.65
21/02/2022,-26400,-2362130000.0,87.4(0.23 %),284400,24728980000,310800,27091110000.0,300939729,23.64
22/02/2022,-270800,-23319340000.0,86.8(-0.69 %),592300,50959050000,863100,74278390000.0,300708429,23.65
23/02/2022,-67700,-5868500000.0,86.9(0.12 %),520700,45186000000,588400,51054500000.0,300498529,23.65
24/02/2022,-65300,-5552910000.0,85.3(-1.84 %),982500,84248000000,1047800,89800910000.0,300361015,23.65
25/02/2022,-441300,-37636100000.0,85.1(-0.23 %),563300,48022000000,1004600,85658100000.0,300359115,23.65
28/02/2022,-10200,-853790000.0,84.5(-0.71 %),826200,70039770000,836400,70893560000.0,300537715,23.65
01/03/2022,169900,14402500000.0,85(0.59 %),797100,67651260000,627200,53248760000.0,300745275,23.65
02/03/2022,126400,10757030000.0,85(0.00 %),861300,73071460000,734900,62314430000.0,300720375,23.65
03/03/2022,279000,23726270000.0,85.5(0.59 %),654300,55637470000,375300,31911200000.0,300696275,23.65
04/03/2022,12100,1041280000.0,84.9(-0.70 %),573100,48746060000,561000,47704780000.0,300858130,23.64
07/03/2022,-353500,-28459200000.0,84.9(0.00 %),578200,48768960000,931700,77228160000.0,300646959,23.65
08/03/2022,-1276700,-105343040000.0,81.5(-4.00 %),889300,73600610000,2166000,178943650000.0,300307859,23.65
09/03/2022,90200,7487790000.0,83(1.84 %),556900,46122820000,466700,38635030000.0,300671859,23.65
10/03/2022,529000,43973770000.0,83.5(0.60 %),780600,64905970000,251600,20932200000.0,302041759,23.62
11/03/2022,566000,47256360000.0,83.8(0.36 %),618700,51649910000,52700,4393550000.0,301880759,23.62
14/03/2022,558000,46664210000.0,84.2(0.48 %),1213700,101510900000,655700,54846690000.0,300918739,23.64
15/03/2022,-1157900,-94667380000.0,81.1(-3.68 %),800300,66104860000,1958200,160772240000.0,300171139,23.66
16/03/2022,212600,17514710000.0,82.5(1.73 %),460600,37875460000,248000,20360750000.0,300365396,23.65
17/03/2022,99400,8245700000.0,83(0.61 %),810500,67289010000,711100,59043310000.0,301513128,23.63
18/03/2022,661700,55400150000.0,84.2(1.45 %),976100,81828670000,314400,26428520000.0,300785028,23.64
21/03/2022,440000,37242510000.0,84.9(0.83 %),556800,47108640000,116800,9866130000.0,300939340,23.64
22/03/2022,170000,14445740000.0,84.9(0.00 %),588700,50032200000,418700,35586460000.0,300865040,23.64
23/03/2022,212600,18125850000.0,84.9(0.00 %),686300,58456300000,473700,40330450000.0,300286541,23.65
24/03/2022,-100600,-8449840000.0,83.5(-1.65 %),232200,19629980000,332800,28079820000.0,300259639,23.66
25/03/2022,-281100,-23121720000.0,82.5(-1.20 %),496500,41097630000,777600,64219350000.0,300223312,23.66
28/03/2022,-28400,-2341600000.0,82.4(-0.12 %),299700,24671130000,328100,27012730000.0,300256412,23.66
29/03/2022,-432200,-35431620000.0,81.9(-0.61 %),353700,29053010000,785900,64484630000.0,300680312,23.65
30/03/2022,-6100,-416410000.0,82(0.12 %),368000,30373860000,374100,30790270000.0,300640412,23.65
31/03/2022,-99400,-8162830000.0,82.1(0.12 %),215300,17684070000,314700,25846900000.0,301211012,23.64
01/04/2022,-201700,-16549110000.0,82.8(0.85 %),111800,9233750000,313500,25782860000.0,301476312,23.63
04/04/2022,-302200,-25070550000.0,82.6(-0.24 %),14800,1233870000,317000,26304420000.0,301767218,23.62
05/04/2022,110800,9213470000.0,83(0.48 %),244100,20256610000,133300,11043140000.0,301836722,23.62
06/04/2022,214500,18587850000.0,84.6(1.93 %),756800,63196360000,542300,44608510000.0,301279922,23.63
07/04/2022,41400,3501760000.0,83(-1.89 %),200700,16937300000,159300,13435540000.0,301238522,23.63
08/04/2022,-55900,-4659690000.0,83(0.00 %),402800,33444980000,458700,38104670000.0,301329586,23.63
12/04/2022,-62000,-5041040000.0,82.4(-0.72 %),198400,16356250000,260400,21397290000.0,301391586,23.63
13/04/2022,-161100,-13321770000.0,82.4(0.00 %),171000,14113040000,332100,27434810000.0,301281486,23.63
14/04/2022,-286500,-23244990000.0,81(-1.70 %),458300,37660370000,744800,60905360000.0,301356118,23.63
15/04/2022,-130100,-6328206000.0,80.2(-0.99 %),223300,17481366000,353400,23809572000.0,301462124,23.63
18/04/2022,-438500,-34520260000.0,77.7(-3.12 %),157400,12332400000,595900,46852660000.0,302045024,23.62
19/04/2022,-152500,-11889830000.0,77.7(0.00 %),469700,36524540000,622200,48414370000.0,301944924,23.62
20/04/2022,-171500,-13402170000.0,78.4(0.90 %),324300,25365360000,495800,38767530000.0,301527618,23.63
21/04/2022,-44200,-3463700000.0,78.4(0.00 %),868100,68131630000,912300,71595330000.0,302097624,23.62
22/04/2022,339300,27791320000.0,82.2(4.85 %),3634600,294095810000,3295300,266304490000.0,301009864,23.64
25/04/2022,-477600,-37516200000.0,81.8(-0.49 %),1397600,113405630000,1875200,150921830000.0,300987608,23.64
26/04/2022,-161700,-12908530000.0,80.5(-1.59 %),1357900,108692690000,1519600,121601220000.0,301425008,23.63
27/04/2022,5100,1051860000.0,81.5(1.24 %),698600,55819270000,693500,54767410000.0,302228643,23.61
28/04/2022,271900,22052770000.0,81.5(0.00 %),336700,27285610000,64800,5232840000.0,302915143,23.6
29/04/2022,1801690,150061920000.0005,80.9(-0.74 %),27899300,2314982660000,26097610,2164920739999.9995,301152839,23.64
04/05/2022,-181200,-14362270000.0,79.9(-1.24 %),269000,21597880000,450200,35960150000.0,300948639,23.64
05/05/2022,-93100,-7322600000.0,81(1.38 %),369400,29789800000,462500,37112400000.0,301041739,23.64
06/05/2022,-695900,-55254460000.0,79.4(-1.98 %),126600,10052040000,822500,65306500000.0,301563039,23.63
09/05/2022,-256000,-19942400000.0,77.9(-1.89 %),564900,44005710000,820900,63948110000.0,301460688,23.63
10/05/2022,-115000,-9200000000.0,80(2.70 %),296200,23696000000,411200,32896000000.0,301987077,23.62
11/05/2022,-49900,-3983760000.0,80(0.00 %),514400,41083810000,564300,45067570000.0,302036977,23.62
12/05/2022,-248500,-19426340000.0,77(-3.75 %),142400,11042900000,390900,30469240000.0,302285477,23.61
13/05/2022,-627264,-47878307200.0,73(-5.19 %),680400,51688590000,1307664,99566897200.0,302439779,23.61
16/05/2022,-265300,-19685260000.0,74.2(1.64 %),770300,57156260000,1035600,76841520000.0,302063379,23.62
17/05/2022,-1351800,-102736800000.0,76(2.43 %),611300,46458800000,1963100,149195600000.0,302762249,23.6
18/05/2022,-109900,-8286460000.0,75.4(-0.79 %),325200,24520080000,435100,32806540000.0,303484618,23.59
19/05/2022,42200,3207200000.0,76(0.80 %),306500,23294000000,264300,20086800000.0,305150218,23.55
20/05/2022,-91000,-6852300000.0,75.3(-0.92 %),195700,14736210000,286700,21588510000.0,305389646,23.55
23/05/2022,38900,2894160000.0,74.4(-1.20 %),213000,15847200000,174100,12953040000.0,305443446,23.55
24/05/2022,434300,32833080000.0,75.6(1.61 %),537700,40650120000,103400,7817040000.0,305204446,23.55
25/05/2022,156600,12058200000.0,77(1.85 %),446900,34411300000,290300,22353100000.0,304952656,23.56
26/05/2022,122300,9380410000.0,76.7(-0.39 %),670200,51404340000,547900,42023930000.0,304385921,23.57
27/05/2022,408100,31586940000.0,77.4(0.91 %),669600,51827040000,261500,20240100000.0,304006642,23.58
30/05/2022,317700,24780600000.0,78(0.78 %),694900,54202200000,377200,29421600000.0,303868642,23.58
31/05/2022,-171200,-13507680000.0,78.9(1.15 %),660900,52145010000,832100,65652690000.0,303989042,23.58
01/06/2022,137100,11036550000.0,80.5(2.03 %),165400,13314700000,28300,2278150000.0,304200842,23.57
02/06/2022,164517,12996843000.0,79(-1.86 %),344600,27223400000,180083,14226557000.0,304188342,23.57
03/06/2022,-272300,-21103250000.0,77.5(-1.90 %),63700,4936750000,336000,26040000000.0,304152942,23.57
06/06/2022,177900,14777230000.0,79.7(2.84 %),468600,36912690000,290700,22135460000.0,303864425,23.58
07/06/2022,374100,30302100000.0,81(1.63 %),602700,48818700000,228600,18516600000.0,303597725,23.58
08/06/2022,-143200,-11341440000.0,79.2(-2.22 %),658400,52145280000,801600,63486720000.0,303230025,23.59
09/06/2022,-653700,-50857860000.0,77.8(-1.77 %),193800,15077640000,847500,65935500000.0,303264825,23.59
10/06/2022,-86200,-6697740000.0,77.7(-0.13 %),76000,5905200000,162200,12602940000.0,303990398,23.58
13/06/2022,-439200,-33554880000.0,76.4(-1.67 %),193100,14752840000,632300,48307720000.0,304622331,23.56
14/06/2022,145600,11211200000.0,77(0.79 %),638500,49164500000,492900,37953300000.0,304146031,23.57
15/06/2022,13200,1009800000.0,76.5(-0.65 %),695900,53236350000,682700,52226550000.0,304082431,23.57
16/06/2022,550700,43560370000.0,79.1(3.40 %),671700,53131470000,121000,9571100000.0,303917211,23.58
17/06/2022,-142800,-10867080000.0,76.1(-3.79 %),471800,35903980000,614600,46771060000.0,304146111,23.57
20/06/2022,-372800,-28297830000.0,76(-0.13 %),338600,26074600000,711400,54372430000.0,303928511,23.58
21/06/2022,-134000,-10411800000.0,77.7(2.24 %),312000,24242400000,446000,34654200000.0,304231111,23.57
22/06/2022,-262800,-19972800000.0,76(-2.19 %),1218100,92575600000,1480900,112548400000.0,304727083,23.56
23/06/2022,108200,8212380000.0,75.9(-0.13 %),194000,14724600000,85800,6512220000.0,304979083,23.56
24/06/2022,-314000,-23550000000.0,75(-1.19 %),104900,7867500000,418900,31417500000.0,305371083,23.55
27/06/2022,-172800,-12953940000.0,74.9(-0.13 %),322900,24293610000,495700,37247550000.0,305134016,23.55
28/06/2022,-157500,-12017250000.0,76.3(1.87 %),403500,30787050000,561000,42804300000.0,305149416,23.55
29/06/2022,-351500,-26561780000.0,75.5(-1.05 %),896100,67159640000,1247600,93721420000.0,305249028,23.55
30/06/2022,-199168,-14897766400.0,74.8(-0.93 %),174000,13015200000,373168,27912966400.0,305636028,23.54
01/07/2022,-708300,-52414200000.0,74(-1.07 %),198900,14718600000,907200,67132800000.0,306184728,23.53
04/07/2022,-143300,-10695430000.0,74.1(0.14 %),328200,24503850000,471500,35199280000.0,306265328,23.53
05/07/2022,-632300,-46790200000.0,74(-0.13 %),172500,12765000000,804800,59555200000.0,306985896,23.51
06/07/2022,-935400,-68097120000.0,72.8(-1.62 %),203900,14843920000,1139300,82941040000.0,307253496,23.51
07/07/2022,560700,42332850000.0,75.5(3.71 %),665300,50230150000,104600,7897300000.0,307392996,23.5
08/07/2022,-49900,-15811200000.0,74(-1.99 %),514400,2325600000,564300,18136800000.0,307442896,0.0
11/07/2022,-219600,-15811200000.0,72(-2.70 %),32300,2325600000,251900,18136800000.0,308127396,23.49
12/07/2022,-593200,-42651080000.0,71.9(-0.14 %),41200,2962280000,634400,45613360000.0,308572256,23.48
13/07/2022,-749600,-53821280000.0,71.8(-0.14 %),223400,16040120000,973000,69861400000.0,308600674,23.48
14/07/2022,-71600,-5183840000.0,72.4(0.84 %),78000,5647200000,149600,10831040000.0,309157074,23.47
15/07/2022,179500,12977850000.0,72.3(-0.14 %),218100,15768630000,38600,2790780000.0,309939974,23.45
18/07/2022,-138800,-9993600000.0,72(-0.41 %),4900,352800000,143700,10346400000.0,310084674,23.45
19/07/2022,-380600,-27136780000.0,71.3(-0.97 %),178900,12755570000,559500,39892350000.0,309944374,23.45
20/07/2022,122800,8903000000.0,72.5(1.68 %),193800,14050500000,71000,5147500000.0,309894274,23.45
21/07/2022,-153100,-11099750000.0,72.5(0.00 %),460000,33350000000,613100,44449750000.0,309996274,23.45
22/07/2022,108200,20459500000.0,72.5(0.00 %),194000,47335250000,85800,26875750000.0,309414374,23.46
25/07/2022,-18400,-1341360000.0,72.9(0.55 %),424900,30975210000,443300,32316570000.0,309605074,23.46
26/07/2022,315900,23345010000.0,73.9(1.37 %),331300,24483070000,15400,1138060000.0,309652474,23.46
27/07/2022,236300,17722500000.0,75(1.49 %),557000,41775000000,320700,24052500000.0,309542304,23.46
28/07/2022,246800,18584040000.0,75.3(0.40 %),664100,50006730000,417300,31422690000.0,308893604,23.47
29/07/2022,-257500,-19235250000.0,74.7(-0.80 %),1378700,102988890000,1636200,122224140000.0,308335604,23.48
01/08/2022,633300,48764100000.0,77(3.08 %),833900,64210300000,200600,15446200000.0,307919059,23.49
02/08/2022,540300,42629670000.0,78.9(2.47 %),918300,72453870000,378000,29824200000.0,308136959,23.49
03/08/2022,1420900,112961550000.0,79.5(0.76 %),1445000,114877500000,24100,1915950000.0,306892559,23.52
04/08/2022,834100,68813250000.0,82.5(3.77 %),1258200,103801500000,424100,34988250000.0,306012379,23.53
05/08/2022,268000,21976000000.0,82(-0.61 %),663800,54431600000,395800,32455600000.0,305372679,23.55
08/08/2022,-44800,-3673600000.0,82(0.00 %),165700,13587400000,210500,17261000000.0,305608579,23.54
09/08/2022,47300,3821840000.0,80.8(-1.46 %),464600,37539680000,417300,33717840000.0,305544279,23.54
10/08/2022,-73800,-5940900000.0,80.5(-0.37 %),171000,13765500000,244800,19706400000.0,305585579,23.54
11/08/2022,177200,14441800000.0,81.5(1.24 %),770000,62755000000,592800,48313200000.0,305232879,23.55
12/08/2022,119400,9743040000.0,81.6(0.12 %),1005600,82056960000,886200,72313920000.0,304472079,23.57
15/08/2022,-109600,-8965280000.0,81.8(0.25 %),756800,61906240000,866400,70871520000.0,304308079,23.57
16/08/2022,-266300,-21703450000.0,81.5(-0.37 %),435000,35452500000,701300,57155950000.0,304941879,23.56
17/08/2022,-230200,-18761300000.0,81.5(0.00 %),269000,21923500000,499200,40684800000.0,305525602,23.54
18/08/2022,-248000,-20212000000.0,81.5(0.00 %),787300,64164950000,1035300,84376950000.0,305278002,23.55
19/08/2022,-127700,-10330930000.0,80.9(-0.74 %),628800,50869920000,756500,61200850000.0,305148402,23.55
22/08/2022,13500,1080000000.0,80(-1.11 %),173900,13912000000,160400,12832000000.0,306009877,23.53
23/08/2022,-56100,-4499220000.0,80.2(0.25 %),259100,20779820000,315200,25279040000.0,306473777,23.52
24/08/2022,-368200,-30192400000.0,82(2.24 %),141600,11611200000,509800,41803600000.0,306492577,23.52
25/08/2022,-207200,-16990400000.0,82(0.00 %),59500,4879000000,266700,21869400000.0,306748277,23.52
26/08/2022,-130700,-10782750000.0,82.5(0.61 %),379300,31292250000,510000,42075000000.0,306881777,23.52
29/08/2022,102300,8439750000.0,82.5(0.00 %),328900,27134250000,226600,18694500000.0,306819577,23.52
30/08/2022,39400,3388400000.0,86(4.24 %),304700,26204200000,265300,22815800000.0,307027377,23.51
31/08/2022,-188400,-15825600000.0,84(-2.33 %),287800,24175200000,476200,40000800000.0,306966177,23.51
05/09/2022,-478500,-39524100000.0,82.6(-1.67 %),477300,39424980000,955800,78949080000.0,306754177,23.52
06/09/2022,-183700,-15191990000.0,82.7(0.12 %),195100,16134770000,378800,31326760000.0,307026277,23.51
07/09/2022,-102600,-8208000000.0,80(-3.26 %),476800,38144000000,579400,46352000000.0,307505332,23.5
08/09/2022,-6100,-475800000.0,78(-2.50 %),551000,42978000000,557100,43453800000.0,307683056,23.5
09/09/2022,-139200,-10968960000.0,78.8(1.03 %),455800,35917040000,595000,46886000000.0,307811656,23.5
12/09/2022,-63539,-10968960000.0,79.1(0.38 %),676646,35917040000,740185,46886000000.0,307667110,23.5
13/09/2022,-181928,-440428800.0,78.6(-0.63 %),806008,17243800000,987936,17684228800.0,307531102,23.5
14/09/2022,159589,-440428800.0,78.3(-0.38 %),560949,17243800000,401360,17684228800.0,307391338,23.5
15/09/2022,193064,12495818700.0,79.2(1.15 %),502700,43922306700,309636,31426488000.0,0,23.49
16/09/2022,940336,75226880000.0,80(1.01 %),1261436,100914880000,321100,25688000000.0,307041798,23.51
19/09/2022,279429,22019005200.0,78.8(-1.50 %),517800,40802640000,238371,18783634800.0,306762369,0.0
20/09/2022,359716,28489507200.0,79.2(0.51 %),395100,31291920000,35384,2802412800.0,306665334,23.52
21/09/2022,52527,4144380300.0,78.9(-0.38 %),1238600,97725540000,1186073,93581159700.0,306665105,23.52
22/09/2022,-421802,-32900556000.0,78(-1.14 %),417600,32572800000,839402,65473356000.0,306282889,23.53
23/09/2022,-413048,-31350343200.0,75.9(-2.69 %),202300,15354570000,615348,46704913200.0,306266662,23.53
26/09/2022,142400,10680000000.0,75(-1.19 %),964700,72352500000,822300,61672500000.0,306548364,23.52
27/09/2022,-104957,-7798305100.0,74.3(-0.93 %),224700,16695210000,329657,24493515100.0,306941512,23.51
28/09/2022,120900,9067500000.0,75(0.94 %),353300,26497500000,232400,17430000000.0,307006512,23.51
29/09/2022,-53721,-3975354000.0,74(-1.33 %),229300,16968200000,283021,20943554000.0,307106869,23.51
30/09/2022,-131290,-9610428000.0,73.2(-1.08 %),961110,70353252000,1092400,79963680000.0,306810559,23.52
03/10/2022,-54850,-3872410000.0,70.6(-3.55 %),448665,31675749000,503515,35548159000.0,306775215,23.52
04/10/2022,217000,15472100000.0,71.3(0.99 %),615800,43906540000,398800,28434440000.0,306865315,23.52
05/10/2022,-237354,-16970811000.0,71.5(0.28 %),387150,27681225000,624504,44652036000.0,307028180,23.51
06/10/2022,293080,20544908000.0,70.1(-1.96 %),520700,36501070000,227620,15956162000.0,307008880,23.51
07/10/2022,99026,6605034200.0,66.7(-4.85 %),1257826,83896994200,1158800,77291960000.0,306393558,23.53
10/10/2022,144535,9409228500.0,65.1(-2.40 %),634900,41331990000,490365,31922761500.0,305924678,23.54
11/10/2022,-51430,-3188660000.0,62(-4.76 %),648700,40219400000,700130,43408060000.0,306634778,23.52
12/10/2022,178424,11419136000.0,64(3.23 %),890400,56985600000,711976,45566464000.0,306234743,23.53
13/10/2022,-165284,-10991386000.0,66.5(3.91 %),790900,52594850000,956184,63586236000.0,305949973,23.54
14/10/2022,151194,10296311400.0,68.1(2.41 %),903401,61521608100,752207,51225296700.0,305948548,23.54
17/10/2022,215700,14300910000.0,66.3(-2.64 %),306400,20314320000,90700,6013410000.0,306604332,23.52
18/10/2022,308469,20883351300.0,67.7(2.11 %),574069,38864471300,265600,17981120000.0,306592470,23.52
19/10/2022,148100,10038500000.0,67.9(0.30 %),372200,25223980000,224100,15185480000.0,306444370,23.52
20/10/2022,473000,32568470000.0,69.2(1.91 %),941300,64636360000,468300,32067890000.0,305837959,23.54
21/10/2022,659800,45589920000.0,68(-1.73 %),886900,61260890000,227100,15670970000.0,304993459,23.56
24/10/2022,224200,15141050000.0,68(0.00 %),324000,21892120000,99800,6751070000.0,304775284,23.56
25/10/2022,367800,25202650000.0,69.9(2.79 %),687000,47335920000,319200,22133270000.0,304407484,23.57
26/10/2022,52500,3656220000.0,70(0.14 %),193400,13489030000,140900,9832810000.0,304741563,23.56
27/10/2022,-118000,-8670890000.0,71.7(2.43 %),534300,38256920000,652300,46927810000.0,304399409,23.57
28/10/2022,368014,26349802400.0,71.6(-0.14 %),1135700,81316120000,767686,54966317600.0,303413609,23.59
31/10/2022,189600,13935600000.0,73.5(2.65 %),240600,17684100000,51000,3748500000.0,303825309,23.58
01/11/2022,118000,8850000000.0,75(2.04 %),520400,39030000000,402400,30180000000.0,304021595,23.58
02/11/2022,-133500,-9825600000.0,73.6(-1.87 %),487100,35850560000,620600,45676160000.0,303585495,23.59
03/11/2022,168198,12278454000.0,73(-0.82 %),586000,42778000000,417802,30499546000.0,303410895,23.59
04/11/2022,-520623,-37380731400.0,71.8(-1.64 %),651000,46741800000,1171623,84122531400.0,303389495,23.59
07/11/2022,-14516,-1042248800.0,71.8(0.00 %),1303300,93576940000,1317816,94619188800.0,303030997,23.6
08/11/2022,220480,16006848000.0,72.6(1.11 %),1701200,123507120000,1480720,107500272000.0,303105420,23.6
09/11/2022,102757,7604018000.0,74(1.93 %),855395,63299230000,752638,55695212000.0,303085841,23.6
10/11/2022,243800,17748640000.0,72.8(-1.62 %),1290500,93948400000,1046700,76199760000.0,303298561,23.59
11/11/2022,330580,24958790000.0,75.5(3.71 %),1578900,119206950000,1248320,94248160000.0,303129299,23.59
14/11/2022,-1900,-142690000.0,75.1(-0.53 %),1349900,101377490000,1351800,101520180000.0,302616599,23.61
15/11/2022,449449,33708675000.0,75(-0.13 %),1546200,115965000000,1096751,82256325000.0,302121319,23.62
16/11/2022,-837464,-62893546400.0,75.1(0.13 %),1925600,144612560000,2763064,207506106400.0,302217519,23.61
17/11/2022,-65474,-5008761000.0,76.5(1.86 %),1413526,108134739000,1479000,113143500000.0,301725744,23.62
18/11/2022,-383400,-29330100000.0,76.5(0.00 %),735400,56258100000,1118800,85588200000.0,302808408,23.6
21/11/2022,-138003,-10350225000.0,75(-1.96 %),694800,52110000000,832803,62460225000.0,303440308,23.59
22/11/2022,-298200,-21917700000.0,73.5(-2.00 %),1126000,82761000000,1424200,104678700000.0,303433108,23.59
23/11/2022,-68459,-5031736500.0,73.5(0.00 %),1430700,105156450000,1499159,110188186500.0,303718511,23.58
24/11/2022,-171675,-12532275000.0,73(-0.68 %),716500,52304500000,888175,64836775000.0,304448711,23.57
25/11/2022,-476482,-34830834200.0,73.1(0.14 %),1132200,82763820000,1608682,117594654200.0,304142370,23.57
28/11/2022,496470,38079249000.0,76.7(4.92 %),1856800,142416560000,1360330,104337311000.0,303645900,0.0
29/11/2022,1070473,85423745400.0,79.8(4.04 %),1452300,115893540000,381827,30469794600.0,302575427,0.0
30/11/2022,643512,52124472000.0,81(1.50 %),1122700,90938700000,479188,38814228000.0,301931915,23.62
01/12/2022,296868,23749440000.0,80(-1.23 %),767250,61380000000,470382,37630560000.0,302584317,0.0
02/12/2022,701585,59634725000.0,85(6.25 %),902100,76678500000,200515,17043775000.0,301882732,23.62
05/12/2022,546663,46466355000.0,85(0.00 %),1219156,103628260000,672493,57161905000.0,301336069,0.0
06/12/2022,-71114,-5689120000.0,80(-5.88 %),748395,59871600000,819509,65560720000.0,301407183,0.0
07/12/2022,-455013,-35718520500.0,78.5(-1.88 %),691987,54320979500,1147000,90039500000.0,301862196,23.62
08/12/2022,-1227788,-94539676000.0,77(-1.91 %),830318,63934486000,2058106,158474162000.0,301597775,23.63
09/12/2022,-536868,-41499896400.0,77.3(0.39 %),782968,60523426400,1319836,102023322800.0,301921307,23.62
12/12/2022,93883,7266544200.0,77.4(0.13 %),1439235,111396789000,1345352,104130244800.0,303532969,0.0
13/12/2022,139067,10875039400.0,78.2(1.03 %),1751710,136983722000,1612643,126108682600.0,303393902,0.0
14/12/2022,-27524,-2168891200.0,78.8(0.77 %),515350,40609580000,542874,42778471200.0,303421426,0.0
15/12/2022,3393,269743500.0,79.5(0.89 %),589400,46857300000,586007,46587556500.0,303418033,0.0
16/12/2022,-42986,-3425984200.0,79.7(0.25 %),2210410,176169677000,2253396,179595661200.0,303461019,0.0
19/12/2022,-188400,-14921280000.0,79.2(-0.63 %),140000,11088000000,328400,26009280000.0,303649419,23.58
20/12/2022,385422,30448338000.0,79(-0.25 %),951990,75207210000,566568,44758872000.0,303263997,0.0
21/12/2022,16900,1330030000.0,78.7(-0.38 %),582600,45850620000,565700,44520590000.0,303247097,0.0
22/12/2022,208800,16557840000.0,79.3(0.76 %),806500,63955450000,597700,47397610000.0,303038297,0.0
23/12/2022,97731,7730522100.0,79.1(-0.25 %),795700,62939870000,697969,55209347900.0,302940566,0.0
26/12/2022,487420,38457438000.0,78.9(-0.25 %),953300,75215370000,465880,36757932000.0,302453146,0.0
27/12/2022,100241,7929063100.0,79.1(0.25 %),728900,57655990000,628659,49726926900.0,302352905,23.61
28/12/2022,375953,30076240000.0,80(1.14 %),743600,59488000000,367647,29411760000.0,301976952,23.62
29/12/2022,278219,22452273300.0,80.7(0.87 %),949000,76584300000,670781,54132026700.0,302093402,23.62
30/12/2022,180180,14414400000.0,80(-0.87 %),1003100,80248000000,822920,65833600000.0,301457949,23.63
03/01/2023,-59800,-4939480000.0,82.6(3.25 %),672300,55531980000,732100,60471460000.0,300785649,0.0
04/01/2023,177990,14737572000.0,82.8(0.24 %),582100,48197880000,404110,33460308000.0,301715250,23.62
05/01/2023,92554,7774536000.0,84(1.45 %),657400,55221600000,564846,47447064000.0,301794950,23.62
06/01/2023,326800,27451200000.0,84(0.00 %),952900,80043600000,626100,52592400000.0,301246160,23.63
09/01/2023,244100,21212290000.0,86.9(3.45 %),922200,80139180000,678100,58926890000.0,300893806,23.64
10/01/2023,-404707,-35330921100.0,87.3(0.46 %),1050100,91673730000,1454807,127004651100.0,300487806,23.65
11/01/2023,-348993,-29699304300.0,85.1(-2.52 %),698012,59400821200,1047005,89100125500.0,300785894,23.64
12/01/2023,-96302,-8166409600.0,84.8(-0.35 %),1465718,124292886400,1562020,132459296000.0,300774983,23.64
13/01/2023,-30282,-2598195600.0,85.8(1.18 %),408818,35076584400,439100,37674780000.0,301131170,23.64
16/01/2023,-66356,-5792878800.0,87.3(1.75 %),437784,38218543200,504140,44011422000.0,302500206,23.61
17/01/2023,262748,23489671200.0,89.4(2.41 %),381900,34141860000,119152,10652188800.0,302584406,23.61
18/01/2023,181800,16362000000.0,90(0.67 %),530200,47718000000,348400,31356000000.0,302403546,23.61
19/01/2023,674038,62685534000.0,93(3.33 %),1193300,110976900000,519262,48291366000.0,301347398,23.63
27/01/2023,-394600,-36697800000.0,93(0.00 %),906900,84341700000,1301500,121039500000.0,300822698,23.64
30/01/2023,-240850,-21652415000.0,89.9(-3.33 %),509000,45759100000,749850,67411515000.0,300832960,23.64
31/01/2023,-229683,-21107867700.0,91.9(2.22 %),666250,61228375000,895933,82336242700.0,301454910,23.63
01/02/2023,146347,13039517700.0,89.1(-3.05 %),623257,55532198700,476910,42492681000.0,301581503,23.63
02/02/2023,6085,551301000.0,90.6(1.68 %),590540,53502924000,584455,52951623000.0,301886896,23.62
03/02/2023,335460,31197780000.0,93(2.65 %),430210,40009530000,94750,8811750000.0,301933596,23.62
06/02/2023,329090,31592640000.0,96(3.23 %),717710,68900160000,388620,37307520000.0,301980341,23.62
07/02/2023,-507109,-46654028000.0,92(-4.17 %),423824,38991808000,930933,85645836000.0,301651267,23.63
08/02/2023,-32508,-3062253600.0,94.2(2.39 %),355630,33500346000,388138,36562599600.0,301504257,23.63
09/02/2023,-138152,-12848136000.0,93(-1.27 %),240450,22361850000,378602,35209986000.0,302255640,23.61
10/02/2023,280013,26461228500.0,94.5(1.61 %),441910,41760495000,161897,15299266500.0,302201868,23.61
13/02/2023,-52181,-4878923500.0,93.5(-1.06 %),371110,34698785000,423291,39577708500.0,302148460,23.62
14/02/2023,-112640,-10419200000.0,92.5(-1.07 %),616400,57017000000,729040,67436200000.0,301728957,23.62
15/02/2023,-11830,-1100190000.0,93(0.54 %),569000,52917000000,580830,54017190000.0,301633248,23.63
16/02/2023,-110800,-10237920000.0,92.4(-0.65 %),422000,38992800000,532800,49230720000.0,301905288,23.62
17/02/2023,-54138,-5034834000.0,93(0.65 %),564940,52539420000,619078,57574254000.0,301951478,23.62
20/02/2023,-348859,-32722974200.0,93.8(0.86 %),551060,51689428000,899919,84412402200.0,301933218,23.62
21/02/2023,34178,3219567600.0,94.2(0.43 %),413900,38989380000,379722,35769812400.0,302108096,23.62
22/02/2023,-178214,-16573902000.0,93(-1.27 %),570400,53047200000,748614,69621102000.0,302415115,23.61
23/02/2023,-147844,-13793845200.0,93.3(0.32 %),566812,52883559600,714656,66677404800.0,302228025,23.61
24/02/2023,248000,23188000000.0,93.5(0.21 %),484800,45328800000,236800,22140800000.0,301980025,23.62
27/02/2023,-269637,-25022313600.0,92.8(-0.75 %),33520,3110656000,303157,28132969600.0,303109975,23.6
28/02/2023,128772,12040182000.0,93.5(0.75 %),445410,41645835000,316638,29605653000.0,302868365,23.6
01/03/2023,-350481,-32594733000.0,93(-0.53 %),255818,23791074000,606299,56385807000.0,302915704,23.6
02/03/2023,-302713,-28212851600.0,93.2(0.22 %),474787,44250148400,777500,72463000000.0,302751555,23.6
03/03/2023,-258481,-23495922900.0,90.9(-2.47 %),161800,14707620000,420281,38203542900.0,303181054,23.59
06/03/2023,269600,24533600000.0,91(0.11 %),455000,41405000000,185400,16871400000.0,303503554,23.59
07/03/2023,-119269,-10960821100.0,91.9(0.99 %),442400,40656560000,561669,51617381100.0,303501435,23.59
08/03/2023,-135501,-12493192200.0,92.2(0.33 %),294000,27106800000,429501,39599992200.0,303392835,23.59
09/03/2023,-419320,-38996760000.0,93(0.87 %),215300,20022900000,634620,59019660000.0,303719204,23.58
10/03/2023,-169200,-15583320000.0,92.1(-0.97 %),295500,27215550000,464700,42798870000.0,303850205,23.58
13/03/2023,-49961,-4571431500.0,91.5(-0.65 %),275694,25226001000,325655,29797432500.0,303900166,0.0
14/03/2023,-187469,-17059679000.0,91(-0.55 %),438294,39884754000,625763,56944433000.0,304235537,23.57
15/03/2023,-515404,-47107925600.0,91.4(0.44 %),171510,15676014000,686914,62783939600.0,304344682,23.57
16/03/2023,-101500,-9236500000.0,91(-0.44 %),369700,33642700000,471200,42879200000.0,304600745,23.56
17/03/2023,-688790,-61302310000.0,89(-2.20 %),1302410,115914490000,1991200,177216800000.0,303985249,23.58
20/03/2023,-252873,-21519492300.0,85.1(-4.38 %),104756,8914735600,357629,30434227900.0,304342693,23.57
21/03/2023,219000,23188000000.0,86.5(1.65 %),708500,45328800000,489500,22140800000.0,305625393,23.54
22/03/2023,308200,27502460000.0,89(2.89 %),776300,68642700000,468100,41140240000.0,305317193,23.55
23/03/2023,477900,42872430000.0,90.7(1.91 %),616800,55186800000,138900,12314370000.0,304839293,23.56
24/03/2023,41200,3843580000.0,89(-1.87 %),286700,25728440000,245500,21884860000.0,304798093,23.56
27/03/2023,292900,26653900000.0,91(2.25 %),493400,44899400000,200500,18245500000.0,304505193,0.0
28/03/2023,439443,40340867400.0,91.8(0.88 %),553700,50829660000,114257,10488792600.0,304065750,23.57
29/03/2023,222440,20531212000.0,92.3(0.54 %),365552,33740449600,143112,13209237600.0,305442282,23.55
30/03/2023,125903,11671208100.0,92.7(0.43 %),348024,32261824800,222121,20590616700.0,305338515,23.55
31/03/2023,49200,4496880000.0,91.4(-1.40 %),572900,52363060000,523700,47866180000.0,304991727,23.56
03/04/2023,-218505,-20277264000.0,92.8(1.53 %),286101,26550172800,504606,46827436800.0,304797747,23.56
04/04/2023,-25306,-2328152000.0,92(-0.86 %),122200,11242400000,147506,13570552000.0,305116247,23.55
05/04/2023,3645,335704500.0,92.1(0.11 %),131400,12101940000,127755,11766235500.0,305489453,23.54
06/04/2023,-87391,-7970059200.0,91.2(-0.98 %),136300,12430560000,223691,20400619200.0,305500659,23.54
07/04/2023,-406000,-36540000000.0,90(-1.32 %),31000,2790000000,437000,39330000000.0,305597414,23.54
10/04/2023,-218500,-19446500000.0,89(-1.11 %),113300,10083700000,331800,29530200000.0,305707805,23.54
11/04/2023,-316976,-27957283200.0,88.2(-0.90 %),230500,20330100000,547476,48287383200.0,305914305,23.54
12/04/2023,-220935,-19508560500.0,88.3(0.11 %),57100,5041930000,278035,24550490500.0,306189505,23.53
13/04/2023,-309321,-27282112200.0,88.2(-0.11 %),71700,6323940000,381021,33606052200.0,306665281,23.52
14/04/2023,-102779,-9085663600.0,88.4(0.23 %),169700,15001480000,272479,24087143600.0,306773616,23.52
17/04/2023,-36180,-3198312000.0,88.4(0.00 %),319300,28226120000,355480,31424432000.0,306833307,23.52
18/04/2023,-73842,-6498096000.0,88(-0.45 %),325900,28679200000,399742,35177296000.0,306779886,23.52
19/04/2023,21500,1902750000.0,88.5(0.57 %),200700,17761950000,179200,15859200000.0,306934666,23.51
20/04/2023,40400,3580940000.0,88.3(-0.23 %),134500,11884530000,94100,8303590000.0,306894266,23.52
21/04/2023,-4810,-420875000.0,87.5(-0.91 %),741600,64890000000,746410,65310875000.0,307287508,23.51
24/04/2023,169778,14923486200.0,87.9(0.46 %),391558,34417948200,221780,19494462000.0,307033536,23.51
25/04/2023,194204,17148213200.0,88.3(0.46 %),476300,42057290000,282096,24909076800.0,306635646,23.52
26/04/2023,1034593,92492614200.0,89.4(1.25 %),3686274,329552895600,2651681,237060281400.0,305527526,23.54
27/04/2023,-129800,-11604380000.0,90(0.67 %),140400,12615700000,270200,24220080000.0,305657326,23.54
28/04/2023,139800,12589240000.0,90.5(0.56 %),452400,40521980000,312600,27932740000.0,305517526,23.54
04/05/2023,-109300,-9720240000.0,88.5(-2.21 %),274900,24508510000,384200,34228750000.0,305468729,23.55
05/05/2023,92600,8282370000.0,89.8(1.47 %),120900,10805310000,28300,2522940000.0,305455757,23.55
08/05/2023,182300,16887080000.0,93(3.56 %),352900,32573730000,170600,15686650000.0,305487057,23.54
09/05/2023,-128100,-11924560000.0,92.3(-0.75 %),103900,9699920000,232000,21624480000.0,305348397,23.55
10/05/2023,-209500,-19293810000.0,92(-0.33 %),44900,4131860000,254400,23425670000.0,305557897,23.54
11/05/2023,-170500,-15560710000.0,91(-1.09 %),144000,13155140000,314500,28715850000.0,305553350,23.54
12/05/2023,30900,2938020000.0,92.8(1.98 %),342300,31548330000,311400,28610310000.0,305465450,23.55
15/05/2023,-22500,-2086100000.0,91.7(-1.19 %),118800,10969270000,141300,13055370000.0,305487950,23.54
16/05/2023,36100,3352160000.0,92.6(0.98 %),258100,23894840000,222000,20542680000.0,305451850,23.55
17/05/2023,5100,480200000.0,92.8(0.22 %),324000,30055350000,318900,29575150000.0,305446750,23.55
18/05/2023,307700,29236830000.0,95(2.37 %),787600,74132400000,479900,44895570000.0,305139050,23.55
19/05/2023,4700,456890000.0,94.2(-0.84 %),202800,18990230000,198100,18533340000.0,305134350,23.55
22/05/2023,-309100,-28656050000.0,93.1(-1.17 %),184100,17115980000,493200,45772030000.0,305443450,23.55
23/05/2023,13700,1289970000.0,92.8(-0.32 %),332800,30873360000,319100,29583390000.0,305429750,23.55
24/05/2023,-57100,-5246740000.0,92.6(-0.22 %),168500,15559370000,225600,20806110000.0,305486850,23.54
25/05/2023,75600,7161690000.0,93.2(0.65 %),424000,39261290000,348400,32099600000.0,305411250,23.55
26/05/2023,19500,1819020000.0,92(-1.29 %),106000,9819420000,86500,8000400000.0,305391750,23.55
29/05/2023,61600,5873470000.0,93.1(1.20 %),204400,19184180000,142800,13310710000.0,305330150,23.55
30/05/2023,-85700,-7756380000.0,94.5(1.50 %),259200,24256180000,344900,32012560000.0,305415850,23.55
31/05/2023,-68700,-6453600000.0,94(-0.53 %),176200,16538280000,244900,22991880000.0,305484550,23.54
01/06/2023,-75500,-7013970000.0,93.9(-0.11 %),275700,25862580000,351200,32876550000.0,305399542,23.55
02/06/2023,-38700,-3558410000.0,94.9(1.06 %),321400,30374930000,360100,33933340000.0,305438242,23.55
05/06/2023,198400,19453710000.0,98(3.27 %),672900,65911570000,474500,46457860000.0,305239842,23.55
06/06/2023,317600,31206690000.0,99(1.02 %),533000,52318390000,215400,21111700000.0,304922242,23.56
07/06/2023,-24300,-2348520000.0,97(-2.02 %),410700,40174810000,435000,42523330000.0,304946542,23.56
08/06/2023,581700,57837440000.0,100(3.09 %),1013700,100521950000,432000,42684510000.0,304364842,23.57
09/06/2023,86000,8601550000.0,100.5(0.50 %),534900,53600770000,448900,44999220000.0,304278842,23.57
12/06/2023,42100,4250570000.0,101(0.50 %),233100,23267230000,191000,19016660000.0,304236742,23.57
13/06/2023,-12700,-1277090000.0,102.5(1.49 %),406000,41580280000,418700,42857370000.0,304249442,23.57
14/06/2023,-154400,-15783210000.0,102.6(0.10 %),240900,24702590000,395300,40485800000.0,304403842,23.57
15/06/2023,-116400,-11897900000.0,103.5(0.88 %),393700,40333170000,510100,52231070000.0,304520242,23.57
16/06/2023,194600,20498410000.0,105(1.45 %),974200,102333200000,779600,81834790000.0,302979892,23.6
19/06/2023,-525100,-53843060000.0,101.7(-3.14 %),322400,33021600000,847500,86864660000.0,303167630,23.59
20/06/2023,-438300,-43885690000.0,99.9(-1.77 %),874400,87423230000,1312700,131308920000.0,303605930,23.58
21/06/2023,-370800,-37114390000.0,100(0.10 %),667400,66767130000,1038200,103881520000.0,303249908,23.59
22/06/2023,-320700,-32177020000.0,100.4(0.40 %),191800,19283220000,512500,51460240000.0,303570608,23.59
23/06/2023,-202500,-20201000000.0,99.9(-0.50 %),178100,17765940000,380600,37966940000.0,303773108,23.58
26/06/2023,-204300,-20381450000.0,100(0.10 %),339100,33840550000,543400,54222000000.0,305323137,23.55
27/06/2023,-131500,-13185950000.0,100(0.00 %),388000,38840780000,519500,52026730000.0,305454637,23.55
28/06/2023,-9000,-785950000.0,101.1(1.10 %),289100,29143170000,298100,29929120000.0,305463637,23.55
29/06/2023,184400,18826550000.0,101.9(0.79 %),236800,24185120000,52400,5358570000.0,305279237,23.55
30/06/2023,47600,4782640000.0,100(-1.86 %),243400,24541970000,195800,19759330000.0,305231637,23.55
03/07/2023,11000,1102040000.0,100(0.00 %),322900,32325260000,311900,31223220000.0,305790239,23.54
04/07/2023,-47200,-4630070000.0,100(0.00 %),400100,40432650000,447300,45062720000.0,305837439,23.54
05/07/2023,276900,28227100000.0,102(2.00 %),614200,62587280000,337300,34360180000.0,305560539,23.54
06/07/2023,-68300,-6890190000.0,100.7(-1.27 %),495600,50292320000,563900,57182510000.0,304973714,23.56
07/07/2023,486400,50201760000.0,105(4.27 %),853900,87836160000,367500,37634400000.0,304457194,23.57
10/07/2023,-384700,-39620790000.0,102.7(-2.19 %),105100,10810710000,489800,50431500000.0,304841894,23.56
11/07/2023,-356400,-36776720000.0,103(0.29 %),237200,24556930000,593600,61333650000.0,305198294,23.55
12/07/2023,-61800,-6422810000.0,104(0.97 %),330700,34367600000,392500,40790410000.0,305260094,23.55
13/07/2023,-193700,-20198880000.0,104.9(0.87 %),357700,37388270000,551400,57587150000.0,305453794,23.55
14/07/2023,-123400,-12938040000.0,105(0.10 %),263500,27629540000,386900,40567580000.0,305286489,23.55
17/07/2023,-64200,-6746340000.0,104.8(-0.19 %),503100,52751370000,567300,59497710000.0,305350689,23.55
18/07/2023,16400,1721790000.0,104.3(-0.48 %),463800,48542640000,447400,46820850000.0,305334289,23.55
19/07/2023,79000,8386900000.0,106.5(2.11 %),414900,43920240000,335900,35533340000.0,304910305,23.56
20/07/2023,-236100,-24859790000.0,105(-1.41 %),346600,36540210000,582700,61400000000.0,305146405,23.55
21/07/2023,-11900,-1253650000.0,105(0.00 %),182900,19137230000,194800,20390880000.0,305158305,23.55
24/07/2023,-317800,-33340540000.0,104.6(-0.38 %),101600,10661280000,419400,44001820000.0,305746898,23.54
25/07/2023,-249100,-22899930000.0,91.7(3.50 %),1149300,105561290000,1398400,128461220000.0,304807353,23.56
26/07/2023,76200,7082710000.0,93.4(1.85 %),834800,77555690000,758600,70472980000.0,304731153,23.56
27/07/2023,152000,14173510000.0,92.7(-0.75 %),564300,52552590000,412300,38379080000.0,304579153,23.56
28/07/2023,-179000,-16468110000.0,93(0.32 %),540400,49980330000,719400,66448440000.0,304758153,23.56
31/07/2023,-533600,-48986080000.0,91.6(-1.51 %),455100,41879510000,988700,90865590000.0,305291753,23.55
01/08/2023,-514900,-47338130000.0,91.2(-0.44 %),466700,42990000000,981600,90328130000.0,305448505,23.55
02/08/2023,26400,2427710000.0,91.5(0.33 %),585100,53435980000,558700,51008270000.0,305422105,23.55
03/08/2023,-287500,-26141870000.0,90.6(-0.98 %),211600,19244710000,499100,45386580000.0,305709605,23.54
04/08/2023,-258500,-23435790000.0,90.1(-0.55 %),300600,27121050000,559100,50556840000.0,307177155,23.51
07/08/2023,-260500,-23540700000.0,90.8(0.78 %),346000,31315340000,606500,54856040000.0,307437655,23.5
08/08/2023,-215800,-19563100000.0,90.7(-0.11 %),130300,11821980000,346100,31385080000.0,307653455,23.5
09/08/2023,-240600,-21743020000.0,90.2(-0.55 %),38700,3498120000,279300,25241140000.0,307894055,23.49
10/08/2023,-556000,-49627850000.0,88.5(-1.88 %),120700,10800660000,676700,60428510000.0,308450055,23.48
11/08/2023,45700,4258420000.0,90.4(2.15 %),393600,35317920000,347900,31059500000.0,308404355,23.48
14/08/2023,-789300,-70519910000.0,89(-1.55 %),416600,37320200000,1205900,107840110000.0,308576007,23.48
15/08/2023,-410800,-36497210000.0,88.9(-0.11 %),433200,38514150000,844000,75011360000.0,308450707,23.48
16/08/2023,-142500,-12702050000.0,89.2(0.34 %),320600,28580970000,463100,41283020000.0,309316003,23.46
17/08/2023,-92300,-8259780000.0,89.4(0.22 %),1307400,116839220000,1399700,125099000000.0,309408303,23.46
18/08/2023,796400,71190840000.0,89.5(0.11 %),1608200,143898190000,811800,72707350000.0,307687518,23.5
21/08/2023,246900,22069280000.0,89.8(0.34 %),1169400,104754630000,922500,82685350000.0,307927832,23.49
22/08/2023,-515700,-45526880000.0,88.4(-1.56 %),713900,63246470000,1229600,108773350000.0,308013035,23.49
23/08/2023,-561800,-48853480000.0,86.3(-2.38 %),469700,40950240000,1031500,89803720000.0,308435743,23.48
24/08/2023,-182200,-15731770000.0,87(0.81 %),264000,23015660000,446200,38747430000.0,308617943,23.48
25/08/2023,-415500,-35853360000.0,86.2(-0.92 %),456000,39366350000,871500,75219710000.0,309943044,23.45
28/08/2023,-39200,-3365720000.0,87(0.93 %),810200,70379000000,849400,73744720000.0,309982244,23.45
29/08/2023,169700,14907030000.0,88.4(1.61 %),789600,69367430000,619900,54460400000.0,365102577,23.47
30/08/2023,416300,37150030000.0,89.1(0.79 %),777800,69384770000,361500,32234740000.0,364686277,27.72
31/08/2023,360500,32229820000.0,89.1(0.00 %),1097000,97924180000,736500,65694360000.0,364697150,23.47
05/09/2023,-307200,-27623680000.0,90.1(1.12 %),894100,80422440000,1201300,108046120000.0,364164422,23.48
06/09/2023,-407400,-36686100000.0,90.2(0.11 %),976300,87841870000,1383700,124527970000.0,364571822,27.73
07/09/2023,-42100,-3772060000.0,89.5(-0.78 %),930400,83745660000,972500,87517720000.0,364195451,23.48
08/09/2023,327800,29289600000.0,89.5(0.00 %),863500,77211770000,535700,47922170000.0,364705629,23.47
11/09/2023,-217800,-19446460000.0,88.5(-1.12 %),763700,68193220000,981500,87639680000.0,364044473,23.49
12/09/2023,675700,60293640000.0,89.9(1.58 %),1155300,103232580000,479600,42938940000.0,363436691,23.5
13/09/2023,7800,692790000.0,89.1(-0.89 %),1008600,90229540000,1000800,89536750000.0,363389553,23.5
14/09/2023,95200,8413780000.0,89.1(0.00 %),872000,77241090000,776800,68827310000.0,362997117,23.51
15/09/2023,327000,29303280000.0,89.8(0.79 %),1689700,151457200000,1362700,122153920000.0,362288278,23.52
18/09/2023,0,0.0,88.8(-1.11 %),0,0,0,0.0,362288278,27.77
19/09/2023,-92300,-8033170000.0,88.1(-0.79 %),421700,36976260000,514000,45009430000.0,362829128,27.76
20/09/2023,110300,9740480000.0,88(-0.11 %),421600,37105380000,311300,27364900000.0,362718828,27.77
21/09/2023,-137100,-11974250000.0,87(-1.14 %),418400,36516780000,555500,48491030000.0,362855928,27.76
22/09/2023,560800,50049060000.0,89.3(2.64 %),1470000,129271240000,909200,79222180000.0,362456187,23.51
25/09/2023,667900,59582290000.0,89.3(0.00 %),1444900,128989920000,777000,69407630000.0,361546880,23.53
26/09/2023,336800,29899180000.0,87(-2.58 %),973900,86466530000,637100,56567350000.0,361478844,23.53
27/09/2023,-67000,-5782990000.0,87.8(0.92 %),597000,52530590000,664000,58313580000.0,361545844,27.79
28/09/2023,316500,27694670000.0,88(0.23 %),719600,62984450000,403100,35289780000.0,361229344,27.8
29/09/2023,21100,1877140000.0,87.5(-0.57 %),243300,21346450000,222200,19469310000.0,362064100,23.52
02/10/2023,-101900,-8850220000.0,86.5(-1.14 %),249200,21621600000,351100,30471820000.0,362218121,23.52
03/10/2023,-97600,-8412600000.0,86.3(-0.23 %),331600,28568210000,429200,36980810000.0,362108775,23.52
04/10/2023,-106700,-9098950000.0,86.3(0.00 %),466300,40029830000,573000,49128780000.0,362215475,27.78
05/10/2023,-155000,-13220110000.0,84.5(-2.09 %),343800,29279010000,498800,42499120000.0,362085113,23.52
06/10/2023,5000,506600000.0,85.4(1.07 %),410000,34562070000,405000,34055470000.0,362080113,23.52
09/10/2023,-260800,-21964630000.0,84.6(-0.94 %),511700,43175090000,772500,65139720000.0,362340913,23.52
10/10/2023,129000,11095580000.0,86.1(1.77 %),365900,31448130000,236900,20352550000.0,362278428,23.52
11/10/2023,308600,26555110000.0,86.5(0.46 %),467500,40222240000,158900,13667130000.0,362583473,23.51
12/10/2023,-15300,-1307020000.0,86(-0.58 %),498800,42920670000,514100,44227690000.0,362321842,23.52
13/10/2023,256300,22078310000.0,86.6(0.70 %),448500,38608130000,192200,16529820000.0,362032266,23.52
16/10/2023,62700,5394730000.0,86.1(-0.58 %),148900,12798480000,86200,7403750000.0,362397661,23.52
17/10/2023,56600,4887630000.0,85.9(-0.23 %),228700,19689740000,172100,14802110000.0,362361161,23.52
18/10/2023,82200,7146300000.0,85.9(0.00 %),733700,62692560000,651500,55546260000.0,361713678,23.53
19/10/2023,-83000,-6959830000.0,84.5(-1.63 %),869200,73853920000,952200,80813750000.0,361016705,23.54
20/10/2023,-198500,-16452170000.0,84.8(0.36 %),446400,37416290000,644900,53868460000.0,361221946,23.54
23/10/2023,-90600,-7357630000.0,84.5(-0.35 %),446800,37251960000,537400,44609590000.0,361727481,23.53
24/10/2023,6400,467410000.0,86(1.78 %),424500,36272250000,418100,35804840000.0,361721081,23.53
25/10/2023,138600,11849470000.0,85.8(-0.23 %),482200,41057870000,343600,29208400000.0,361948517,23.52
26/10/2023,545200,46317530000.0,84.5(-1.52 %),1001400,85068880000,456200,38751350000.0,361406637,23.53
27/10/2023,-58000,-4846020000.0,85(0.59 %),476400,40176340000,534400,45022360000.0,361273855,23.54
30/10/2023,335500,28729310000.0,85.9(1.06 %),510400,43645500000,174900,14916190000.0,361326812,23.54
31/10/2023,297500,25711850000.0,86.8(1.05 %),949300,81988900000,651800,56277050000.0,360914299,23.54
01/11/2023,154300,13528000000.0,87.8(1.15 %),915900,79881510000,761600,66353510000.0,360173326,23.56
02/11/2023,24600,2436610000.0,89(1.37 %),603400,52953380000,578800,50516770000.0,360148726,23.56
03/11/2023,488500,43465430000.0,88.9(-0.11 %),940700,83689840000,452200,40224410000.0,359660226,23.56
06/11/2023,203800,18202590000.0,89.5(0.67 %),546900,48829070000,343100,30626480000.0,359456426,23.57
07/11/2023,-58900,-5205350000.0,88.3(-1.34 %),187300,16590790000,246200,21796140000.0,359515326,23.57
08/11/2023,-6400,-706600000.0,89.5(1.36 %),712700,63431720000,719100,64138320000.0,360050267,23.56
09/11/2023,-621700,-54949410000.0,87.9(-1.79 %),282400,25062860000,904100,80012270000.0,360084058,23.56
10/11/2023,-668900,-57765130000.0,86(-2.16 %),158100,13661240000,827000,71426370000.0,360660115,23.55
13/11/2023,-284800,-24404850000.0,85.5(-0.58 %),158300,13566380000,443100,37971230000.0,362385973,23.52
14/11/2023,-407458,-34998008200.0,86(0.58 %),60802,5219271600,468260,40217279800.0,361352373,23.53
15/11/2023,836000,72424140000.0,87.7(1.98 %),2028300,176386730000,1192300,103962590000.0,360516373,23.55
16/11/2023,0,0.0,88(0.34 %),0,0,0,0.0,360516373,27.81
17/11/2023,-637900,-55168460000.0,85.6(-2.73 %),57200,4957850000,695100,60126310000.0,363960404,23.49
20/11/2023,316700,27342290000.0,86.1(0.58 %),446600,38492960000,129900,11150670000.0,363957266,23.49
21/11/2023,332500,28753930000.0,86.6(0.58 %),620300,53604220000,287800,24850290000.0,364032110,23.49
22/11/2023,-201000,-17129330000.0,86.7(0.12 %),298000,25763830000,499000,42893160000.0,363864055,23.49
23/11/2023,-78500,-6728900000.0,85.5(-1.38 %),230600,19933520000,309100,26662420000.0,363942555,27.74
24/11/2023,164900,14137790000.0,86(0.58 %),204200,17495010000,39300,3357220000.0,363777655,27.74
27/11/2023,23200,2008160000.0,85.8(-0.23 %),186100,15924380000,162900,13916220000.0,363754455,27.74
28/11/2023,-247500,-21036470000.0,85.8(0.00 %),279500,23823800000,527000,44860270000.0,364001955,27.74
29/11/2023,-296900,-25301750000.0,85.1(-0.82 %),165000,14141230000,461900,39442980000.0,364298855,27.73
30/11/2023,-251300,-21359580000.0,84.7(-0.47 %),155100,13155390000,406400,34514970000.0,364550155,27.73
01/12/2023,-69000,-5809560000.0,85(0.35 %),107600,9098720000,176600,14908280000.0,364475022,27.73
04/12/2023,83800,7223800000.0,86(1.18 %),242800,20850560000,159000,13626760000.0,364391222,27.73
05/12/2023,-520900,-44411260000.0,85.4(-0.70 %),60000,5123380000,580900,49534640000.0,364912122,27.72
06/12/2023,10800,948520000.0,85.9(0.59 %),200500,17140160000,189700,16191640000.0,364901322,27.72
07/12/2023,-103500,-8784440000.0,85.2(-0.81 %),139900,11983430000,243400,20767870000.0,365004822,27.72
08/12/2023,-729100,-62061890000.0,85(-0.23 %),142300,12118300000,871400,74180190000.0,365733922,27.7
11/12/2023,-958700,-80902180000.0,84.2(-0.94 %),42800,3608750000,1001500,84510930000.0,366692622,27.68
12/12/2023,-453500,-38169040000.0,84.2(0.00 %),88300,7438160000,541800,45607200000.0,367146122,27.67
13/12/2023,-332700,-27964540000.0,83.7(-0.59 %),40000,3368930000,372700,31333470000.0,367478822,27.66
14/12/2023,290400,24468100000.0,84.4(0.84 %),501500,42239630000,211100,17771530000.0,367188422,27.67
15/12/2023,-1628000,-134345640000.0,82.2(-2.61 %),568800,47069780000,2196800,181415420000.0,368816422,27.64
18/12/2023,-188300,-15500260000.0,81.5(-0.85 %),720000,59010720000,908300,74510980000.0,369004722,27.63
19/12/2023,11900,914360000.0,81.2(-0.37 %),646700,52310670000,634800,51396310000.0,368992822,27.63
20/12/2023,-440200,-35551270000.0,81.1(-0.12 %),865400,70022570000,1305600,105573840000.0,369433022,27.62
21/12/2023,-631900,-50870670000.0,80.9(-0.25 %),862100,69540800000,1494000,120411470000.0,370064922,27.61
22/12/2023,-462200,-37206080000.0,80.9(0.00 %),617800,49885100000,1080000,87091180000.0,370527122,27.6
25/12/2023,-177100,-14360250000.0,81.8(1.11 %),304600,24840220000,481700,39200470000.0,370704222,27.6
26/12/2023,269200,22216170000.0,82.8(1.22 %),517800,42704190000,248600,20488020000.0,370435022,27.6
27/12/2023,276900,22987670000.0,82.7(-0.12 %),405900,33673490000,129000,10685820000.0,370158122,27.61
28/12/2023,243900,20184490000.0,82.8(0.12 %),385200,31874610000,141300,11690120000.0,369914222,27.61
29/12/2023,357000,29845230000.0,80.3(-3.02 %),839400,70064010000,482400,40218780000.0,369557222,27.62
02/01/2024,1106500,91849680000.0,83.5(3.99 %),1165200,96712390000,58700,4862710000.0,368862752,23.4
03/01/2024,756700,63531090000.0,84.5(1.20 %),910400,76423430000,153700,12892340000.0,369119953,27.63
04/01/2024,1145200,97892070000.0,85.9(1.66 %),1288800,110113260000,143600,12221190000.0,367974753,27.65
05/01/2024,730600,62829110000.0,86.2(0.35 %),809300,69585890000,78700,6756780000.0,367244153,27.67
08/01/2024,733800,63566500000.0,86.8(0.70 %),919000,79594740000,185200,16028240000.0,366510353,27.69
09/01/2024,888300,77730040000.0,87.8(1.15 %),1242700,108689040000,354400,30959000000.0,364646800,23.48
10/01/2024,804200,71457230000.0,89.5(1.94 %),1040600,92396620000,236400,20939390000.0,363791500,23.49
11/01/2024,522900,46760060000.0,89.3(-0.22 %),963000,86195000000,440100,39434940000.0,363190080,23.5
12/01/2024,877300,77828860000.0,88.7(-0.67 %),1179700,104741990000,302400,26913130000.0,362252453,27.78
15/01/2024,64700,5670140000.0,90(1.47 %),952300,85319860000,887600,79649720000.0,361734816,23.53
16/01/2024,564900,50713250000.0,90(0.00 %),1176700,105647590000,611800,54934340000.0,360860500,23.54
17/01/2024,811200,73420610000.0,90.9(1.00 %),1333600,120675390000,522400,47254780000.0,360414560,23.55
18/01/2024,370900,33718330000.0,91.1(0.22 %),929200,84485470000,558300,50767140000.0,360440753,27.81
19/01/2024,426800,39379360000.0,92.6(1.65 %),1079900,99310640000,653100,59931280000.0,360013953,27.82
22/01/2024,341500,31800370000.0,92(-0.65 %),723700,67283630000,382200,35483260000.0,359672453,27.83
23/01/2024,258000,23403380000.0,91.5(-0.54 %),728800,66417090000,470800,43013710000.0,359414453,27.84
24/01/2024,234700,21513190000.0,91.1(-0.44 %),470100,43091160000,235400,21577970000.0,359179753,27.84
25/01/2024,349100,31818330000.0,91(-0.11 %),394900,35996160000,45800,4177830000.0,358830653,27.85
26/01/2024,141600,12988740000.0,92(1.10 %),642000,58870110000,500400,45881370000.0,358689053,27.85
29/01/2024,-72500,-6620440000.0,91.2(-0.87 %),477500,43568560000,550000,50189000000.0,358415040,23.59
30/01/2024,-244500,-22155590000.0,91(-0.22 %),319100,28969770000,563600,51125360000.0,358596480,23.58
31/01/2024,-556100,-49637170000.0,88.5(-2.75 %),25300,2272480000,581400,51909650000.0,359121248,23.57
01/02/2024,132000,11885370000.0,89.8(1.47 %),350700,31424390000,218700,19539020000.0,359121261,27.84
02/02/2024,94614,8480150400.0,90.3(0.56 %),212800,19092110000,118186,10611959600.0,359334176,23.57
05/02/2024,-613816,-55289152400.0,90(-0.33 %),843300,75941970000,1457116,131231122400.0,359289619,27.84
06/02/2024,-674009,-60378014600.0,89.5(-0.56 %),526400,47125560000,1200409,107503574600.0,358651232,23.58
07/02/2024,-399766,-35925650700.0,90(0.56 %),490900,44167280000,890666,80092930700.0,359612448,23.57
15/02/2024,-288238,-25840834000.0,89.9(-0.11 %),195400,17543540000,483638,43384374000.0,360598752,23.55
16/02/2024,-59487,-5334687500.0,89.6(-0.33 %),234000,21024860000,293487,26359547500.0,361277632,23.54
19/02/2024,-80353,-7219256000.0,90.2(0.67 %),201787,18111873900,282140,25331129900.0,361559500,23.53
20/02/2024,-12932,-1173610400.0,91.3(1.22 %),334000,30166280000,346932,31339890400.0,361498976,23.53
21/02/2024,-165832,-15066017300.0,91.2(-0.11 %),322100,29340290000,487932,44406307300.0,361439000,23.53
22/02/2024,-233795,-21009835200.0,89.5(-1.86 %),47400,4280330000,281195,25290165200.0,361439000,23.53
23/02/2024,-245850,-22184752500.0,88.9(-0.67 %),190000,17229340000,435850,39414092500.0,361449881,27.79
26/02/2024,-31523,-2836778500.0,89.5(0.67 %),89200,7995260000,120723,10832038500.0,362198464,23.52
27/02/2024,-68145,-6039587100.0,91.1(1.79 %),468100,42436780000,536245,48476367100.0,361549549,27.79
28/02/2024,227819,22253459600.0,97.4(6.92 %),752800,72468420000,524981,50214960400.0,361321730,27.8
29/02/2024,-407210,-39933944800.0,97.3(-0.10 %),203786,20064587200,610996,59998532000.0,361825900,23.53
01/03/2024,149442,14516742200.0,97.3(0.00 %),720800,69754940000,571358,55238197800.0,361031493,27.8
04/03/2024,-266672,-25634130100.0,96(-1.34 %),204400,19681580000,471072,45315710100.0,361298165,27.8
05/03/2024,-390207,-37275894700.0,95.5(-0.52 %),228500,21832090000,618707,59107984700.0,362332128,23.52
06/03/2024,-179881,-17231684100.0,96.2(0.73 %),355853,34212474500,535734,51444158600.0,361868253,27.78
07/03/2024,-572190,-54987537200.0,95.8(0.21 %),641100,61708250000,1213290,116695787200.0,362440443,27.77
08/03/2024,87523,8496896000.0,95.1(-0.73 %),769350,73756680000,681827,65259784000.0,362352920,27.77
11/03/2024,108900,10352980000.0,94.1(-1.05 %),576200,54751700000,467300,44398720000.0,362244020,27.78
12/03/2024,-69200,-6527930000.0,94.4(0.32 %),375300,35433660000,444500,41961590000.0,363257000,23.5
13/03/2024,-454500,-43602350000.0,96(1.69 %),1545900,147959360000,2000400,191561710000.0,362178546,23.52
14/03/2024,-534100,-50873950000.0,95(-1.04 %),785400,74791220000,1319500,125665170000.0,362712646,27.77
15/03/2024,-986000,-92891540000.0,94(-1.05 %),629700,59265940000,1615700,152157480000.0,363698646,27.74
18/03/2024,-143700,-13386330000.0,93(-1.06 %),264100,24562640000,407800,37948970000.0,364263744,23.48
19/03/2024,164500,15244020000.0,92.5(-0.54 %),337200,31254440000,172700,16010420000.0,365522272,23.46
20/03/2024,-213000,-19848650000.0,93.2(0.76 %),85500,7978810000,298500,27827460000.0,363890846,27.74
21/03/2024,305400,29044210000.0,95.2(2.15 %),528000,50200630000,222600,21156420000.0,363585446,27.75
22/03/2024,820000,78884270000.0,96.4(1.26 %),1196400,115081880000,376400,36197610000.0,362765446,27.76
25/03/2024,391700,37677730000.0,95.7(-0.73 %),772100,74231120000,380400,36553390000.0,364012864,23.49
26/03/2024,236400,22757150000.0,96.3(0.63 %),390500,37594690000,154100,14837540000.0,362744346,27.76
27/03/2024,109400,10516730000.0,95.8(-0.52 %),502000,48155790000,392600,37639060000.0,363850368,23.49
28/03/2024,-334000,-31972590000.0,95.7(-0.10 %),355900,34119380000,689900,66091970000.0,363638500,23.49
29/03/2024,-387400,-36853710000.0,94.9(-0.84 %),72000,6852430000,459400,43706140000.0,363959100,23.49
01/04/2024,-32500,-3107670000.0,95.2(0.32 %),744100,70750130000,776600,73857800000.0,363904900,23.49
02/04/2024,-193700,-18343300000.0,94.5(-0.74 %),421300,39950810000,615000,58294110000.0,364152813,27.74
03/04/2024,37500,3533340000.0,93.8(-0.74 %),563600,53067000000,526100,49533660000.0,364135900,23.48
04/04/2024,882800,84101090000.0,96(2.35 %),1268500,120870860000,385700,36769770000.0,363232513,27.75
05/04/2024,195500,18542620000.0,94.9(-1.15 %),439100,41641310000,243600,23098690000.0,363562624,23.5
08/04/2024,342200,32423980000.0,94.9(0.00 %),568900,53914090000,226700,21490110000.0,362694813,27.77
09/04/2024,-113600,-10715110000.0,94.3(-0.63 %),313600,29635870000,427200,40350980000.0,362808413,27.76
10/04/2024,-89900,-8484100000.0,94.5(0.21 %),240200,22648130000,330100,31132230000.0,362898313,27.76
11/04/2024,31100,2958360000.0,94(-0.53 %),473200,44520300000,442100,41561940000.0,363251100,23.5
12/04/2024,-30300,-2864640000.0,94.6(0.64 %),147300,13940350000,177600,16804990000.0,363433952,23.5
15/04/2024,-820300,-77205380000.0,92(-2.75 %),248100,23338840000,1068400,100544220000.0,363717813,27.74
16/04/2024,-648600,-59279180000.0,91(-1.09 %),158000,14478950000,806600,73758130000.0,364366413,27.73
17/04/2024,11500,1122170000.0,90.5(-0.55 %),474300,43100930000,462800,41978760000.0,363706313,27.74
19/04/2024,288800,26091080000.0,90.5(0.00 %),776600,70086080000,487800,43995000000.0,363417513,27.75
22/04/2024,160300,14575660000.0,90.6(0.11 %),601400,54586420000,441100,40010760000.0,364204256,23.48
23/04/2024,375200,33747530000.0,90.1(-0.55 %),936400,84284560000,561200,50537030000.0,363753100,23.49
24/04/2024,-367400,-33277740000.0,90.6(0.55 %),986800,89473240000,1354200,122750980000.0,363249413,27.75
25/04/2024,186900,17281140000.0,91(0.44 %),777900,71399240000,591000,54118100000.0,363062513,27.76
26/04/2024,742700,68820410000.0,91.2(0.22 %),1261500,116461840000,518800,47641430000.0,363285760,23.5
02/05/2024,-2900,-197320000.0,91.9(0.77 %),624500,57245670000,627400,57442990000.0,363052300,23.5
03/05/2024,560200,51892150000.0,92.5(0.65 %),1201300,111369810000,641100,59477660000.0,362369728,23.52
06/05/2024,19000,1755350000.0,93(0.54 %),606400,56339670000,587400,54584320000.0,362390800,23.52
07/05/2024,211800,19910740000.0,92.9(-0.11 %),733900,68511080000,522100,48600340000.0,362298048,23.52
08/05/2024,247400,23014810000.0,93(0.11 %),766800,71089590000,519400,48074780000.0,362118752,23.52
09/05/2024,-54200,-5027070000.0,92.5(-0.54 %),107500,9962600000,161700,14989670000.0,362483360,23.51
10/05/2024,-273000,-25126700000.0,92(-0.54 %),41900,3869800000,314900,28996500000.0,362910900,23.51
13/05/2024,-406700,-36981680000.0,91(-1.09 %),175100,15946950000,581800,52928630000.0,362897568,23.51
14/05/2024,-320200,-29092500000.0,90.6(-0.44 %),31600,2872750000,351800,31965250000.0,363301444,27.75
15/05/2024,-424800,-38654950000.0,91(0.44 %),135700,12349640000,560500,51004590000.0,363726244,27.74
16/05/2024,-355400,-32709930000.0,92.6(1.76 %),222300,20494390000,577700,53204320000.0,364081644,27.74
17/05/2024,-313300,-28832630000.0,91.8(-0.86 %),83100,7656960000,396400,36489590000.0,364234784,23.48
20/05/2024,71500,6587890000.0,91.9(0.11 %),463700,42717840000,392200,36129950000.0,364348800,23.48
21/05/2024,-889900,-81172310000.0,91.1(-0.87 %),68800,6289160000,958700,87461470000.0,364656544,23.48
22/05/2024,-462100,-41979710000.0,90.7(-0.44 %),57400,5218530000,519500,47198240000.0,364951424,23.47
23/05/2024,-34800,-3175970000.0,91(0.33 %),389000,35344290000,423800,38520260000.0,365522700,23.46
24/05/2024,-420200,-37991490000.0,90.2(-0.88 %),124300,11243550000,544500,49235040000.0,365775044,27.7
27/05/2024,-11700,-1042620000.0,90.2(0.00 %),194500,17517870000,206200,18560490000.0,366083300,23.45
28/05/2024,-310400,-27917220000.0,90.7(0.55 %),356500,32096040000,666900,60013260000.0,365981400,23.45
29/05/2024,-390500,-35147410000.0,89.8(-0.99 %),95700,8643210000,486200,43790620000.0,366069376,23.45
30/05/2024,-1269200,-112902690000.0,88.6(-1.34 %),250500,22298470000,1519700,135201160000.0,366486144,23.44
31/05/2024,-2917900,-256754350000.0,87.2(-1.58 %),424300,37441760000,3342200,294196110000.0,366548300,23.44
03/06/2024,-976600,-86578940000.0,88.2(1.15 %),184100,16317190000,1160700,102896130000.0,366548279,27.68
04/06/2024,-191300,-16995360000.0,88.7(0.57 %),400900,35626230000,592200,52621590000.0,366739579,27.68
05/06/2024,-357200,-31764010000.0,88.8(0.11 %),557400,49617630000,914600,81381640000.0,367096779,27.67
06/06/2024,-37603,-3341185300.0,89(0.23 %),493900,44125670000,531503,47466855300.0,370987053,23.36
07/06/2024,-293710,-26070677800.0,88.5(-0.56 %),119200,10597090000,412910,36667767800.0,371762649,23.35
10/06/2024,-1049079,-92568318200.0,88(-0.56 %),691894,61016963200,1740973,153585281400.0,372811728,27.55
11/06/2024,-963825,-84440684900.0,87.2(-0.91 %),54710,4797939000,1018535,89238623900.0,370987053,23.36
12/06/2024,-299792,-26203067200.0,88.7(1.72 %),627062,55232566200,926854,81435633400.0,373054369,23.33
13/06/2024,0,0.0,88.4(-0.34 %),0,0,0,0.0,374023804,23.31
14/06/2024,-252701,-21977886700.0,87.5(-1.02 %),883000,78328260000,1135701,100306146700.0,374067658,23.31
17/06/2024,-151061,-13154119100.0,87.1(-0.46 %),1007738,88168713300,1158799,101322832400.0,373836820,23.31
18/06/2024,-68417,-5855817300.0,87.1(0.00 %),509475,44709822000,577892,50565639300.0,374463046,23.3
19/06/2024,-973470,-84457271400.0,86.6(-0.57 %),274400,23810950000,1247870,108268221400.0,375385445,23.28
20/06/2024,-1018703,-87610555400.0,86(-0.69 %),644511,55297383800,1663214,142907939200.0,375318826,23.28
21/06/2024,-29456,-2512468300.0,86(0.00 %),1065600,91761510000,1095056,94273978300.0,375491096,23.28
24/06/2024,293842,25644778900.0,85.5(-0.58 %),902799,78152463100,608957,52507684200.0,376251511,23.27
25/06/2024,-137200,-11751465900.0,85.5(0.00 %),751810,64897672000,889010,76649137900.0,376636762,23.26
26/06/2024,-104012,-8634819900.0,85.2(-0.35 %),822164,70610244000,926176,79245063900.0,376462870,23.26
27/06/2024,59942,5241759700.0,85.2(0.00 %),749240,64059338000,689298,58817578300.0,376607640,23.26
28/06/2024,-105419,-8995630900.0,85.2(0.00 %),367000,31294430000,472419,40290060900.0,377176860,23.25
04/07/2024,-619100,-54753270000.0,88(-0.56 %),614300,54554110000,1233400,109307380000.0,376140631,0.0
05/07/2024,365300,32815380000.0,88(0.00 %),841600,74751240000,476300,41935860000.0,375775331,0.0
08/07/2024,-402200,-35149920000.0,87.2(-0.91 %),116500,10245640000,518700,45395560000.0,376177531,0.0
09/07/2024,-136000,-11912030000.0,88.1(1.03 %),458000,40282710000,594000,52194740000.0,376313531,0.0
10/07/2024,-32200,-2839050000.0,88.6(0.57 %),627500,55523960000,659700,58363010000.0,376345731,0.0
11/07/2024,-21500,-1832980000.0,88.1(-0.56 %),656000,58065130000,677500,59898110000.0,376367231,0.0
12/07/2024,-9500,-725990000.0,87.6(-0.57 %),675500,59537890000,685000,60263880000.0,376376731,0.0
15/07/2024,233500,20559130000.0,87.5(-0.11 %),810400,71132200000,576900,50573070000.0,376143231,0.0
16/07/2024,257000,22694550000.0,87.9(0.46 %),905600,79826470000,648600,57131920000.0,375886231,0.0
17/07/2024,272800,24401200000.0,88(0.11 %),1121400,99475190000,848600,75073990000.0,375613431,0.0
18/07/2024,134900,12006340000.0,88(0.00 %),757900,66882310000,623000,54875970000.0,375478531,0.0
19/07/2024,-78700,-6785390000.0,87.5(-0.57 %),304500,26830510000,383200,33615900000.0,375557231,0.0
22/07/2024,9100,843820000.0,87.7(0.23 %),590100,51822600000,581000,50978780000.0,375548131,0.0
23/07/2024,460700,40535100000.0,87.5(-0.23 %),869000,76304790000,408300,35769690000.0,375087431,0.0
24/07/2024,462200,40685110000.0,87.5(0.00 %),800000,70284680000,337800,29599570000.0,374625231,0.0
25/07/2024,-10800,-939180000.0,87.3(-0.23 %),209500,18312070000,220300,19251250000.0,374636031,0.0
26/07/2024,272300,23809270000.0,87.3(0.00 %),650500,56842490000,378200,33033220000.0,374363731,0.0
29/07/2024,-136200,-11899900000.0,87.3(0.00 %),113000,9878630000,249200,21778530000.0,374499931,0.0
30/07/2024,-136200,-11899900000.0,87.5(0.23 %),113000,9878630000,249200,21778530000.0,374636131,0.0
31/07/2024,296400,26238960000.0,89.2(1.94 %),675600,59881920000,379200,33642960000.0,374339731,0.0
01/08/2024,2108300,191564660000.0,90.7(1.68 %),2752600,250020220000,644300,58455560000.0,378038114,0.0
02/08/2024,-134600,-11950050000.0,88.7(-2.21 %),532000,47388980000,666600,59339030000.0,378172714,0.0
05/08/2024,1078300,94089320000.0,86.9(-2.03 %),1524500,133213230000,446200,39123910000.0,377094414,0.0
06/08/2024,-169300,-14730240000.0,87.3(0.46 %),763800,66647480000,933100,81377720000.0,377263714,0.0
07/08/2024,-70500,-6177500000.0,87.7(0.46 %),244500,21352590000,315000,27530090000.0,377334214,0.0
08/08/2024,-175700,-15363550000.0,87.3(-0.46 %),392600,34312740000,568300,49676290000.0,377509914,0.0
09/08/2024,-425200,-37282550000.0,87.7(0.46 %),261900,23003570000,687100,60286120000.0,377935114,0.0
12/08/2024,-174000,-15264290000.0,87.8(0.11 %),258900,22724770000,432900,37989060000.0,378109114,0.0
13/08/2024,400700,35495960000.0,89.5(1.94 %),890400,79072430000,489700,43576470000.0,377708414,0.0
14/08/2024,-102200,-8965550000.0,88(-1.68 %),439500,38905080000,541700,47870630000.0,377810614,0.0
15/08/2024,41600,3820740000.0,87.6(-0.45 %),445000,39322710000,403400,35501970000.0,377769014,0.0
16/08/2024,-70500,-6128550000.0,88.1(0.57 %),434300,38403690000,504800,44532240000.0,377839514,0.0
19/08/2024,-193300,-17139620000.0,88.8(0.79 %),595000,52825370000,788300,69964990000.0,378032814,0.0
20/08/2024,1747600,158094560000.0,90.8(2.25 %),2274800,205583600000,527200,47489040000.0,376285214,0.0
21/08/2024,1432000,131525680000.0,92.8(2.20 %),1616400,148366300000,184400,16840620000.0,374853214,0.0
22/08/2024,519400,48036210000.0,92.4(-0.43 %),797500,73749260000,278100,25713050000.0,374333814,0.0
23/08/2024,345400,31911550000.0,92.4(0.00 %),604800,55896650000,259400,23985100000.0,373988414,0.0
26/08/2024,123500,11378040000.0,92(-0.43 %),878400,80985400000,754900,69607360000.0,373864914,0.0
27/08/2024,75400,6904690000.0,91.5(-0.54 %),404400,36986250000,329000,30081560000.0,373789514,0.0
28/08/2024,-65900,-6012770000.0,91.1(-0.44 %),585300,53498900000,651200,59511670000.0,373855414,0.0
29/08/2024,406800,37481410000.0,91.5(0.44 %),869000,79927640000,462200,42446230000.0,373448614,0.0
30/08/2024,271600,25144740000.0,91.7(0.22 %),911600,83872920000,640000,58728180000.0,373177014,0.0
04/09/2024,-305400,-27775230000.0,91(-0.76 %),129300,11741510000,434700,39516740000.0,370704974,0.0
05/09/2024,-478300,-43367830000.0,90.1(-0.99 %),264300,24005840000,742600,67373670000.0,371183274,0.0
06/09/2024,-54600,-4907120000.0,90.2(0.11 %),290300,26173470000,344900,31080590000.0,371237874,0.0
09/09/2024,-177500,-15927210000.0,90.2(0.00 %),141700,12716110000,319200,28643320000.0,371415374,0.0
10/09/2024,-293900,-26302420000.0,89(-1.33 %),364600,32748860000,658500,59051280000.0,371709274,0.0
11/09/2024,-340400,-30076950000.0,88.4(-0.67 %),212800,18847010000,553200,48923960000.0,372049674,0.0
12/09/2024,-130200,-11472190000.0,89.5(1.24 %),902600,80696920000,1032800,92169110000.0,372179874,0.0
13/09/2024,-172200,-15451040000.0,89.9(0.45 %),989700,88840500000,1161900,104291540000.0,372352074,0.0
16/09/2024,-39200,-3533340000.0,88.9(-1.11 %),386000,34529440000,425200,38062780000.0,372391274,0.0
17/09/2024,8900,883430000.0,90.5(1.80 %),400300,35741990000,391400,34858560000.0,372382374,0.0
18/09/2024,380300,34762920000.0,91(0.55 %),1197300,109248570000,817000,74485650000.0,372002074,0.0
19/09/2024,280300,25633900000.0,91.5(0.55 %),1008000,92122030000,727700,66488130000.0,371721774,0.0
20/09/2024,-150300,-13200390000.0,90.6(-0.98 %),1252800,114323540000,1403100,127523930000.0,371872074,0.0
23/09/2024,424300,38795320000.0,90.9(0.33 %),555100,50690560000,130800,11895240000.0,371447774,0.0
24/09/2024,208600,19026140000.0,91.2(0.33 %),309200,28200970000,100600,9174830000.0,371239174,0.0
25/09/2024,284100,26511130000.0,92.8(1.75 %),1375300,127071870000,1091200,100560740000.0,370955074,0.0
26/09/2024,309800,28964160000.0,92.5(-0.32 %),1127900,105270540000,818100,76306380000.0,370645274,0.0
27/09/2024,150500,13980280000.0,92.5(0.00 %),490400,45483330000,339900,31503050000.0,370494774,0.0
30/09/2024,134200,12399970000.0,92(-0.54 %),687300,63427150000,553100,51027180000.0,370360574,0.0
01/10/2024,-304200,-28169880000.0,92(0.00 %),641300,59501660000,945500,87671540000.0,371031988,0.0
02/10/2024,529800,48814890000.0,92.7(0.76 %),992700,91451810000,462900,42636920000.0,370502188,0.0
03/10/2024,435900,40600920000.0,92.6(-0.11 %),1124200,104580020000,688300,63979100000.0,370066288,0.0
04/10/2024,148500,13768430000.0,92.3(-0.32 %),464300,42994640000,315800,29226210000.0,369917788,0.0
07/10/2024,-62800,-5794050000.0,92(-0.33 %),289900,26688530000,352700,32482580000.0,369980588,0.0
08/10/2024,-121600,-11086820000.0,91.5(-0.54 %),527300,48245020000,648900,59331840000.0,370102188,0.0
09/10/2024,-377200,-34369980000.0,91(-0.55 %),1093300,99614830000,1470500,133984810000.0,370479388,0.0
10/10/2024,-22900,-2002920000.0,91.9(0.99 %),433500,40037370000,456400,42040290000.0,370502288,0.0
11/10/2024,-160100,-14655800000.0,91.5(-0.44 %),417000,38129850000,577100,52785650000.0,370662388,0.0
14/10/2024,19600,1788990000.0,91.4(-0.11 %),490000,44916650000,470400,43127660000.0,370642788,0.0
15/10/2024,-142100,-12999300000.0,91.4(0.00 %),616600,56567390000,758700,69566690000.0,370784888,0.0
16/10/2024,-407800,-37287180000.0,91.5(0.11 %),574500,52550630000,982300,89837810000.0,371192688,0.0
17/10/2024,-81800,-7533350000.0,92.2(0.77 %),298100,27372010000,379900,34905360000.0,371274488,0.0
18/10/2024,79600,7337460000.0,92.4(0.22 %),144700,13354870000,65100,6017410000.0,371194888,0.0
21/10/2024,-441000,-40664700000.0,92(-0.43 %),78800,7314870000,519800,47979570000.0,371635888,0.0
22/10/2024,-208400,-19055630000.0,91.4(-0.65 %),335500,30759940000,543900,49815570000.0,371844288,0.0
23/10/2024,110800,10134750000.0,91.5(0.11 %),375300,34340380000,264500,24205630000.0,371733488,0.0
24/10/2024,-86600,-7936910000.0,91.7(0.22 %),158000,14514920000,244600,22451830000.0,371820088,0.0
25/10/2024,106600,9795550000.0,91.8(0.11 %),273700,25161810000,167100,15366260000.0,371713488,0.0
28/10/2024,-222500,-20475120000.0,92(0.22 %),424100,39012030000,646600,59487150000.0,371935988,0.0
29/10/2024,-402600,-37144630000.0,92(0.00 %),267000,24640760000,669600,61785390000.0,372338588,0.0
30/10/2024,-153600,-14105840000.0,91.7(-0.33 %),102900,9455560000,256500,23561400000.0,372492188,0.0
31/10/2024,-249600,-23507310000.0,93.6(2.07 %),458000,42792080000,707600,66299390000.0,372741788,0.0
01/11/2024,-260800,-24405060000.0,93.5(-0.11 %),110900,10484080000,371700,34889140000.0,372996549,0.0
04/11/2024,-511300,-47600680000.0,92.5(-1.07 %),275900,25866780000,787200,73467460000.0,373507849,0.0
05/11/2024,-320500,-29628840000.0,92.6(0.11 %),143400,13264970000,463900,42893810000.0,373828349,0.0
06/11/2024,-557200,-51852870000.0,92.9(0.32 %),216800,20170320000,774000,72023190000.0,374385549,0.0
07/11/2024,-510900,-47691940000.0,93.2(0.32 %),316000,29542850000,826900,77234790000.0,374896449,0.0
08/11/2024,-606400,-56206310000.0,92.2(-1.07 %),175600,16377020000,782000,72583330000.0,375502849,0.0
11/11/2024,-396700,-36526770000.0,92(-0.22 %),485100,44765280000,881800,81292050000.0,375899549,0.0
12/11/2024,-206100,-18964900000.0,91.9(-0.11 %),346500,32016640000,552600,50981540000.0,385834968,23.1
13/11/2024,-210200,-19423320000.0,92.5(0.65 %),404400,37323820000,614600,56747140000.0,376315849,0.0
14/11/2024,-586700,-54019450000.0,92(-0.54 %),518500,47751570000,1105200,101771020000.0,376902549,0.0
15/11/2024,27000,2537090000.0,91.7(-0.33 %),484100,44540570000,457100,42003480000.0,376875549,0.0
18/11/2024,-476600,-43525090000.0,91(-0.76 %),532500,48700710000,1009100,92225800000.0,377352149,0.0
19/11/2024,-548800,-49574100000.0,90(-1.10 %),424100,38492210000,972900,88066310000.0,377900949,0.0
20/11/2024,-370800,-33439920000.0,90.3(0.33 %),561900,50899170000,932700,84339090000.0,378271749,0.0
21/11/2024,-37800,-3298100000.0,90.5(0.22 %),667200,60582280000,705000,63880380000.0,378309549,0.0
22/11/2024,-905100,-82248220000.0,90.6(0.11 %),499600,45485490000,1404700,127733710000.0,379214649,0.0
25/11/2024,-472700,-43193720000.0,91.3(0.77 %),593900,54315980000,1066600,97509700000.0,378359026,23.23
26/11/2024,-513900,-47571870000.0,92.4(1.20 %),219300,20297020000,733200,67868890000.0,379520405,23.21
27/11/2024,-292600,-27136510000.0,92.7(0.32 %),160900,14950780000,453500,42087290000.0,380404163,23.19
28/11/2024,-650400,-60510330000.0,92.6(-0.11 %),13000,1211420000,663400,61721750000.0,381113505,23.18
29/11/2024,-291200,-27067060000.0,93.3(0.76 %),51400,4784820000,342600,31851880000.0,381515749,23.17
02/12/2024,-430400,-40589030000.0,94.2(0.96 %),144900,13664070000,575300,54253100000.0,382034324,23.16
03/12/2024,-1301600,-121044260000.0,93(-1.27 %),538100,49960720000,1839700,171004980000.0,381839018,23.17
04/12/2024,-483500,-45080250000.0,93.5(0.54 %),42700,3975620000,526200,49055870000.0,382475844,23.16
05/12/2024,-982700,-92219190000.0,94(0.53 %),368000,34518500000,1350700,126737690000.0,383961662,23.13
09/12/2024,-223400,-21154430000.0,95.3(1.17 %),492000,46649820000,715400,67804250000.0,385096020,23.11
10/12/2024,-329600,-31269710000.0,94.5(-0.84 %),110300,10476650000,439900,41746360000.0,385682860,23.1
16/12/2024,-249700,-23238850000.0,93.1(0.00 %),271000,25201500000,520700,48440350000.0,386554261,23.08
17/12/2024,-306500,-28484610000.0,93(-0.11 %),346200,32187060000,652700,60671670000.0,387025531,23.08
18/12/2024,-121500,-11321840000.0,93.1(0.11 %),153100,14256340000,274600,25578180000.0,387393035,23.07
19/12/2024,-773200,-71541370000.0,92.4(-0.75 %),72300,6688610000,845500,78229980000.0,387973801,23.06
20/12/2024,-187900,-17381310000.0,92.5(0.11 %),807600,74710950000,995500,92092260000.0,387440801,23.07
24/12/2024,0,0.0,92.1(-0.32 %),0,0,0,0.0,388947000,23.04
25/12/2024,-937700,-86954130000.0,92.4(0.33 %),103200,9566710000,1040900,96520840000.0,389218000,23.04
26/12/2024,-1901700,-175416750000.0,92.1(-0.32 %),63100,5820030000,1964800,181236780000.0,389804188,23.03
27/12/2024,-734900,-67891110000.0,92.2(0.11 %),329800,30497900000,1064700,98389010000.0,390493401,23.01
30/12/2024,-291200,-26851670000.0,92(-0.22 %),784200,72266340000,1075400,99118010000.0,391663061,22.99
31/12/2024,-1438400,-131486340000.0,91.2(-0.87 %),207500,18996360000,1645900,150482700000.0,392520330,22.98
02/01/2025,-432600,-39722650000.0,91.9(0.77 %),379100,34876000000,811700,74598650000.0,393216683,22.96
03/01/2025,273100,25206450000.0,92(0.11 %),787200,72608920000,514100,47402470000.0,394075441,22.95
06/01/2025,203700,18951840000.0,92.9(0.98 %),593600,55156620000,389900,36204780000.0,394302165,22.95
07/01/2025,-129500,-11958650000.0,92.3(-0.65 %),502400,46568840000,631900,58527490000.0,394302165,22.95
08/01/2025,-171200,-15718050000.0,92.4(0.11 %),146800,13512300000,318000,29230350000.0,394565207,22.94
09/01/2025,-311000,-28584710000.0,91.9(-0.54 %),68400,6287130000,379400,34871840000.0,395128877,22.93
10/01/2025,143000,13155700000.0,91.4(-0.54 %),430100,39549140000,287100,26393440000.0,395035212,22.93
13/01/2025,-104400,-9544260000.0,91.9(0.55 %),99800,9133290000,204200,18677550000.0,395344812,22.93
14/01/2025,-206100,-18835170000.0,91.7(-0.22 %),163100,14903280000,369200,33738450000.0,395446835,22.92
15/01/2025,-111400,-10197620000.0,91.4(-0.33 %),81000,7424280000,192400,17621900000.0,395559060,22.92
16/01/2025,-522200,-48395790000.0,92.7(1.42 %),362000,33526880000,884200,81922670000.0,396081260,0.0
17/01/2025,-622600,-57614090000.0,92.5(-0.22 %),211000,19540410000,833600,77154500000.0,395547723,22.92
20/01/2025,-1257200,-115623330000.0,91.7(-0.86 %),65400,6015340000,1322600,121638670000.0,396366503,22.91
21/01/2025,-340000,-31108780000.0,91.4(-0.33 %),390600,35797220000,730600,66906000000.0,396809596,22.9
22/01/2025,-168200,-15355470000.0,91.2(-0.22 %),225900,20643340000,394100,35998810000.0,397906373,22.88
23/01/2025,567200,52434520000.0,92.5(1.43 %),761900,70443070000,194700,18008550000.0,397875258,22.88
24/01/2025,280700,26033700000.0,92.6(0.11 %),405100,37526850000,124400,11493150000.0,397864258,22.88
03/02/2025,-586700,-53848260000.0,0(0.00 %),57000,5236280000,643700,59084540000.0,398001957,22.88
04/02/2025,-155600,-14307120000.0,92(0.44 %),38700,3556850000,194300,17863970000.0,398087752,22.88
05/02/2025,134800,12514560000.0,92.6(0.65 %),589000,54535990000,454200,42021430000.0,398142507,22.88
06/02/2025,240500,22382250000.0,92.9(0.32 %),604000,56201030000,363500,33818780000.0,397682845,22.88
07/02/2025,-952200,-88554590000.0,93(0.11 %),204200,18978710000,1156400,107533300000.0,397932866,22.88
10/02/2025,-826700,-76298760000.0,92.2(-0.86 %),536400,49545010000,1363100,125843770000.0,397760040,22.88
11/02/2025,-378500,-34814030000.0,91.9(-0.33 %),22500,2068940000,401000,36882970000.0,398873936,22.86
12/02/2025,-415900,-38144640000.0,91.5(-0.44 %),24400,2236030000,440300,40380670000.0,400192547,22.84
13/02/2025,-204600,-18722350000.0,91.6(0.11 %),198400,18170320000,403000,36892670000.0,400384304,22.84
14/02/2025,-374700,-34345910000.0,91.6(0.00 %),34300,3152160000,409000,37498070000.0,400790304,22.83
17/02/2025,-280400,-25678660000.0,91.6(0.00 %),30100,2757980000,310500,28436640000.0,401150299,22.82
18/02/2025,-326200,-29862640000.0,91.6(0.00 %),25900,2372740000,352100,32235380000.0,401545497,22.82
19/02/2025,-393300,-35990430000.0,91.7(0.11 %),180100,16495220000,573400,52485650000.0,401666093,22.81
20/02/2025,-648400,-59600470000.0,91.7(0.00 %),17500,1608320000,665900,61208790000.0,402001809,22.81
21/02/2025,275100,25584020000.0,93.1(1.53 %),612800,56938200000,337700,31354180000.0,401962613,22.81
24/02/2025,-86000,-7897850000.0,93.5(0.43 %),581200,54089150000,667200,61987000000.0,402047313,22.81
25/02/2025,-992800,-92167770000.0,92.6(-0.96 %),110300,10240840000,1103100,102408610000.0,402269756,22.8
26/02/2025,-94200,-8715780000.0,92.3(-0.32 %),109100,10076310000,203300,18792090000.0,402827904,22.79
27/02/2025,-1005900,-94811580000.0,94(1.84 %),79600,7530510000,1085500,102342090000.0,403841476,22.77
28/02/2025,-646300,-60457310000.0,93.3(-0.74 %),62000,5810270000,708300,66267580000.0,403982850,22.77
03/03/2025,-300500,-28047750000.0,93.3(0.00 %),133200,12417490000,433700,40465240000.0,404935149,22.75
04/03/2025,-299900,-27938890000.0,93(-0.32 %),657300,61184650000,957200,89123540000.0,404986311,22.75
05/03/2025,-709800,-66168180000.0,93(0.00 %),370300,34526320000,1080100,100694500000.0,405049681,22.75
06/03/2025,-423000,-39502260000.0,93.5(0.54 %),736400,68907160000,1159400,108409420000.0,405270507,22.75
07/03/2025,373500,35519010000.0,95.1(1.71 %),1329100,125242390000,955600,89723380000.0,405027508,22.75
10/03/2025,-112900,-10892070000.0,96.8(1.79 %),1091600,105523110000,1204500,116415180000.0,405095107,22.75
11/03/2025,-11800,-1087600000.0,96.8(0.00 %),402600,38774230000,414400,39861830000.0,405095107,22.75
12/03/2025,-1287900,-86243560000.0,66.7(3.01 %),234300,15711660000,1522200,101955220000.0,406617940,22.72
13/03/2025,-2389058,-157614731200.0,65.5(-1.80 %),262748,17306720800,2651806,174921452000.0,406769850,22.72
14/03/2025,590800,39340340000.0,66(0.76 %),2070400,137583510000,1479600,98243170000.0,406225156,22.73
17/03/2025,2517400,168697610000.0,67.3(1.97 %),3274200,219421910000,756800,50724300000.0,405602727,22.74
18/03/2025,449900,30383660000.0,66.8(-0.74 %),2194700,147613600000,1744800,117229940000.0,404891535,22.76
19/03/2025,297200,19989260000.0,66.5(-0.45 %),2249800,150349570000,1952600,130360310000.0,403399522,22.78
20/03/2025,-45500,-2918900000.0,66.8(0.45 %),932100,62128350000,977600,65047250000.0,404205720,22.77
21/03/2025,-977900,-64732060000.0,66(-1.20 %),212000,14069530000,1189900,78801590000.0,405934061,22.74
24/03/2025,232100,15362210000.0,66.5(0.76 %),801400,52865730000,569300,37503520000.0,406112842,22.73
25/03/2025,-640700,-42545640000.0,66.2(-0.45 %),198000,13154200000,838700,55699840000.0,407083844,22.72
26/03/2025,46700,3129590000.0,65.8(-0.60 %),205400,13643930000,158700,10514340000.0,407451390,22.71
27/03/2025,-75100,-4932010000.0,65.5(-0.46 %),287500,18912730000,362600,23844740000.0,407973290,22.7
28/03/2025,-933300,-60739810000.0,64.8(-1.07 %),82800,5401400000,1016100,66141210000.0,408035512,22.7
31/03/2025,-206100,-13090510000.0,64(-1.23 %),436700,28180480000,642800,41270990000.0,407963521,22.7
01/04/2025,-362100,-23274490000.0,64.5(0.78 %),470600,30446900000,832700,53721390000.0,408513246,22.69
02/04/2025,-146400,-9256010000.0,64.8(0.47 %),564300,37032780000,710700,46288790000.0,408562397,22.69
03/04/2025,-4355700,-267305150000.0,60.3(-6.94 %),980200,60128290000,5335900,327433440000.0,408406364,22.69
04/04/2025,-6738600,-388890820000.0,60(-0.50 %),2517500,145439700000,9256100,534330520000.0,406569718,22.73
08/04/2025,-2341900,-132493260000.0,55.8(-7.00 %),1442200,81154010000,3784100,213647270000.0,410419445,22.66
09/04/2025,-4769800,-260730490000.0,52.5(-5.91 %),1371100,74816610000,6140900,335547100000.0,418262752,22.52
10/04/2025,7000,392700000.0,56.1(6.86 %),13800,774180000,6800,381480000.0,421945217,22.45
11/04/2025,398500,23715120000.0,59.8(6.60 %),1976600,116970550000,1578100,93255430000.0,426110117,22.38
14/04/2025,-319100,-18978990000.0,59.3(-0.84 %),900600,53422180000,1219700,72401170000.0,425216324,22.39
15/04/2025,1688400,101479030000.0,60(1.18 %),2954200,177235600000,1265800,75756570000.0,423840296,22.42
16/04/2025,-465100,-27623820000.0,59.3(-1.17 %),980800,58393000000,1445900,86016820000.0,625672486,22.51
17/04/2025,-1319200,-77140890000.0,58.1(-2.02 %),369400,21645520000,1688600,98786410000.0,626568829,22.5
18/04/2025,197200,12118230000.0,58.1(0.00 %),712200,42245130000,515000,30126900000.0,627302731,22.49
21/04/2025,-142500,-8308070000.0,58.2(0.17 %),188200,10991070000,330700,19299140000.0,628799560,22.47
22/04/2025,-578600,-32959350000.0,58.5(0.52 %),717900,40914270000,1296500,73873620000.0,628596851,22.48
23/04/2025,-480400,-28237740000.0,58(-0.85 %),367300,21551170000,847700,49788910000.0,628568251,22.48
24/04/2025,264700,15434500000.0,58.2(0.34 %),380500,22185910000,115800,6751410000.0,629484365,22.47
25/04/2025,-139700,-7930790000.0,57.5(-1.20 %),344800,20097360000,484500,28028150000.0,629987207,22.46
28/04/2025,-144300,-8238940000.0,57.5(0.00 %),328100,18981980000,472400,27220920000.0,629774930,22.46
29/04/2025,-246700,-14069720000.0,57.3(-0.35 %),567900,32882000000,814600,46951720000.0,629691480,22.46
05/05/2025,88602,-69115364800.0,57.1(-0.35 %),88602,5074915200,0,74190280000.0,630163902,22.46
06/05/2025,-963900,-55150320000.0,57(-0.18 %),590700,33974060000,1554600,89124380000.0,630978502,22.45
07/05/2025,-1013400,-57866160000.0,57(0.00 %),519200,29710490000,1532600,87576650000.0,632185500,22.43
08/05/2025,-1050600,-59879380000.0,57.1(0.18 %),502000,28770300000,1552600,88649680000.0,633149425,22.42
09/05/2025,-3238800,-184354730000.0,56.6(-0.88 %),366000,20891350000,3604800,205246080000.0,634162998,22.41
12/05/2025,-3920700,-222469490000.0,56.6(0.00 %),242200,13762730000,4162900,236232220000.0,635213554,22.4
13/05/2025,-4599800,-261716330000.0,56.8(0.35 %),1039000,59187530000,5638800,320903860000.0,638452503,22.36
14/05/2025,826000,47963190000.0,58.7(3.35 %),1735600,101189550000,909600,53226360000.0,641547950,22.32
15/05/2025,2468463,3378657300.0,58.7(0.00 %),2468463,145963795400,0,142585138100.0,646091894,22.27
16/05/2025,283320,-416256264450.0,57.5(-2.04 %),283320,16475961500,0,432732225950.0,646091894,22.27
19/05/2025,223900,-16813898300.0,57(-0.87 %),223900,12844710000,0,29658608300.0,646091894,22.27
20/05/2025,35183,-35078715800.0,57.1(0.18 %),35183,2011945900,0,37090661700.0,653325980,22.18
21/05/2025,311005,-48795847700.0,57.1(0.00 %),311005,17822497000,0,66618344700.0,653620167,22.18
22/05/2025,443260,4783310500.0,56.9(-0.35 %),443260,25332453100,0,20549142600.0,654152281,22.17
23/05/2025,-7200,-419020000.0,56.8(-0.18 %),428700,24365140000,435900,24784160000.0,655005434,22.16
26/05/2025,728555,-15180783600.0,57(0.35 %),728555,41257284000,0,56438067600.0,655005434,22.16
27/05/2025,-1758300,-99952350000.0,56.8(-0.35 %),415500,23620560000,2173800,123572910000.0,655012649,22.16
28/05/2025,389940,-62396453100.0,56.8(0.00 %),389940,22228390000,0,84624843100.0,655283680,22.16
29/05/2025,405240,-36333595500.0,56.7(-0.18 %),405240,23098268000,0,59431863500.0,657042289,22.14
30/05/2025,396100,-21351172200.0,56.4(-0.53 %),396100,22415840000,0,43767012200.0,658137281,22.12
02/06/2025,414151,-9257593400.0,56.2(-0.35 %),414151,23283156400,0,32540749800.0,658776321,22.12
03/06/2025,323806,10067922700.0,56.8(1.07 %),323806,18370600200,0,8302677500.0,658976513,22.11
04/06/2025,8601,-14812857200.0,56.6(-0.35 %),8601,487906900,0,15300764100.0,659141208,22.11
05/06/2025,80000,-11545666600.0,56.3(-0.53 %),80000,4516070000,0,16061736600.0,659141908,22.11
06/06/2025,27700,-40800093700.0,56.1(-0.36 %),27700,1557350000,0,42357443700.0,659402987,22.11
09/06/2025,52150,-8241545000.0,55.9(-0.36 %),52150,2925095000,0,11166640000.0,659607371,22.11
10/06/2025,24230,-19766305700.0,55.9(0.00 %),24230,1357013000,0,21123318700.0,660333170,22.1
11/06/2025,-922800,-51550080000.0,55.7(-0.36 %),17800,993510000,940600,52543590000.0,660480220,22.1
12/06/2025,-890700,-49704990000.0,56(0.54 %),64000,3577380000,954700,53282370000.0,660833011,22.09
13/06/2025,378300,21212900000.0,56.2(0.36 %),806400,45307000000,428100,24094100000.0,661377693,22.08
16/06/2025,340100,19254730000.0,56.6(0.71 %),1080000,61074280000,739900,41819550000.0,661928477,22.08
17/06/2025,1545900,88274360000.0,57.2(1.06 %),1595700,91120650000,49800,2846290000.0,660386181,22.1
18/06/2025,122000,6912280000.0,56.7(-0.87 %),239800,13629550000,117800,6717270000.0,660264244,22.1
19/06/2025,-49500,-2807110000.0,56.6(-0.18 %),216400,12259850000,265900,15066960000.0,660264244,22.1
20/06/2025,1689300,96557560000.0,57.1(0.88 %),3218800,183735770000,1529500,87178210000.0,658574960,22.12
23/06/2025,-175700,-9961400000.0,56.6(-0.88 %),10300,583190000,186000,10544590000.0,658624554,22.12
24/06/2025,-1352200,-76655300000.0,56.6(0.00 %),88300,5007820000,1440500,81663120000.0,658624554,22.12
25/06/2025,-768300,-43553510000.0,56.6(0.00 %),315100,17895220000,1083400,61448730000.0,658797453,22.12
26/06/2025,-686700,-38752000000.0,56.4(-0.35 %),403300,22822310000,1090000,61574310000.0,660149679,22.1
27/06/2025,-187100,-10513140000.0,56.7(0.53 %),375500,21355470000,562600,31868610000.0,660918049,22.09
30/06/2025,-1465,-2699045.0,57(0.53 %),3071,6562365,4536,9261410.0,661604889,22.08
01/07/2025,539200,30979680000.0,58.2(2.11 %),1127000,65323760000,587800,34344080000.0,661253018,22.09
02/07/2025,-909200,-52640700000.0,58(-0.34 %),14300,829760000,923500,53470460000.0,661343355,22.09
03/07/2025,1390900,81219940000.0,57.9(-0.17 %),1458700,85176720000,67800,3956780000.0,659952353,22.1
04/07/2025,660800,38422510000.0,58.4(0.86 %),1042100,60619400000,381300,22196890000.0,660200786,22.1
07/07/2025,-2364200,-138255950000.0,58.6(0.34 %),1549000,90616340000,3913200,228872290000.0,660200786,22.1
08/07/2025,-1785300,-104964230000.0,59(0.68 %),3131900,184964240000,4917200,289928470000.0,660200786,22.1
09/07/2025,4190200,255260520000.0,61.5(4.24 %),4958000,302200040000,767800,46939520000.0,658364131,22.12
10/07/2025,1322500,81329470000.0,61.4(-0.16 %),2566300,157852940000,1243800,76523470000.0,658364131,22.12
11/07/2025,1512100,94790900000.0,62.7(2.12 %),3281300,205582030000,1769200,110791130000.0,657314990,22.13
14/07/2025,593900,36781870000.0,62.4(-0.48 %),1060800,65905320000,466900,29123450000.0,656721019,22.14
15/07/2025,-178300,-11110720000.0,61.4(-1.60 %),194400,12076630000,372700,23187350000.0,656721019,22.14
16/07/2025,-1830400,-112597000000.0,61.8(0.65 %),505500,31029340000,2335900,143626340000.0,656714519,22.14
17/07/2025,513400,32082710000.0,62.2(0.65 %),1717800,107023180000,1204400,74940470000.0,656714519,22.14
18/07/2025,-1555200,-96561470000.0,61.9(-0.48 %),401400,24925210000,1956600,121486680000.0,658702613,22.12
21/07/2025,-2382300,-147045640000.0,61.3(-0.97 %),494800,30694990000,2877100,177740630000.0,662291001,22.07
22/07/2025,973700,60229070000.0,62.2(1.47 %),1249200,77288390000,275500,17059320000.0,662872821,22.07
23/07/2025,-148700,-9229490000.0,62.1(-0.16 %),566300,35190470000,715000,44419960000.0,665254504,22.04
24/07/2025,-1396700,-87251670000.0,62.1(0.00 %),1177200,73705260000,2573900,160956930000.0,665254504,22.04
25/07/2025,-1549200,-96186210000.0,62(-0.16 %),288900,17933360000,1838100,114119570000.0,665403441,22.04
28/07/2025,-418600,-26358350000.0,62.8(1.29 %),1809300,113168730000,2227900,139527080000.0,666877786,22.02
29/07/2025,-960500,-59681070000.0,61(-2.87 %),2030500,125215180000,2991000,184896250000.0,668424504,22.0
30/07/2025,-1316300,-80425300000.0,60.9(-0.16 %),619700,37853150000,1936000,118278450000.0,668843347,22.0
31/07/2025,-2076200,-125524510000.0,60.2(-1.15 %),309500,18857980000,2385700,144382490000.0,669803676,21.98
01/08/2025,-625500,-37517500000.0,60.2(0.00 %),171500,10309370000,797000,47826870000.0,671120133,21.97
04/08/2025,456300,27581930000.0,61.1(1.50 %),1122700,68139330000,666400,40557400000.0,672740407,21.95
05/08/2025,2060600,128139930000.0,61.5(0.65 %),5500500,342392470000,3439900,214252540000.0,671305437,21.97
06/08/2025,396400,24739720000.0,62.3(1.30 %),921400,57448300000,525000,32708580000.0,670909323,21.97
07/08/2025,-2055500,-126891300000.0,61.7(-0.96 %),899600,55652050000,2955100,182543350000.0,670901223,21.97
08/08/2025,-1696100,-105934640000.0,61.9(0.32 %),1489800,92449350000,3185900,198383990000.0,670901223,21.97
11/08/2025,-103400,-6375250000.0,62.5(0.97 %),1023100,63975590000,1126500,70350840000.0,672953440,21.95
12/08/2025,-895900,-56593840000.0,63(0.80 %),1346200,85332460000,2242100,141926300000.0,674645469,21.93
13/08/2025,-780400,-49063970000.0,62.5(-0.79 %),646300,40355050000,1426700,89419020000.0,674748919,21.92
14/08/2025,-422500,-27765020000.0,0(0.00 %),1253700,80560620000,1676200,108325640000.0,675643515,21.91
15/08/2025,-3409600,-222043520000.0,64.3(-1.38 %),1951200,128682260000,5360800,350725780000.0,676423992,21.9
18/08/2025,1883600,122161000000.0,64.5(0.31 %),3302800,213814370000,1419200,91653370000.0,674963340,21.92
19/08/2025,-686200,-44014830000.0,64.2(-0.47 %),729800,47204190000,1416000,91219020000.0,678373120,21.88
20/08/2025,-917100,-57927220000.0,63(-1.87 %),828000,52461290000,1745100,110388510000.0,678354220,21.88
21/08/2025,-347900,-22450060000.0,64.2(1.90 %),1088600,69936260000,1436500,92386320000.0,679040037,21.87
22/08/2025,-1407500,-92573580000.0,64.6(0.62 %),2077200,135910670000,3484700,228484250000.0,679040037,21.87
25/08/2025,-1139000,-74526280000.0,63.6(-1.55 %),836200,53363390000,1975200,127889670000.0,679957173,21.86
26/08/2025,-631300,-40274200000.0,0(-100.00 %),796000,50600380000,1427300,90874580000.0,680458105,21.86
