Ngay,KLGDRong,GTDGRong,ThayDoi,KLMua,GtMua,KLBan,GtBan,RoomConLai,DangSoHuu
01/01/2007,3349528,205995220000,0(0.00 %),47918700,2100380630000,44569172,1894385410000,0,0.0
01/03/2007,-395080,-101883000000,0(0.00 %),1203060,174554000000,1598140,276437000000,0,0.0
02/03/2007,6144480,606610000000,0(0.00 %),7196950,765200000000,1052470,158590000000,0,0.0
05/03/2007,706320,168594000000,0(0.00 %),1846540,319597000000,1140220,151003000000,0,0.0
06/03/2007,-1522210,-246007000000,0(0.00 %),1590480,257852000000,3112690,503859000000,0,0.0
07/03/2007,-1063770,-139799549000,0(0.00 %),596490,83799451000,1660260,223599000000,0,0.0
08/03/2007,-1393520,-184682000000,0(0.00 %),868180,135767000000,2261700,320449000000,0,0.0
09/03/2007,-495100,-27645000000,0(0.00 %),1827290,240912000000,2322390,268557000000,0,0.0
12/03/2007,656740,108207000000,0(0.00 %),1875030,236037000000,1218290,127830000000,0,0.0
13/03/2007,-319380,-22031000000,0(0.00 %),1471800,212808000000,1791180,234839000000,0,0.0
14/03/2007,-565710,-70607422000,1114.21(-3.80 %),571000,70655578000,1136710,141263000000,0,0.0
15/03/2007,-214350,-46413000000,1065.52(-4.37 %),1007410,113146000000,1221760,159559000000,0,0.0
16/03/2007,-500130,-75437415000,1109.76(4.15 %),243290,31396585000,743420,106834000000,0,0.0
19/03/2007,-1408500,-124047000000,1133.34(2.12 %),587651,102584000000,1996151,226631000000,0,0.0
20/03/2007,665330,99718425000,1117.25(-1.42 %),1279960,194261000000,614630,94542575000,0,0.0
21/03/2007,-520480,-58398000000,1111.63(-0.50 %),653860,105988000000,1174340,164386000000,0,0.0
22/03/2007,-406200,26173000000,1099.82(-1.06 %),927420,159495000000,1333620,133322000000,0,0.0
23/03/2007,-317070,-47415000000,1090.56(-0.84 %),963210,155045000000,1280280,202460000000,0,0.0
26/03/2007,421840,132916000000,1072.16(-1.69 %),1657650,249562000000,1235810,116646000000,0,0.0
27/03/2007,1334000,192957780000,1034.24(-3.54 %),1744830,244042000000,410830,51084220000,0,0.0
28/03/2007,-1008070,-98706351000,1031.79(-0.24 %),327960,40194649000,1336030,138901000000,0,0.0
29/03/2007,-1194590,-48207000000,1068.71(3.58 %),809400,155567000000,2003990,203774000000,0,0.0
30/03/2007,494230,161397000000,1071.33(0.25 %),1847090,291221000000,1352860,129824000000,0,0.0
02/04/2007,1324960,179290350000,1055.1(-1.51 %),2349880,271871000000,1024920,92580650000,0,0.0
03/04/2007,879130,117473650000,1027.53(-2.61 %),996700,134013000000,117570,16539350000,0,0.0
04/04/2007,660320,87897445000,1050.9(2.27 %),817120,108913000000,156800,21015555000,0,0.0
05/04/2007,1196530,180593502000,1048.98(-0.18 %),1378910,193205000000,182380,12611498000,0,0.0
06/04/2007,611670,64133000000,1033.92(-1.44 %),1142710,170848000000,531040,106715000000,0,0.0
09/04/2007,326850,53173022000,1041.36(0.72 %),433870,63192833000,107020,10019811000,0,0.0
10/04/2007,569400,86290850000,1039.67(-0.16 %),658930,107698000000,89530,21407150000,0,0.0
11/04/2007,269230,52692939000,1034.68(-0.48 %),367430,66552159000,98200,13859220000,0,0.0
12/04/2007,641680,92374150000,1027.58(-0.69 %),687120,101743000000,45440,9368850000,0,0.0
13/04/2007,1185670,131236072000,1012.98(-1.42 %),1421360,207108000000,235690,75871928000,0,0.0
16/04/2007,1551090,239547155000,983(-2.96 %),1853440,291730000000,302350,52182845000,0,0.0
17/04/2007,674390,86301815000,965.72(-1.76 %),1197490,150316000000,523100,64014185000,0,0.0
18/04/2007,153250,-581136000,1001.12(3.67 %),512850,62717860000,359600,63298996000,0,0.0
19/04/2007,1093780,117489980000,998.09(-0.30 %),1594520,186072000000,500740,68582020000,0,0.0
20/04/2007,-208670,-117000342000,968.88(-2.93 %),769860,87721658000,978530,204722000000,0,0.0
23/04/2007,100540,-13554446000,931.18(-3.89 %),727060,89858554000,626520,103413000000,0,0.0
24/04/2007,-836970,-46558523000,905.53(-2.75 %),678410,92072477000,1515380,138631000000,0,0.0
25/04/2007,238450,8361000000,923.89(2.03 %),2761220,423642000000,2522770,415281000000,0,0.0
02/05/2007,1272890,171966000000,935.48(1.25 %),2221370,305821000000,948480,133855000000,0,0.0
03/05/2007,998720,147325205000,937.46(0.21 %),1604640,234479000000,605920,87153795000,0,0.0
04/05/2007,715750,116621429000,947.19(1.04 %),1047370,159879000000,331620,43257571000,0,0.0
07/05/2007,1072931,142479701000,983.62(3.85 %),1665581,227907000000,592650,85427299000,0,0.0
08/05/2007,1643360,259303902000,1015.43(3.23 %),2258540,317461000000,615180,58157098000,0,0.0
09/05/2007,1834890,276807647000,1019.96(0.45 %),2525250,374611000000,690360,97803353000,0,0.0
10/05/2007,1305090,209128106000,1020.04(0.01 %),1675430,242174000000,370340,33045894000,0,0.0
11/05/2007,503740,74241000000,1039.63(1.92 %),1377110,217848000000,873370,143607000000,0,0.0
14/05/2007,817730,48661000000,1066.04(2.54 %),1246570,154054000000,428840,105393000000,0,0.0
15/05/2007,1262770,150386000000,1054.69(-1.06 %),2042620,274797000000,779850,124411000000,0,0.0
16/05/2007,768350,64232000000,1040.99(-1.30 %),1374930,177062000000,606580,112830000000,0,0.0
17/05/2007,535690,99074685000,1059.79(1.81 %),1341260,190150000000,805570,91075315000,0,0.0
18/05/2007,707340,53730139000,1066.56(0.64 %),1291800,143901000000,584460,90170861000,0,0.0
21/05/2007,1000690,123691600000,1085.41(1.77 %),1195180,164987000000,194490,41295400000,0,0.0
22/05/2007,861800,122654970000,1107.52(2.04 %),1385690,193890000000,523890,71235030000,0,0.0
23/05/2007,1553000,206652358000,1113.19(0.51 %),2131490,277223000000,578490,70570642000,0,0.0
24/05/2007,756120,105942634000,1085.3(-2.51 %),1141180,168773000000,385060,62830366000,0,0.0
25/05/2007,-350,13471000000,1089.6(0.40 %),848840,116993000000,849190,103522000000,0,0.0
28/05/2007,724950,93792000000,1098.64(0.83 %),1419760,209818000000,694810,116026000000,0,0.0
29/05/2007,216450,54592322000,1093.77(-0.44 %),692550,112349000000,476100,57756678000,0,0.0
30/05/2007,57250,35288793000,1077.88(-1.45 %),517720,87939007000,460470,52650214000,0,0.0
31/05/2007,49710,-1242000000,1081.48(0.33 %),1167730,175972000000,1118020,177214000000,0,0.0
01/06/2007,717460,113884521000,1077.36(-0.38 %),1115190,165462000000,397730,51577479000,0,0.0
04/06/2007,562710,92628235000,1062.1(-1.42 %),900690,142886000000,337980,50257765000,0,0.0
05/06/2007,-600,42266308000,1039.66(-2.11 %),659080,104080000000,659680,61813692000,0,0.0
06/06/2007,-121550,-12293863000,1045.29(0.54 %),832260,96574137000,953810,108868000000,0,0.0
07/06/2007,-128020,451882000,1060.02(1.41 %),769240,86890605000,897260,86438723000,0,0.0
08/06/2007,234650,77629000000,1057.36(-0.25 %),1496580,202013000000,1261930,124384000000,0,0.0
11/06/2007,292130,75808858000,1040.75(-1.57 %),1172420,166843000000,880290,91034142000,0,0.0
12/06/2007,429560,58113434000,1036.54(-0.40 %),1215990,154214000000,786430,96100566000,0,0.0
13/06/2007,373160,5736000000,1038.8(0.22 %),1213530,179372000000,840370,173636000000,0,0.0
14/06/2007,593590,68032000000,1042.79(0.38 %),1495110,260004000000,901520,191972000000,0,0.0
15/06/2007,781100,85702000000,1048.19(0.52 %),1531840,218582000000,750740,132880000000,0,0.0
18/06/2007,-43940,-6557000000,1043.99(-0.40 %),1346880,205479000000,1390820,212036000000,0,0.0
19/06/2007,651020,75891000000,1049.58(0.54 %),1439700,196748000000,788680,120857000000,0,0.0
20/06/2007,421120,63572000000,1045.28(-0.41 %),1368120,191559000000,947000,127987000000,0,0.0
21/06/2007,61220,3543000000,1034.43(-1.04 %),838160,108496000000,776940,104953000000,0,0.0
22/06/2007,688730,86374000000,1033.69(-0.07 %),1345850,203131000000,657120,116757000000,0,0.0
25/06/2007,960430,125192426000,1044.39(1.04 %),1248860,169524000000,288430,44331574000,0,0.0
26/06/2007,776770,93407790000,1055.7(1.08 %),1256580,158099000000,479810,64691210000,0,0.0
27/06/2007,225290,-2416524000,1032.96(-2.15 %),705420,85351610000,480130,87768134000,0,0.0
28/06/2007,466680,42463897000,1024.04(-0.86 %),1029090,124129000000,562410,81665103000,0,0.0
29/06/2007,849890,94651397000,1024.68(0.06 %),1118860,152772000000,268970,58120603000,0,0.0
02/07/2007,1040080,180683282000,994.17(-2.98 %),1673370,252047000000,633290,71363718000,0,0.0
03/07/2007,492240,140127762000,977.3(-1.70 %),1526910,205601000000,1034670,65473238000,0,0.0
04/07/2007,666740,132145537000,1013.56(3.71 %),1186280,174934000000,519540,42788463000,0,0.0
05/07/2007,2810190,328895690000,1012.82(-0.07 %),3011130,360723000000,200940,31827310000,0,0.0
06/07/2007,839290,111072000000,1010.53(-0.23 %),2279238,526013000000,1439948,414941000000,0,0.0
09/07/2007,893920,139122549000,1010.27(-0.03 %),1400820,212424000000,506900,73301451000,0,0.0
10/07/2007,591160,81265040000,1023.04(1.26 %),910800,128948000000,319640,47682960000,0,0.0
11/07/2007,461800,64648595000,1029.85(0.67 %),728450,108853000000,266650,44204405000,0,0.0
12/07/2007,660620,74262348000,1017.68(-1.18 %),852330,93789283000,191710,19526935000,0,0.0
13/07/2007,-356890,-185471000000,1015.73(-0.19 %),912380,145576000000,1269270,331047000000,0,0.0
16/07/2007,203900,-9280000000,995.83(-1.96 %),1489920,317819000000,1286020,327099000000,0,0.0
17/07/2007,-12990,-59126000000,1000.33(0.45 %),742470,113171000000,755460,172297000000,0,0.0
18/07/2007,184520,-34032000000,994.73(-0.56 %),945440,143872000000,760920,177904000000,0,0.0
19/07/2007,175750,13844672000,984.43(-1.04 %),539560,68002950000,363810,54158278000,0,0.0
20/07/2007,50510,-22816590000,981.31(-0.32 %),679170,89383410000,628660,112200000000,0,0.0
23/07/2007,688340,118078450000,979.23(-0.21 %),876938,142961000000,188598,24882550000,0,0.0
24/07/2007,455800,68003708000,982.43(0.33 %),1203830,158310000000,748030,90306292000,0,0.0
25/07/2007,1275900,181360696000,972.56(-1.00 %),1916630,247845000000,640730,66484304000,0,0.0
26/07/2007,503580,65283170000,956.13(-1.69 %),858000,105084000000,354420,39800830000,0,0.0
27/07/2007,-1044160,-77555177000,940.36(-1.65 %),449230,62617823000,1493390,140173000000,0,0.0
30/07/2007,-620180,-15990963000,925.44(-1.59 %),489920,81051438000,1110100,97042401000,0,0.0
31/07/2007,655970,66450000000,907.95(-1.89 %),1701970,225270000000,1046000,158820000000,0,0.0
01/08/2007,-230180,-15242000000,923.14(1.67 %),918460,122482000000,1148640,137724000000,0,0.0
02/08/2007,361820,52392000000,911.18(-1.30 %),1312790,158173000000,950970,105781000000,0,0.0
03/08/2007,502020,86484759000,892.88(-2.01 %),1008230,131916000000,506210,45431241000,0,0.0
06/08/2007,624390,64616715000,883.9(-1.01 %),760300,83858878000,135910,19242163000,0,0.0
07/08/2007,503150,75828216000,896.91(1.47 %),962220,149951000000,459070,74122784000,0,0.0
08/08/2007,772040,114640901000,910.05(1.47 %),1230380,178382000000,458340,63741099000,0,0.0
09/08/2007,373720,49146382000,938.21(3.09 %),960210,114232000000,586490,65085618000,0,0.0
10/08/2007,643840,96895891000,935.68(-0.27 %),1228670,178100000000,584830,81204109000,0,0.0
13/08/2007,13360,1620593000,909.15(-2.84 %),475690,65656884000,462330,64036291000,0,0.0
14/08/2007,70750,19413624000,923.15(1.54 %),609400,93512736000,538650,74099112000,0,0.0
15/08/2007,195240,33917013000,915.34(-0.85 %),373700,62552073000,178460,28635060000,0,0.0
16/08/2007,-220380,-14075257000,900.26(-1.65 %),418540,69415540000,638920,83490797000,0,0.0
17/08/2007,111690,20598088000,887.93(-1.37 %),517580,75999435000,405890,55401347000,0,0.0
20/08/2007,214370,30645000000,890.02(0.24 %),1323060,160707000000,1108690,130062000000,0,0.0
21/08/2007,2169810,155656358000,895.72(0.64 %),2691860,210967000000,522050,55310642000,0,0.0
22/08/2007,1122430,75736816000,892.07(-0.41 %),1312340,116009000000,189910,40272184000,0,0.0
23/08/2007,525890,58739402000,887.62(-0.50 %),1312070,114974000000,786180,56234598000,0,0.0
24/08/2007,392260,86326000000,905.48(2.01 %),1731240,215776000000,1338980,129450000000,0,0.0
27/08/2007,978970,93319866000,909.07(0.40 %),1440300,153249000000,461330,59929134000,0,0.0
28/08/2007,760670,81166736000,902.58(-0.71 %),1438010,169425000000,677340,88258264000,0,0.0
29/08/2007,361090,49754434000,901.17(-0.16 %),1029610,110282000000,668520,60527566000,0,0.0
30/08/2007,431560,53438561000,903.94(0.31 %),726640,96410834000,295080,42972273000,0,0.0
31/08/2007,408400,20364000000,908.37(0.49 %),1858210,174668000000,1449810,154304000000,0,0.0
04/09/2007,698610,58866753000,929.85(2.36 %),1528170,155815000000,829560,96948247000,0,0.0
05/09/2007,1653130,117520000000,925.57(-0.46 %),2833920,270250000000,1180790,152730000000,0,0.0
06/09/2007,352140,37325055000,928.36(0.30 %),1053120,114135000000,700980,76809945000,0,0.0
07/09/2007,350640,29258180000,934.13(0.62 %),884840,87546744000,534200,58288564000,0,0.0
10/09/2007,-163620,-13066159000,927.14(-0.75 %),518270,47738501000,681890,60804660000,0,0.0
11/09/2007,373620,27927058000,920.48(-0.72 %),597970,55720935000,224350,27793877000,0,0.0
12/09/2007,206930,28412783000,921.19(0.08 %),667880,66444641000,460950,38031858000,0,0.0
13/09/2007,652670,58726755000,921.31(0.01 %),787820,80044505000,135150,21317750000,0,0.0
14/09/2007,587800,91166242000,930.46(0.99 %),849140,119120000000,261340,27953758000,0,0.0
17/09/2007,624210,92917035000,934.74(0.46 %),820770,114774000000,196560,21856965000,0,0.0
18/09/2007,358810,58017175000,935.17(0.05 %),531750,75558450000,172940,17541275000,0,0.0
19/09/2007,941870,111874358000,946.22(1.18 %),1508350,160172000000,566480,48297642000,0,0.0
20/09/2007,1115590,139213630000,963.61(1.84 %),1959250,211350000000,843660,72136370000,0,0.0
21/09/2007,1711750,212830771000,958.67(-0.51 %),2057000,238110000000,345250,25279229000,0,0.0
24/09/2007,624200,30996000000,975.82(1.79 %),1508470,134116000000,884270,103120000000,0,0.0
25/09/2007,1531780,173844000000,1009.88(3.49 %),2393810,293221000000,862030,119377000000,0,0.0
26/09/2007,1724850,184156884000,1015.91(0.60 %),2171720,238624000000,446870,54467116000,0,0.0
27/09/2007,1835490,270611865000,1014.09(-0.18 %),2107040,308226000000,271550,37614135000,0,0.0
28/09/2007,1797880,286571000000,1046.86(3.23 %),2681560,390442000000,883680,103871000000,0,0.0
01/10/2007,471430,89965000000,1084.39(3.59 %),6624400,540496000000,6152970,450531000000,0,0.0
02/10/2007,1821890,340375000000,1099.48(1.39 %),2879410,474112000000,1057520,133737000000,0,0.0
03/10/2007,1315850,271934068000,1106.6(0.65 %),1969810,358031000000,653960,86096932000,0,0.0
04/10/2007,-410700,29622000000,1087.76(-1.70 %),2181670,312691000000,2592370,283069000000,0,0.0
05/10/2007,985538,72090000000,1081.63(-0.56 %),2390750,309053000000,1405212,236963000000,0,0.0
08/10/2007,983630,72121780000,1084.87(0.30 %),1556580,161751000000,572950,89629220000,0,0.0
09/10/2007,773450,98680657000,1097.36(1.15 %),1416840,174606000000,643390,75925343000,0,0.0
10/10/2007,1089110,156627729000,1104.67(0.67 %),2035440,251418000000,946330,94790271000,0,0.0
11/10/2007,1312110,149412202000,1099.31(-0.49 %),2012360,225798000000,700250,76385798000,0,0.0
12/10/2007,1201690,160016000000,1104.61(0.48 %),1827070,264827000000,625380,104811000000,0,0.0
15/10/2007,807560,92222109000,1105.21(0.05 %),1367980,173818000000,560420,81595891000,0,0.0
16/10/2007,47110,23225000000,1103.88(-0.12 %),1205120,177402000000,1158010,154177000000,0,0.0
17/10/2007,19380,4461000000,1101.29(-0.23 %),873330,120041000000,853950,115580000000,0,0.0
18/10/2007,748210,140446000000,1088.68(-1.15 %),1867750,266288000000,1119540,125842000000,0,0.0
19/10/2007,204580,31129000000,1097.07(0.77 %),1163910,144169000000,959330,113040000000,0,0.0
22/10/2007,29280,-17370000000,1085.74(-1.03 %),865020,107398000000,835740,124768000000,0,0.0
23/10/2007,492780,82750000000,1075.29(-0.96 %),1684690,258893000000,1191910,176143000000,0,0.0
24/10/2007,1258320,157463000000,1096.2(1.94 %),2446700,309155000000,1188380,151692000000,0,0.0
25/10/2007,1402170,232258000000,1095.53(-0.06 %),2381540,354500000000,979370,122242000000,0,0.0
26/10/2007,1247790,148239244000,1092.48(-0.28 %),1969180,229736000000,721390,81496756000,0,0.0
29/10/2007,394990,163615000000,1064.2(-2.59 %),2989260,562482000000,2594270,398867000000,0,0.0
30/10/2007,1399050,183047000000,1069.78(0.52 %),2764910,402538000000,1365860,219491000000,0,0.0
31/10/2007,1021880,136867000000,1065.09(-0.44 %),3097950,354225000000,2076070,217358000000,0,0.0
01/11/2007,601570,74631787000,1075.92(1.02 %),1270450,164183000000,668880,89551213000,0,0.0
02/11/2007,160240,-51489000000,1066.63(-0.86 %),978850,120435000000,818610,171924000000,0,0.0
05/11/2007,833530,107828000000,1047.15(-1.83 %),3254420,419506000000,2420890,311678000000,0,0.0
06/11/2007,971050,91664000000,1031.71(-1.47 %),2365710,280673000000,1394660,189009000000,0,0.0
07/11/2007,169550,-52682000000,1031.2(-0.05 %),1725880,162552000000,1556330,215234000000,0,0.0
08/11/2007,231100,15282994000,1026.47(-0.46 %),695030,75849265000,463930,60566271000,0,0.0
09/11/2007,1742820,234963098000,1018.29(-0.80 %),2669870,313045000000,927050,78081902000,0,0.0
12/11/2007,2072250,216874450000,1006.12(-1.20 %),2800500,301769000000,728250,84894550000,0,0.0
13/11/2007,2148690,194994000000,973.59(-3.23 %),3629630,334803000000,1480940,139809000000,0,0.0
14/11/2007,-1097440,-142245000000,993.75(2.07 %),2394410,247678000000,3491850,389923000000,0,0.0
15/11/2007,1298860,163229000000,1002.71(0.90 %),2372520,274530000000,1073660,111301000000,0,0.0
16/11/2007,694060,98945480000,998.22(-0.45 %),1455610,173917000000,761550,74971520000,0,0.0
19/11/2007,1131330,147839240000,998.75(0.05 %),1627050,194112000000,495720,46272760000,0,0.0
20/11/2007,343650,45644000000,983.52(-1.52 %),1209240,155981000000,865590,110337000000,0,0.0
21/11/2007,753680,52111000000,971.49(-1.22 %),1618620,177430000000,864940,125319000000,0,0.0
22/11/2007,326140,48348620000,977.17(0.58 %),1082130,125042000000,755990,76693380000,0,0.0
23/11/2007,709587,-7700000000,975.92(-0.13 %),1751507,143156000000,1041920,150856000000,0,0.0
26/11/2007,551240,98452164000,991.38(1.58 %),1460210,181375000000,908970,82922836000,0,0.0
27/11/2007,1010630,135256181000,988.08(-0.33 %),1473600,197630000000,462970,62373819000,0,0.0
28/11/2007,306450,47182000000,984.57(-0.36 %),1640368,300087000000,1333918,252905000000,0,0.0
29/11/2007,4130,-29533711000,980.09(-0.46 %),787130,89296289000,783000,118830000000,0,0.0
30/11/2007,63940,-2699000000,972.35(-0.79 %),1571060,193486000000,1507120,196185000000,0,0.0
03/12/2007,469340,49003926000,987.96(1.61 %),902540,103483000000,433200,54479074000,0,0.0
04/12/2007,869560,90192333000,988.91(0.10 %),1351050,157118000000,481490,66925667000,0,0.0
05/12/2007,1004350,134574852000,976.21(-1.28 %),1592070,204037000000,587720,69462148000,0,0.0
06/12/2007,914620,116842910000,974.46(-0.18 %),1342970,160368000000,428350,43525090000,0,0.0
07/12/2007,295090,26818517000,974.63(0.02 %),727210,78855897000,432120,52037380000,0,0.0
10/12/2007,181700,42497009000,958.48(-1.66 %),679690,90314179000,497990,47817170000,0,0.0
11/12/2007,668270,72403027000,941.04(-1.82 %),921420,100894000000,253150,28490973000,0,0.0
12/12/2007,363960,29918347000,946.32(0.56 %),740430,69364581000,376470,39446234000,0,0.0
13/12/2007,772170,91794406000,930.36(-1.69 %),1155950,128445000000,383780,36650594000,0,0.0
14/12/2007,-451740,-55549786000,922.09(-0.89 %),299440,29875523000,751180,85425309000,0,0.0
17/12/2007,605280,69169129000,911.15(-1.19 %),1133420,135827000000,528140,66657871000,0,0.0
18/12/2007,1410090,127014108000,919.6(0.93 %),1943290,190711000000,533200,63696892000,0,0.0
19/12/2007,293580,15938000000,946.78(2.96 %),1088070,116917000000,794490,100979000000,0,0.0
20/12/2007,623510,78624082000,930.45(-1.72 %),861510,110006000000,238000,31381918000,0,0.0
21/12/2007,386820,63648307000,935.07(0.50 %),873470,120225000000,486650,56576693000,0,0.0
24/12/2007,418780,44378714390,930.86(-0.45 %),959490,101344000000,540710,56965285610,0,0.0
25/12/2007,625530,48282865000,918.43(-1.34 %),1537640,125672000000,912110,77389135000,0,0.0
26/12/2007,620320,64872533000,924.37(0.65 %),815640,90288738000,195320,25416205000,0,0.0
27/12/2007,424670,55727962000,921.75(-0.28 %),765620,98393180000,340950,42665218000,0,0.0
28/12/2007,129700,-845929000,927.02(0.57 %),847350,90136026000,717650,90981955000,0,0.0
02/01/2008,938860,74108179000,921.07(-0.64 %),1560112,140585000000,621252,66476821000,0,0.0
03/01/2008,-78180,-18320539000,908.25(-1.39 %),632650,68574360000,710830,86894899000,0,0.0
04/01/2008,97270,-5132289000,903.09(-0.57 %),512420,56321331000,415150,61453620000,0,0.0
07/01/2008,874370,89154093000,887.08(-1.77 %),1253180,139432000000,378810,50277907000,0,0.0
08/01/2008,902290,105484269000,893.74(0.75 %),1267960,145311000000,365670,39826731000,0,0.0
09/01/2008,790910,76142316000,878.41(-1.72 %),954240,96828202000,163330,20685886000,0,0.0
10/01/2008,-752480,-123272000000,850.07(-3.23 %),1093310,111338000000,1845790,234610000000,0,0.0
11/01/2008,511920,65133126000,860.77(1.26 %),940800,106219000000,428880,41085874000,0,0.0
14/01/2008,851500,107490606000,841(-2.30 %),1754320,172096000000,902820,64605394000,0,0.0
15/01/2008,472070,55113872000,808.83(-3.83 %),1074470,116509000000,602400,61395128000,0,0.0
16/01/2008,-1970780,-181656470000,846.07(4.60 %),517880,46044530000,2488660,227701000000,0,0.0
17/01/2008,-49670,13585000000,833.81(-1.45 %),962460,117972000000,1012130,104387000000,0,0.0
18/01/2008,249260,33276092000,847.05(1.59 %),650910,72537543000,401650,39261451000,0,0.0
21/01/2008,105560,14547000000,833.88(-1.55 %),2083240,150132000000,1977680,135585000000,0,0.0
22/01/2008,-1081920,-91710211000,807.74(-3.13 %),371620,35536789000,1453540,127247000000,0,0.0
23/01/2008,-97370,-5126252000,776.68(-3.85 %),672270,62711071000,769640,67837323000,0,0.0
24/01/2008,411110,45396388000,764.13(-1.62 %),1117790,106434000000,706680,61037612000,0,0.0
25/01/2008,495380,65346058000,776.04(1.56 %),1012130,102484000000,516750,37137942000,0,0.0
28/01/2008,966060,95869510000,785.07(1.16 %),1446710,135284000000,480650,39414490000,0,0.0
29/01/2008,717340,59065508000,811.61(3.38 %),1131300,99635919000,413960,40570411000,0,0.0
30/01/2008,-225690,-21399000000,843.1(3.88 %),1223940,125384000000,1449630,146783000000,0,0.0
31/01/2008,-84890,-14227000000,844.11(0.12 %),3862930,272159000000,3947820,286386000000,0,0.0
01/02/2008,-28340,1440000000,859.62(1.84 %),1560850,155582000000,1589190,154142000000,0,0.0
12/02/2008,398470,43207503000,841.23(-2.14 %),824680,81729070000,426210,38521567000,0,0.0
13/02/2008,77350,-536793000,817.86(-2.78 %),596320,51693056000,518970,52229849000,0,0.0
14/02/2008,220860,20334613000,823.46(0.68 %),603850,55048417000,382990,34713804000,0,0.0
15/02/2008,400500,34543251000,816.03(-0.90 %),519820,42863713000,119320,8320462000,0,0.0
18/02/2008,446920,34302208000,782.57(-4.10 %),659120,50192269000,212200,15890061000,0,0.0
19/02/2008,7350,-3434657000,776.79(-0.74 %),327350,23243891000,320000,26678548000,0,0.0
20/02/2008,848250,67088365000,744.92(-4.10 %),1171960,92427638000,323710,25339273000,0,0.0
21/02/2008,1486980,116806746000,710.45(-4.63 %),1566120,122616000000,79140,5809254000,0,0.0
22/02/2008,454290,20236000000,687.1(-3.29 %),1846290,133246000000,1392000,113010000000,0,0.0
25/02/2008,971610,65505931000,715.04(4.07 %),1569050,122759000000,597440,57253069000,0,0.0
26/02/2008,1585970,141896023000,692.91(-3.09 %),1731500,151288000000,145530,9391977000,0,0.0
27/02/2008,818630,62004171000,686.49(-0.93 %),1045640,81405643000,227010,19401472000,0,0.0
28/02/2008,734650,57236040000,678.12(-1.22 %),1058350,80430478000,323700,23194438000,0,0.0
29/02/2008,914110,78997658000,663.3(-2.19 %),1989060,156214000000,1074950,77216342000,0,0.0
03/03/2008,1396770,111147392000,635.24(-4.23 %),1641520,120638000000,244750,9490608000,0,0.0
04/03/2008,1484850,111618751000,608.88(-4.15 %),1768540,128119000000,283690,16500249000,0,0.0
05/03/2008,1574160,111712526000,583.45(-4.18 %),2322830,161797000000,748670,50084474000,0,0.0
06/03/2008,-391840,-10545986000,611.17(4.75 %),765050,57902868000,1156890,68448854000,0,0.0
07/03/2008,-2056270,-112679222000,640.14(4.74 %),713770,44528778000,2770040,157208000000,0,0.0
10/03/2008,3727670,243047000000,658.29(2.84 %),5090300,348490000000,1362630,105443000000,0,0.0
11/03/2008,1241880,97620457000,638.71(-2.97 %),1715540,132723000000,473660,35102543000,0,0.0
12/03/2008,358400,30845690000,643.9(0.81 %),1145920,89218720000,787520,58373030000,0,0.0
13/03/2008,831900,69179140000,647.6(0.57 %),1282630,105834000000,450730,36654860000,0,0.0
14/03/2008,56654,16609468000,643.8(-0.59 %),1363990,106995000000,1307336,90385532000,0,0.0
17/03/2008,694890,45606468000,615.71(-4.36 %),1022450,68557376000,327560,22950908000,0,0.0
18/03/2008,1770380,116671153000,588.26(-4.46 %),1933530,126970000000,163150,10298847000,0,0.0
19/03/2008,647590,38373825000,573.45(-2.52 %),1329940,82631948000,682350,44258123000,0,0.0
20/03/2008,512020,40876716000,564.82(-1.50 %),903690,67429554000,391670,26552838000,0,0.0
21/03/2008,575170,28936276000,545.68(-3.39 %),776590,46720143000,201420,17783867000,0,0.0
24/03/2008,726630,31386475000,521.07(-4.51 %),1486420,87773954000,759790,56387479000,0,0.0
25/03/2008,1360330,70690330000,496.64(-4.69 %),1807990,105026000000,447660,34335670000,0,0.0
26/03/2008,1445424,63973176000,504.67(1.62 %),2985524,152905000000,1540100,88931824000,0,0.0
27/03/2008,-1271900,-79809052000,508.75(0.81 %),795490,52292948000,2067390,132102000000,0,0.0
28/03/2008,-479190,-46702345000,512.7(0.78 %),410130,28895694000,889320,75598039000,0,0.0
31/03/2008,-547510,-43217784000,516.85(0.81 %),395160,25679782000,942670,68897566000,0,0.0
01/04/2008,-7150,-5104915000,520.99(0.80 %),241590,14563365000,248740,19668280000,0,0.0
02/04/2008,-22060,-1367749000,525.11(0.79 %),290390,23870560000,312450,25238309000,0,0.0
03/04/2008,-427120,-18490903000,529.23(0.78 %),124480,8835817000,551600,27326720000,0,0.0
04/04/2008,-100250,-1550886000,533(0.71 %),263170,23016522000,363420,24567408000,0,0.0
07/04/2008,82350,2206983000,542.33(1.75 %),234230,12946566000,151880,10739583000,0,0.0
08/04/2008,3437120,211127000000,548.56(1.15 %),5054330,322418000000,1617210,111291000000,0,0.0
09/04/2008,2232170,147764676000,552.05(0.64 %),2888020,203118000000,655850,55353324000,0,0.0
10/04/2008,3406630,227406717000,545.73(-1.14 %),3666640,243153000000,260010,15746283000,0,0.0
11/04/2008,3722370,213989384000,539.01(-1.23 %),4160240,242924000000,437870,28934616000,0,0.0
16/04/2008,3369570,190289099000,531.38(-1.42 %),3540160,201323000000,170590,11033901000,0,0.0
17/04/2008,1077670,72776599000,537.58(1.17 %),2292290,140096000000,1214620,67319401000,0,0.0
18/04/2008,3092910,179247458000,537.31(-0.05 %),4020390,243131000000,927480,63883542000,0,0.0
21/04/2008,2224810,133925876000,534.92(-0.44 %),2459850,149000000000,235040,15074124000,0,0.0
22/04/2008,1169690,68743982000,530.62(-0.80 %),1290410,78210247000,120720,9466265000,0,0.0
23/04/2008,1792220,96844675000,521.95(-1.63 %),1925560,107659000000,133340,10814325000,0,0.0
24/04/2008,1324240,77039662000,518.42(-0.68 %),1491440,87165346000,167200,10125684000,0,0.0
25/04/2008,1287850,71309826000,515.88(-0.49 %),1586220,85730643000,298370,14420817000,0,0.0
28/04/2008,2706990,148505669000,519.42(0.69 %),3218760,175790000000,511770,27284331000,0,0.0
29/04/2008,2640390,148731985000,522.36(0.57 %),2971680,167077000000,331290,18345015000,0,0.0
05/05/2008,776210,43342975000,521.28(-0.21 %),1155470,77874552000,379260,34531577000,0,0.0
06/05/2008,2930385,151924288000,518.35(-0.56 %),3390205,189234000000,459820,37309712000,0,0.0
07/05/2008,3135560,172539374000,515.26(-0.60 %),3414710,194745000000,279150,22205626000,0,0.0
08/05/2008,2467450,127205941000,507.94(-1.42 %),2649900,142249000000,182450,15043059000,0,0.0
09/05/2008,1034820,52058512000,500.33(-1.50 %),1055300,54333057000,20480,2274545000,0,0.0
12/05/2008,1184200,61437679000,492.04(-1.66 %),1356000,69948726000,171800,8511047000,0,0.0
13/05/2008,205850,7910203000,483.92(-1.65 %),329450,14663306000,123600,6753103000,0,0.0
14/05/2008,672910,35338094000,475.5(-1.74 %),981350,52691989000,308440,17353895000,0,0.0
15/05/2008,474790,26995087000,466.67(-1.86 %),757650,39616278000,282860,12621191000,0,0.0
16/05/2008,274630,28068063000,460.04(-1.42 %),1617940,87113643000,1343310,59045580000,0,0.0
19/05/2008,1916070,88346000000,455.67(-0.95 %),3163070,152367000000,1247000,64021000000,0,0.0
20/05/2008,650730,23242473000,449.24(-1.41 %),807730,32513435000,157000,9270962000,0,0.0
21/05/2008,2904950,123872597000,441.75(-1.67 %),3381370,159905000000,476420,36032403000,0,0.0
22/05/2008,2468820,113117621000,434.75(-1.58 %),2944560,135416000000,475740,22298379000,0,0.0
23/05/2008,1722170,73955895000,428.05(-1.54 %),2269920,110750000000,547750,36794105000,0,0.0
26/05/2008,242770,10660620000,420.51(-1.76 %),370220,19523948000,127450,8863328000,0,0.0
27/05/2008,0,0,420.51(-1.76 %),0,0,0,0,0,0.0
28/05/2008,0,0,420.51(-1.76 %),0,0,0,0,0,0.0
29/05/2008,0,0,420.51(-1.76 %),0,0,0,0,0,0.0
30/05/2008,1575110,49314336000,414.1(-1.52 %),2298930,85271985000,723820,35957649000,0,0.0
02/06/2008,159970,5431747000,407.94(-1.49 %),262280,9091105000,102310,3659358000,0,0.0
03/06/2008,208340,4436998000,401.2(-1.65 %),407535,11659925500,199195,7222927500,0,0.0
04/06/2008,416100,13279843000,395.66(-1.38 %),689270,28937830000,273170,15657987000,0,0.0
05/06/2008,235380,5279315000,390.08(-1.41 %),567440,23545797000,332060,18266482000,0,0.0
06/06/2008,524790,17267827000,384.24(-1.50 %),706280,24835250000,181490,7567423000,0,0.0
09/06/2008,273750,10804727000,379.12(-1.33 %),359200,14548825000,85450,3744098000,0,0.0
10/06/2008,222650,7199218000,373(-1.61 %),277260,8439852000,54610,1240634000,0,0.0
11/06/2008,-23380,-4005216000,370.45(-0.68 %),1719090,67005305000,1742470,71010521000,0,0.0
12/06/2008,612350,30501380000,370.55(0.03 %),1737450,71558299000,1125100,41056919000,0,0.0
13/06/2008,1061620,21753236000,372.68(0.57 %),3299560,118689000000,2237940,96935764000,0,0.0
16/06/2008,-419470,-13117229000,378.2(1.48 %),1816200,81224153000,2235670,94341382000,0,0.0
17/06/2008,-331980,6940732000,384.71(1.72 %),1263320,56503669000,1595300,49562937000,0,0.0
18/06/2008,5779590,226820658000,382.07(-0.69 %),6542720,254625000000,763130,27804342000,0,0.0
19/06/2008,2389100,89349283000,373.27(-2.30 %),2904600,111184000000,515500,21834717000,0,0.0
20/06/2008,3498510,113897934000,366.02(-1.94 %),4253660,148204000000,755150,34306066000,0,0.0
23/06/2008,80140,7905516000,368.95(0.80 %),811020,31139109000,730880,23233593000,0,0.0
24/06/2008,699740,30951064000,375.97(1.90 %),1043480,44381392000,343740,13430328000,0,0.0
25/06/2008,629350,22856240000,383.78(2.08 %),975000,40318311000,345650,17462071000,0,0.0
26/06/2008,1553940,103875396000,386.48(0.70 %),3418560,157276000000,1864620,53400604000,0,0.0
27/06/2008,-454566,4371152000,392.61(1.59 %),1073140,49661415000,1527706,45290263000,0,0.0
30/06/2008,104630,19154231000,399.4(1.73 %),1056340,47823233000,951710,28669002000,0,0.0
01/07/2008,-796050,-13197848000,409.61(2.56 %),816490,26025772000,1612540,39223620000,0,0.0
02/07/2008,306690,19455789000,419.29(2.36 %),1602420,64209464000,1295730,44753675000,0,0.0
03/07/2008,-145630,17472000000,430.05(2.57 %),2890530,122296000000,3036160,104824000000,0,0.0
04/07/2008,286170,31547082000,439.68(2.24 %),2917620,120912000000,2631450,89364918000,0,0.0
07/07/2008,6690290,292206412000,435.89(-0.86 %),8682340,364700000000,1992050,72493588000,0,0.0
08/07/2008,2889060,139693350000,436.71(0.19 %),3807590,172979000000,918530,33285650000,0,0.0
09/07/2008,1050880,63613093000,439.55(0.65 %),2418360,123036000000,1367480,59422907000,0,0.0
10/07/2008,-566860,18568000000,446.6(1.60 %),2129010,119524000000,2695870,100956000000,0,0.0
11/07/2008,-2123940,-53068638000,456.64(2.25 %),1474400,67475362000,3598340,120544000000,0,0.0
14/07/2008,-1874690,-45509487000,467.94(2.47 %),589650,24478373000,2464340,69987860000,0,0.0
15/07/2008,-2312550,-49510789000,479.8(2.53 %),1325340,68748211000,3637890,118259000000,0,0.0
16/07/2008,2279850,171467828000,486.53(1.40 %),5367960,263487000000,3088110,92019172000,0,0.0
17/07/2008,-2051610,-63375823000,489.83(0.68 %),1589814,73612177000,3641424,136988000000,0,0.0
18/07/2008,3374850,195103485000,483.05(-1.38 %),5109520,282711000000,1734670,87607515000,0,0.0
21/07/2008,7270470,373141000000,470.82(-2.53 %),10016990,511073000000,2746520,137932000000,0,0.0
22/07/2008,905170,45819156000,457.88(-2.75 %),1530190,76853511000,625020,31034355000,0,0.0
23/07/2008,788910,42961776000,445.59(-2.68 %),1042590,57756547000,253680,14794771000,0,0.0
24/07/2008,971500,73694000000,435.79(-2.20 %),3271840,174284000000,2300340,100590000000,0,0.0
25/07/2008,2037230,98887644000,429.46(-1.45 %),2698750,126306000000,661520,27418356000,0,0.0
28/07/2008,-1147630,-14362391000,434.64(1.21 %),1521000,72120244000,2668630,86482635000,0,0.0
29/07/2008,-2420520,-53926176000,444.4(2.25 %),1074490,37292980000,3495010,91219156000,0,0.0
30/07/2008,2180700,129765261000,448.27(0.87 %),3086880,153919000000,906180,24153739000,0,0.0
31/07/2008,1629680,117943669000,451.36(0.69 %),3057170,175864000000,1427490,57920331000,0,0.0
01/08/2008,580790,51646708000,447.11(-0.94 %),1511720,84004157000,930930,32357449000,0,0.0
04/08/2008,1632840,80377355000,439.41(-1.72 %),2102250,97818637000,469410,17441282000,0,0.0
05/08/2008,1328980,64630857000,430.26(-2.08 %),2244410,111018000000,915430,46387143000,0,0.0
06/08/2008,-747500,-11922551000,437.45(1.67 %),1552810,76106181000,2300310,88028732000,0,0.0
07/08/2008,-37040,47941000000,438.83(0.32 %),3205060,185659000000,3242100,137718000000,0,0.0
08/08/2008,-345350,30312548000,444.28(1.24 %),2226880,121458000000,2572230,91145452000,0,0.0
11/08/2008,-4097050,-127632602000,454.8(2.37 %),516300,18563398000,4613350,146196000000,0,0.0
12/08/2008,-1281400,-19412000000,459.89(1.12 %),2101990,104049000000,3383390,123461000000,0,0.0
13/08/2008,-180760,17228000000,464.01(0.90 %),2452640,119755000000,2633400,102527000000,0,0.0
14/08/2008,-2605610,-76492204000,476.5(2.69 %),1820880,95920796000,4426490,172413000000,0,0.0
15/08/2008,-560660,24811581000,488.94(2.61 %),1711550,103025000000,2272210,78213419000,0,0.0
18/08/2008,2008370,137172000000,508.05(3.91 %),4199400,262026000000,2191030,124854000000,0,0.0
19/08/2008,3208580,195292000000,511.53(0.68 %),5896420,341556000000,2687840,146264000000,0,0.0
20/08/2008,954380,44644000000,508.47(-0.60 %),3068480,172500000000,2114100,127856000000,0,0.0
21/08/2008,-1146400,-75018000000,525.98(3.44 %),2137480,133441000000,3283880,208459000000,0,0.0
22/08/2008,-85640,-21605000000,526.98(0.19 %),2473570,160294000000,2559210,181899000000,0,0.0
25/08/2008,-873632,-55956000000,548.25(4.04 %),1930230,145150000000,2803862,201106000000,0,0.0
26/08/2008,-3440670,-209093000000,561.67(2.45 %),1821320,125692000000,5261990,334785000000,0,0.0
27/08/2008,-2216340,-99569000000,561.85(0.03 %),2716680,175334000000,4933020,274903000000,0,0.0
28/08/2008,83960,34264000000,547.69(-2.52 %),3836790,282159000000,3752830,247895000000,0,0.0
29/08/2008,-372990,-25579000000,539.1(-1.57 %),4816270,310991000000,5189260,336570000000,0,0.0
03/09/2008,-3200750,-195085000000,555.14(2.98 %),1195550,113830000000,4396300,308915000000,0,0.0
04/09/2008,-861190,-20074000000,558.56(0.62 %),1913460,143396000000,2774650,163470000000,0,0.0
05/09/2008,-517290,17315167000,546.66(-2.13 %),1448560,110396000000,1965850,93080833000,0,0.0
08/09/2008,-470670,15307000000,532.71(-2.55 %),3140600,188081000000,3611270,172774000000,0,0.0
09/09/2008,-738960,-17662018000,525.49(-1.36 %),1777470,99491982000,2516430,117154000000,0,0.0
10/09/2008,-1242810,-35760822000,514.45(-2.10 %),1684710,93190178000,2927520,128951000000,0,0.0
11/09/2008,826650,51392285000,497.01(-3.39 %),1987970,120415000000,1161320,69022715000,0,0.0
12/09/2008,-35760,-8968000000,476(-4.23 %),2049390,123624000000,2085150,132592000000,0,0.0
15/09/2008,-2384050,-105982000000,476.76(0.16 %),2885260,213992000000,5269310,319974000000,0,0.0
16/09/2008,-476513,-42581000000,455.95(-4.36 %),2461457,123637000000,2937970,166218000000,0,0.0
17/09/2008,-705770,-35447000000,437.24(-4.10 %),2787300,144698000000,3493070,180145000000,0,0.0
18/09/2008,1596847,71496000000,419.28(-4.11 %),5565837,251797000000,3968990,180301000000,0,0.0
19/09/2008,-2181250,-78996000000,439.06(4.72 %),3208060,182468000000,5389310,261464000000,0,0.0
22/09/2008,-1847550,-67781000000,459.86(4.74 %),4395413,157476000000,6242963,225257000000,0,0.0
23/09/2008,6061070,285271000000,465.87(1.31 %),9219370,442906000000,3158300,157635000000,0,0.0
24/09/2008,419260,41163000000,455.05(-2.32 %),2550320,141577000000,2131060,100414000000,0,0.0
25/09/2008,2079560,142282000000,470.43(3.38 %),5089090,285902000000,3009530,143620000000,0,0.0
26/09/2008,1438980,89379000000,483.81(2.84 %),3774950,219217000000,2335970,129838000000,0,0.0
29/09/2008,2490410,152563851000,479(-0.99 %),3881680,221099000000,1391270,68535149000,0,0.0
30/09/2008,893480,26250458000,456.7(-4.66 %),1519300,78208250000,625820,51957792000,0,0.0
01/10/2008,-717150,-25279845000,454.41(-0.50 %),1035770,64657213000,1752920,89937058000,0,0.0
02/10/2008,-1819180,-94920696000,460.25(1.29 %),935130,54778304000,2754310,149699000000,0,0.0
03/10/2008,-470770,-22802000000,452.14(-1.76 %),2624020,112152000000,3094790,134954000000,0,0.0
06/10/2008,258300,6628580000,433.71(-4.08 %),1779410,94141588000,1521110,87513008000,0,0.0
07/10/2008,373970,15359112000,414.24(-4.49 %),2154840,103999000000,1780870,88639888000,0,0.0
08/10/2008,-1423700,-46996827000,401.33(-3.12 %),1611190,72922173000,3034890,119919000000,0,0.0
09/10/2008,-2728250,-96420234000,397.68(-0.91 %),1169260,51023766000,3897510,147444000000,0,0.0
10/10/2008,-2282010,-88553795000,379.06(-4.68 %),1933160,79771205000,4215170,168325000000,0,0.0
13/10/2008,-1853230,-66478803000,371.67(-1.95 %),1022990,42753197000,2876220,109232000000,0,0.0
14/10/2008,-5183400,-184175389000,389.33(4.75 %),764940,33767611000,5948340,217943000000,0,0.0
15/10/2008,-3322340,-116918000000,397.15(2.01 %),2554800,110713000000,5877140,227631000000,0,0.0
16/10/2008,-1103400,-31964000000,384.61(-3.16 %),5068310,161858000000,6171710,193822000000,0,0.0
17/10/2008,-1429590,-72400286000,382.51(-0.55 %),1108010,40765714000,2537600,113166000000,0,0.0
20/10/2008,-1341540,-40057357000,370.8(-3.06 %),721240,35072596000,2062780,75129953000,0,0.0
21/10/2008,-1988660,-77345643000,379.94(2.46 %),1163740,37187357000,3152400,114533000000,0,0.0
22/10/2008,-1217830,-42963744000,374.91(-1.32 %),1013190,42324759000,2231020,85288503000,0,0.0
23/10/2008,-1973130,-84992269000,360.43(-3.86 %),842470,45458731000,2815600,130451000000,0,0.0
24/10/2008,-1632900,-65270968000,345.11(-4.25 %),906950,34176072000,2539850,99447040000,0,0.0
27/10/2008,-1027080,-39806377000,329.28(-4.59 %),964340,29838386000,1991420,69644763000,0,0.0
28/10/2008,-2630360,-93416810000,322.8(-1.97 %),2160530,69086190000,4790890,162503000000,0,0.0
29/10/2008,-2665080,-130253077000,331.62(2.73 %),1416070,46905923000,4081150,177159000000,0,0.0
30/10/2008,-1660110,-71273300000,336.57(1.49 %),1314050,46372700000,2974160,117646000000,0,0.0
31/10/2008,-1715860,-80572372000,347.05(3.11 %),1432820,49363628000,3148680,129936000000,0,0.0
03/11/2008,-560460,-19490105000,348.64(0.46 %),1369610,49987786000,1930070,69477891000,0,0.0
04/11/2008,-1562250,-65312681000,361.44(3.67 %),1068920,42887319000,2631170,108200000000,0,0.0
05/11/2008,-513090,8636924000,377.83(4.53 %),1625230,96758046000,2138320,88121122000,0,0.0
06/11/2008,1309900,83628786000,379.51(0.44 %),2733510,135317000000,1423610,51688214000,0,0.0
07/11/2008,1078350,49721478000,365.97(-3.57 %),2115490,94008537000,1037140,44287059000,0,0.0
10/11/2008,-1093260,-78635534000,366(0.01 %),777300,32630466000,1870560,111266000000,0,0.0
11/11/2008,-947430,-25971411000,351.71(-3.90 %),1239500,58438638000,2186930,84410049000,0,0.0
12/11/2008,-3155640,-115518740000,342.33(-2.67 %),1020090,50298260000,4175730,165817000000,0,0.0
13/11/2008,-1087280,-44079515000,346.24(1.14 %),986380,56718485000,2073660,100798000000,0,0.0
14/11/2008,-1556970,-47912698000,352.07(1.68 %),496280,15170016000,2053250,63082714000,0,0.0
17/11/2008,-271320,-3690889000,345.05(-1.99 %),787690,41890266000,1059010,45581155000,0,0.0
18/11/2008,-1309070,-52301311000,340.69(-1.26 %),768930,32266474000,2078000,84567785000,0,0.0
19/11/2008,-855580,-40403617000,336.89(-1.12 %),670300,24641442000,1525880,65045059000,0,0.0
20/11/2008,45790,-1583774000,325.74(-3.31 %),1549430,72778576000,1503640,74362350000,0,0.0
21/11/2008,-2291610,-68086000000,318.96(-2.08 %),2136740,106458000000,4428350,174544000000,0,0.0
24/11/2008,-944500,-27632790000,317.93(-0.32 %),612410,25641939000,1556910,53274729000,0,0.0
25/11/2008,-718588,-31430031300,320.33(0.75 %),2738133,93144968700,3456721,124575000000,0,0.0
26/11/2008,516930,57026203000,311.74(-2.68 %),2189790,110713000000,1672860,53686797000,0,0.0
27/11/2008,-1805610,-69577077000,303.54(-2.63 %),1379580,41720923000,3185190,111298000000,0,0.0
28/11/2008,-2426170,-78878546000,314.74(3.69 %),1184280,53166454000,3610450,132045000000,0,0.0
01/12/2008,-666850,-39342181200,314.71(-0.01 %),1350706,73723818800,2017556,113066000000,0,0.0
02/12/2008,-1005920,-41304659000,307.45(-2.31 %),1044550,43825849000,2050470,85130508000,0,0.0
03/12/2008,-907040,-20821140000,306.22(-0.40 %),903925,45460212500,1810965,66281352500,0,0.0
04/12/2008,-2129760,-81840691000,308.6(0.78 %),736420,33877309000,2866180,115718000000,0,0.0
05/12/2008,-219230,-10001520000,299.68(-2.89 %),840915,26501907500,1060145,36503427500,0,0.0
08/12/2008,-521170,-17757429000,288.69(-3.67 %),2617860,68104059000,3139030,85861488000,0,0.0
09/12/2008,-80500,-1619921000,293.3(1.60 %),1151470,41119553000,1231970,42739474000,0,0.0
10/12/2008,479600,41452403000,286.85(-2.20 %),788130,49598107000,308530,8145704000,0,0.0
11/12/2008,289700,25725141000,288.93(0.73 %),817770,44325899000,528070,18600758000,0,0.0
12/12/2008,-989380,-3911503000,299.54(3.67 %),867010,33780127000,1856390,37691630000,0,0.0
15/12/2008,-74630,5573680000,308.28(2.92 %),587400,28603086000,662030,23029406000,0,0.0
16/12/2008,791920,42951582000,296.42(-3.85 %),1487160,54495010000,695240,11543428000,0,0.0
17/12/2008,-137160,-6429000000,301.02(1.55 %),5635690,131314000000,5772850,137743000000,0,0.0
18/12/2008,140930,20153442000,305.56(1.51 %),2349890,71337745000,2208960,51184303000,0,0.0
19/12/2008,-926280,6474355000,307.26(0.56 %),4782580,106284000000,5708860,99809645000,0,0.0
22/12/2008,-655110,-6348102000,310.05(0.91 %),817480,27463666000,1472590,33811768000,0,0.0
23/12/2008,1068780,42423933000,303.93(-1.97 %),2175010,66562996000,1106230,24139063000,0,0.0
24/12/2008,695130,36440342000,304.05(0.04 %),1591830,56316641000,896700,19876299000,0,0.0
25/12/2008,382980,12220224000,302.19(-0.61 %),560120,15696149000,177140,3475925000,0,0.0
26/12/2008,95620,4767411000,304.46(0.75 %),521550,13851400000,425930,9083989000,0,0.0
29/12/2008,555240,15658482000,308.56(1.35 %),1011770,26936702000,456530,11278220000,0,0.0
30/12/2008,1753570,40707467000,316.32(2.51 %),3545150,105603000000,1791580,64895533000,0,0.0
31/12/2008,888617,13059894500,315.62(-0.22 %),1727917,43445779500,839300,30385885000,0,0.0
02/01/2009,582000,27384340000,313.34(-0.72 %),1011040,37368930000,429040,9984590000,0,0.0
05/01/2009,948760,28245257000,311.91(-0.46 %),1893220,57531129000,944460,29285872000,0,0.0
06/01/2009,1270970,34988365000,314.04(0.68 %),2578020,67731419000,1307050,32743054000,0,0.0
07/01/2009,1490670,47907101000,319.58(1.76 %),2975000,92861139000,1484330,44954038000,0,0.0
08/01/2009,-19770,-3997944000,314.15(-1.70 %),2069700,57904029000,2089470,61901973000,0,0.0
09/01/2009,-657550,-14771045000,313.4(-0.24 %),497710,21819602000,1155260,36590647000,0,0.0
12/01/2009,210510,17117518000,312.18(-0.39 %),1043750,35248101000,833240,18130583000,0,0.0
13/01/2009,-41510,3918494000,307.13(-1.62 %),1429680,33741431000,1471190,29822937000,0,0.0
14/01/2009,-557580,-4297666000,307.98(0.28 %),526440,24252604000,1084020,28550270000,0,0.0
15/01/2009,-381940,-17242045000,304.01(-1.29 %),1110026,34334936800,1491966,51576981800,0,0.0
16/01/2009,412790,17676379000,306.12(0.69 %),1705990,51804531000,1293200,34128152000,0,0.0
19/01/2009,64060,6098927000,304.98(-0.37 %),619358,22274842700,555298,16175915700,0,0.0
20/01/2009,247760,5521836000,302.86(-0.70 %),758100,20758803000,510340,15236967000,0,0.0
21/01/2009,-719230,-20897174000,300.04(-0.93 %),556830,20145162000,1276060,41042336000,0,0.0
22/01/2009,-1198590,-29281544000,301.12(0.36 %),398060,12210038000,1596650,41491582000,0,0.0
23/01/2009,-499830,-11909659000,303.21(0.69 %),726961,33782997000,1226791,45692656000,0,0.0
02/02/2009,283310,1105740000,297.52(-1.88 %),1404380,55131469000,1121070,54025729000,0,0.0
03/02/2009,-3960,-9935014000,288.69(-2.97 %),1515840,40015366000,1519800,49950380000,0,0.0
04/02/2009,-323830,-9797176000,286.11(-0.89 %),403140,9882966000,726970,19680142000,0,0.0
05/02/2009,683880,19202616000,277.81(-2.90 %),1476340,40930313000,792460,21727697000,0,0.0
06/02/2009,102140,5732143000,281.63(1.38 %),1130950,47468521000,1028810,41736378000,0,0.0
09/02/2009,26940,-168989000,287.57(2.11 %),689510,21636273000,662570,21805262000,0,0.0
10/02/2009,467700,8828669000,282.02(-1.93 %),903210,18810794000,435510,9982125000,0,0.0
11/02/2009,-265940,-2592775000,276.22(-2.06 %),1574190,36569236000,1840130,39162011000,0,0.0
12/02/2009,-1392710,-22454720000,276.09(-0.05 %),679950,23326638000,2072660,45781358000,0,0.0
13/02/2009,-546860,-13346026000,274.51(-0.57 %),350640,7917244000,897500,21263270000,0,0.0
16/02/2009,-652020,-11465207000,272.31(-0.80 %),229210,7149825000,881230,18615032000,0,0.0
17/02/2009,-875870,-11637114000,263.07(-3.39 %),729161,20023081100,1605031,31660195100,0,0.0
18/02/2009,-94430,8936696000,255.09(-3.03 %),863260,28540841000,957690,19604145000,0,0.0
19/02/2009,-604240,-5092432000,254.85(-0.09 %),699250,20879655000,1303490,25972087000,0,0.0
20/02/2009,-878810,-7157613000,252.57(-0.89 %),671170,21317393000,1549980,28475006000,0,0.0
23/02/2009,-788530,-11816305000,244.02(-3.39 %),1270080,32412949000,2058610,44229254000,0,0.0
24/02/2009,-666770,-7431580000,235.5(-3.49 %),602190,19529535000,1268960,26961115000,0,0.0
25/02/2009,-1396540,-23110388000,244.33(3.75 %),509130,15757751000,1905670,38868139000,0,0.0
26/02/2009,-1612400,-23852202000,242.53(-0.74 %),844260,22792069000,2456660,46644271000,0,0.0
27/02/2009,-2591870,-26320317000,245.74(1.32 %),1021080,25882688000,3612950,52203005000,0,0.0
02/03/2009,-1920460,-31143228000,247.66(0.78 %),415510,14358519000,2335970,45501747000,0,0.0
03/03/2009,-1337290,-20505533000,241.46(-2.50 %),346340,9178739000,1683630,29684272000,0,0.0
04/03/2009,45790,7427632000,244.36(1.20 %),676080,20680050000,630290,13252418000,0,0.0
05/03/2009,-1045840,-22439102000,246.68(0.95 %),224840,7381829000,1270680,29820931000,0,0.0
06/03/2009,-706790,-9953123000,245.7(-0.40 %),846770,15055601000,1553560,25008724000,0,0.0
09/03/2009,-1068100,-15569368000,247.85(0.88 %),1869620,52323945000,2937720,67893313000,0,0.0
10/03/2009,-2189900,-46360496000,251.88(1.63 %),813580,16036907000,3003480,62397403000,0,0.0
11/03/2009,-2616850,-56899646000,255.85(1.58 %),520350,15293565000,3137200,72193211000,0,0.0
12/03/2009,-1172530,-26014440000,251.01(-1.89 %),660830,9770363000,1833360,35784803000,0,0.0
13/03/2009,-68770,-948206000,251.44(0.17 %),1271140,24900550000,1339910,25848756000,0,0.0
16/03/2009,-290510,-5713690000,254.56(1.24 %),799870,19093999000,1090380,24807689000,0,0.0
17/03/2009,-378290,-14803490000,263.2(3.39 %),1862265,45224236000,2240555,60027726000,0,0.0
18/03/2009,1073180,17963752000,273.39(3.87 %),2734370,61835410000,1661190,43871658000,0,0.0
19/03/2009,1549850,37074533000,267.04(-2.32 %),3009520,70004345000,1459670,32929812000,0,0.0
20/03/2009,298010,8439142000,266.62(-0.16 %),1319450,32747087000,1021440,24307945000,0,0.0
23/03/2009,876020,23736734000,260.16(-2.42 %),2080250,51852816000,1204230,28116082000,0,0.0
24/03/2009,1563310,64978392000,270.6(4.00 %),3857190,109626435000,2293880,44648043000,0,0.0
25/03/2009,3980760,110081335000,277.6(2.59 %),6188220,161102515000,2207460,51021180000,0,0.0
26/03/2009,2585910,75820441000,286.3(3.13 %),4692750,137562077000,2106840,61741636000,0,0.0
27/03/2009,1119970,30369144000,286.3(3.13 %),2745670,78204926000,1625700,47835782000,0,0.0
30/03/2009,609780,19292484000,282.38(-1.75 %),1697190,45908183000,1087410,26615699000,0,0.0
31/03/2009,1412420,25610308000,280.7(-0.60 %),3469370,89940504000,2056950,64330196000,0,0.0
01/04/2009,-1314480,-25200501000,289.5(3.14 %),2002840,46388570000,3317320,71589071000,0,0.0
02/04/2009,871780,37334897000,297.3(2.69 %),3293020,88288386000,2421240,50953489000,0,0.0
03/04/2009,-1355640,10939376000,310.3(4.37 %),2775020,95391972000,4130660,84452596000,0,0.0
07/04/2009,-2123940,-23891363000,322.4(3.90 %),2294910,84384465000,4418850,108275828000,0,0.0
08/04/2009,-3621230,-71173268000,313.8(-2.67 %),2171980,67826268000,5793210,138999536000,0,0.0
09/04/2009,-1602110,-36990807000,311.7(-0.67 %),679740,19523424000,2281850,56514231000,0,0.0
10/04/2009,-3211280,-55865727000,325.1(4.30 %),2032760,65329727000,5244040,121195454000,0,0.0
13/04/2009,-4164385,-92122742000,340.01(4.59 %),1230590,44398258000,5394975,136521000000,0,0.0
14/04/2009,-225350,10032644000,347.1(2.09 %),3903900,141441262000,4129250,131408618000,0,0.0
15/04/2009,498388,67931140000,339.3(-2.25 %),4449340,184485206000,3950952,116554066000,0,0.0
16/04/2009,240048,27301370000,343.9(1.36 %),4176400,143531287000,3936352,116229917000,0,0.0
17/04/2009,-434157,14505951000,334.1(-2.85 %),2553730,95882238000,2987887,81376287000,0,0.0
20/04/2009,1496330,38309844000,318.9(-4.55 %),2360880,69846602000,864550,31536758000,0,0.0
21/04/2009,-373220,-18831909000,312.8(-1.91 %),1661320,60250789000,2034540,79082698000,0,0.0
22/04/2009,-3157210,-64016031000,321.9(2.91 %),3084360,113382517000,6241570,177398548000,0,0.0
23/04/2009,30170,6870261000,315.2(-2.08 %),1278980,49670708000,1248810,42800447000,0,0.0
24/04/2009,34670,3949748000,309.9(-1.68 %),1468720,53088737000,1434050,49138989000,0,0.0
27/04/2009,1639680,64250065000,313.7(1.23 %),2159890,82875798000,520210,18625733000,0,0.0
28/04/2009,-501130,-7173912000,315.7(0.64 %),1178100,46057624000,1679230,53231536000,0,0.0
29/04/2009,38400,7155531000,321.6(1.87 %),917330,36059492000,878930,28903961000,0,0.0
04/05/2009,-105640,4758494000,336.6(4.66 %),727130,35452405000,832770,30693911000,0,0.0
05/05/2009,2142004,73662035000,351.3(4.37 %),2747880,93994457000,605876,20332422000,0,0.0
06/05/2009,10249643,389752121000,350.1(-0.34 %),12005640,453116672000,1755997,63364551000,0,0.0
07/05/2009,970390,28791863000,363.9(3.94 %),2584200,97352790000,1613810,68560927000,0,0.0
08/05/2009,47315670,1398720418000,366.2(0.63 %),48143060,1419966329000,827390,21245911000,0,0.0
11/05/2009,4294180,196885194000,373(1.86 %),5797430,248918406000,1503250,52033212000,0,0.0
12/05/2009,638000,23793983000,382(2.41 %),2576917,86484358000,1938917,62690375000,0,0.0
13/05/2009,1559910,83384570000,378.3(-0.97 %),3946700,182716235000,2386790,99331665000,0,0.0
14/05/2009,715290,44958708000,376.8(-0.40 %),3542080,151089176000,2826790,106130468000,0,0.0
15/05/2009,-2664500,-82850433000,390.2(3.56 %),2292350,90287843000,4956850,173138276000,0,0.0
18/05/2009,682140,29840150000,390.9(0.18 %),3180770,122543633000,2498630,92703483000,0,0.0
19/05/2009,792340,57735752000,400.9(2.56 %),4024230,166980544000,3231890,109244792000,0,0.0
20/05/2009,1691360,95052332000,410.4(2.37 %),5158150,209655552000,3466790,114603220000,0,0.0
21/05/2009,2492770,74445759000,412.5(0.51 %),4605480,146867523000,2112710,72421764000,0,0.0
22/05/2009,165010,-11862553000,404.6(-1.92 %),2142170,77794135000,1977160,89656688000,0,0.0
25/05/2009,-4328800,-158853945000,421.8(4.25 %),847490,38108808000,5176290,196962753000,0,0.0
26/05/2009,-356900,-14370916000,425(0.76 %),2084970,101778868000,2441870,116149784000,0,0.0
27/05/2009,-2153580,-134168088000,425.2(0.05 %),1510610,61986582000,3664190,196154670000,0,0.0
28/05/2009,-1551710,-67060106000,415.5(-2.24 %),9258594,326890085000,10810304,393950191000,0,0.0
29/05/2009,-876200,-37482938000,411.6(-0.94 %),1638000,61063912000,2514200,98546850000,0,0.0
01/06/2009,206080,5113542000,426.4(3.60 %),1909576,95056470000,1703496,89942928000,0,0.0
02/06/2009,1027523,58588336000,440.6(3.33 %),2406150,121811935000,1378627,63223599000,0,0.0
03/06/2009,1420746,79844266000,444.8(0.95 %),3498406,178609813000,2077660,98765547000,0,0.0
04/06/2009,-351358,4920082000,458.2(3.01 %),2568900,135654917000,2920258,130734835000,0,0.0
05/06/2009,-2038764,-105812766000,478.7(4.47 %),2161630,111034704000,4200394,216847470000,0,0.0
08/06/2009,-2076178,-109811378000,501.5(4.76 %),1841206,90173896000,3917384,199985274000,0,0.0
09/06/2009,-3505690,-132015604000,512.5(2.19 %),3688420,200351288000,7194110,332366892000,0,0.0
10/06/2009,-2280460,-68559873000,497.5(-2.93 %),2257200,124645291000,4537660,193205164000,0,0.0
11/06/2009,-1732132,-101314918000,511.3(2.77 %),3185000,160774092000,4917132,262089010000,0,0.0
12/06/2009,-158920,3360864000,509.6(-0.33 %),2421120,119006134000,2580040,115645270000,0,0.0
15/06/2009,-23780,33741000000,493.5(-3.16 %),2844470,146378000000,2868250,112637000000,0,0.0
16/06/2009,-874580,-37391991000,472(-4.36 %),2125060,113953479000,2999640,151345470000,0,0.0
17/06/2009,-2989340,-113755434000,472.5(0.11 %),1954800,89506443000,4944140,203261877000,0,0.0
18/06/2009,-3743250,-116316761000,479.3(1.44 %),1243360,61290380000,4986610,177607141000,0,0.0
19/06/2009,-429740,31918473000,475.2(-0.86 %),1927860,104494607000,2357600,72576134000,0,0.0
22/06/2009,433150,39699595000,458.1(-3.60 %),2551510,128713286000,2118360,89013691000,0,0.0
23/06/2009,552150,16682380000,438.6(-4.26 %),4765160,213920676000,4213010,197238296000,0,0.0
24/06/2009,-5641210,-160022250000,456.2(4.01 %),1275420,49550726000,6916630,209572976000,0,0.0
25/06/2009,2348080,153337309000,453.8(-0.53 %),4650790,233898723000,2302710,80561414000,0,0.0
26/06/2009,838010,114538690000,461.4(1.67 %),6218160,279794310000,5380150,165255620000,0,0.0
29/06/2009,527710,51938708000,460.4(-0.22 %),4288510,210405132000,3760800,158466424000,0,0.0
30/06/2009,3451220,163128081000,448.3(-2.63 %),6238330,278707770000,2787110,115579689000,0,0.0
01/07/2009,5621160,221245830000,430(-4.08 %),10564390,509660888000,4943230,288415058000,0,0.0
02/07/2009,3583970,125126460000,433.8(0.88 %),5585440,221861426000,2001470,96734966000,0,0.0
03/07/2009,631850,20250894000,435.4(0.37 %),2341840,97359505000,1709990,77108611000,0,0.0
06/07/2009,-805010,8768156000,454.3(4.34 %),2449850,120494933000,3254860,111726777000,0,0.0
07/07/2009,692330,23637257000,447.6(-1.47 %),2930450,126234703000,2238120,102597446000,0,0.0
08/07/2009,1066320,74861844000,446.8(-0.18 %),4244220,221778510000,3177900,146916666000,0,0.0
09/07/2009,711570,46515486000,446.4(-0.09 %),2713690,135052470000,2002120,88536984000,0,0.0
10/07/2009,-321460,3974994000,438.8(-1.70 %),3083420,135088313000,3404880,131113319000,0,0.0
13/07/2009,1008250,48181983000,426.7(-2.76 %),2006610,100222834000,998360,52040851000,0,0.0
14/07/2009,-232590,15251282000,418.6(-1.90 %),2704350,136292623000,2936940,121041341000,0,0.0
15/07/2009,907730,64146314000,427.1(2.03 %),2419190,130944348000,1511460,66798034000,0,0.0
16/07/2009,620370,55936674000,433.5(1.50 %),2867080,130415963000,2246710,74479289000,0,0.0
17/07/2009,2479160,115468337000,428.7(-1.11 %),3431870,156089277000,952710,40620940000,0,0.0
20/07/2009,1327220,59798475000,412.9(-3.69 %),3739510,165216892000,2412290,105418417000,0,0.0
21/07/2009,2696850,122162288000,416.4(0.85 %),4829570,195092914000,2132720,72930626000,0,0.0
22/07/2009,3570220,158235907000,419.5(0.74 %),4345960,188758655000,775740,30522748000,0,0.0
23/07/2009,1443051,74346815000,434.2(3.50 %),3448830,163450106000,2005779,89103291000,0,0.0
24/07/2009,-1277900,-38188200000,454.7(4.72 %),2705790,132724111000,3983690,170912311000,0,0.0
27/07/2009,2849810,157792017000,469.7(3.30 %),5593670,261964211000,2743860,104172194000,0,0.0
28/07/2009,3264520,161627000000,463(-1.43 %),5551530,268284000000,2287010,106657000000,0,0.0
29/07/2009,1707510,113631850000,458(-1.08 %),3803900,190810100000,2096390,77178250000,0,0.0
30/07/2009,870660,61709773000,451.9(-1.33 %),2280210,113480093000,1409550,51770320000,0,0.0
31/07/2009,1313150,87868322000,466.8(3.30 %),3749220,194293773000,2436070,106425451000,0,0.0
03/08/2009,785600,43633383000,467.9(0.24 %),2131700,106625617000,1346100,62992234000,0,0.0
04/08/2009,2233470,149478618000,476.6(1.86 %),4844260,261057110000,2610790,111578492000,0,0.0
05/08/2009,-360740,17845790000,481.3(0.99 %),3578000,217880334000,3938740,200034544000,0,0.0
06/08/2009,889740,83882508000,481.4(0.02 %),4233340,209857970000,3343600,125975462000,0,0.0
07/08/2009,-972210,-18211368000,480.7(-0.15 %),1097390,58544536000,2069600,76755904000,0,0.0
10/08/2009,528900,43411740000,491.2(2.18 %),2366390,114713005000,1837490,71301265000,0,0.0
11/08/2009,-319450,2243825000,494.2(0.61 %),2424810,126862436000,2744260,124618611000,0,0.0
12/08/2009,-725450,-15907124000,497.2(0.61 %),2466720,139357398000,3192170,155264522000,0,0.0
13/08/2009,-922410,-48822726000,503.6(1.29 %),2882000,148671684000,3804410,197494410000,0,0.0
14/08/2009,420650,50393682000,507(0.68 %),3261140,182508434000,2840490,132114752000,0,0.0
17/08/2009,468050,21001113000,500.1(-1.36 %),1705500,93626315000,1237450,72625202000,0,0.0
18/08/2009,-1482460,-39885369000,499.7(-0.08 %),1662720,91923219000,3145180,131808588000,0,0.0
19/08/2009,-1220580,-38917220000,508.5(1.76 %),1479360,67328374000,2699940,106245594000,0,0.0
20/08/2009,495570,42504602000,513.9(1.06 %),2275280,122472735000,1779710,79968133000,0,0.0
21/08/2009,163610,26052615000,519.2(1.03 %),3781140,233119290000,3617530,207066675000,0,0.0
24/08/2009,829260,75235545000,528.2(1.73 %),3191930,193072212000,2362670,117836667000,0,0.0
25/08/2009,772990,40570408000,528.9(0.13 %),3897010,210002516000,3124020,169432108000,0,0.0
26/08/2009,256200,20148233000,526(-0.55 %),2870420,172468924000,2614220,152320691000,0,0.0
27/08/2009,-378010,18800620000,527(0.19 %),2597270,154488602000,2975280,135687982000,0,0.0
28/08/2009,1503360,71771425000,536.5(1.80 %),4220210,223195129000,2716850,151423704000,0,0.0
31/08/2009,-1170880,32680140000,546.8(1.92 %),5337470,373475895000,6508350,340795755000,0,0.0
01/09/2009,171660,22580435000,547.7(0.16 %),3819660,227873800000,3648000,205293365000,0,0.0
03/09/2009,-1221730,-91696590000,540.8(-1.26 %),3772520,242492456000,4994250,334189046000,0,0.0
04/09/2009,273490,61907874000,528.5(-2.27 %),3196450,210289593000,2922960,148381719000,0,0.0
07/09/2009,-1280230,-58311077000,524.5(-0.76 %),2019090,102199434000,3299320,160510511000,0,0.0
08/09/2009,-1012110,-37977339000,537.8(2.54 %),2524062,122120458000,3536172,160097797000,0,0.0
09/09/2009,-1716000,-77340101000,536.1(-0.32 %),3449210,173384024000,5165210,250724125000,0,0.0
10/09/2009,-790160,-13345936000,540.2(0.76 %),2599060,175504746000,3389220,188850682000,0,0.0
11/09/2009,147630,-19393376000,548(1.44 %),3279970,215218325000,3132340,234611701000,0,0.0
14/09/2009,-993831,-75715143000,556.6(1.57 %),2516310,174856904000,3510141,250572047000,0,0.0
15/09/2009,-1597000,-195716178000,556.8(0.04 %),2041160,109654584000,3638160,305370762000,0,0.0
16/09/2009,-1977580,-136328247000,557(0.04 %),3001050,190040070000,4978630,326368317000,0,0.0
17/09/2009,-986200,-172198540000,561.2(0.75 %),4023530,269320936000,5009730,441519476000,0,0.0
18/09/2009,-24190,-73250569000,571(1.75 %),5365970,314304895000,5390160,387555464000,0,0.0
21/09/2009,-1457719,-119034970000,578(1.23 %),3583070,213247141000,5040789,332282111000,0,0.0
22/09/2009,-24190,-73250569000,582.9(0.85 %),5365970,314304895000,5390160,387555464000,0,0.0
23/09/2009,-1775810,-169275924000,582.1(-0.14 %),3645330,181151868000,5421140,350427792000,0,0.0
24/09/2009,-6110740,-404898175000,574.8(-1.25 %),1736660,97062977000,7847400,501961152000,0,0.0
25/09/2009,-945490,-77213263000,582.8(1.39 %),1799461,102092124000,2744951,179305387000,0,0.0
28/09/2009,-569880,-38335460000,582(-0.14 %),1590710,116117118000,2160590,154452578000,0,0.0
29/09/2009,-1998180,-155458325000,582.6(0.10 %),3672640,211359452000,5670820,366817777000,0,0.0
30/09/2009,-140800,1861643000,580.9(-0.29 %),4990100,308559949000,5130900,306698306000,0,0.0
01/10/2009,-447150,-34336340000,569(-2.05 %),2768270,178869588000,3215420,213205928000,0,0.0
02/10/2009,-3725920,-187498468000,549.7(-3.39 %),2289230,151332069000,6015150,338830537000,0,0.0
05/10/2009,-1161280,-37055465000,549(-0.13 %),2093350,149775110000,3254630,186830575000,0,0.0
06/10/2009,-580110,-562332000,552(0.55 %),1644670,109359962000,2224780,109922294000,0,0.0
07/10/2009,-181600,44427050000,566.4(2.61 %),2146250,174119775000,2327850,129692725000,0,0.0
08/10/2009,1690080,112855175000,571.8(0.95 %),3238000,202802912000,1547920,89947737000,0,0.0
09/10/2009,-905190,-75853732000,582(1.78 %),2995270,188665784000,3900460,264519516000,0,0.0
12/10/2009,-905190,-75853732000,594.3(2.10 %),2995270,188665784000,3900460,264519516000,0,0.0
13/10/2009,1295940,76395382000,589.9(-0.74 %),3643600,207051766000,2347660,130656384000,0,0.0
14/10/2009,2316490,163170165000,605.7(2.68 %),4577480,268165890000,2260990,104995725000,0,0.0
15/10/2009,5661530,381695056000,617.4(1.93 %),9248300,586060513000,3586770,204365457000,0,0.0
16/10/2009,-635200,20507942000,609.5(-1.28 %),4530550,244584172000,5165750,224076230000,0,0.0
19/10/2009,1269900,55471475000,607.1(-0.39 %),3357350,170371318000,2087450,114899843000,0,0.0
20/10/2009,-664560,-53493252000,616.6(1.56 %),2609150,138891873000,3273710,192385125000,0,0.0
21/10/2009,2444030,93825081000,618.5(0.31 %),5073160,246545790000,2629130,152720709000,0,0.0
22/10/2009,-207840,-35439715000,624.1(0.91 %),4387290,271515254000,4595130,306954969000,0,0.0
23/10/2009,317930,25104976000,615.2(-1.35 %),5057350,284700433000,4739420,259595457000,0,0.0
26/10/2009,296450,4668261000,609.3(-0.18 %),2426830,143518943000,2130380,138850682000,0,0.0
27/10/2009,302810,-51547802000,596.8(-2.05 %),5572080,263522668000,5269270,315070470000,0,0.0
28/10/2009,805070,24700087000,599.9(0.52 %),3432120,183279471000,2627050,158579384000,0,0.0
29/10/2009,-978560,-98818864000,581.5(-3.07 %),2924340,157355087000,3902900,256173951000,0,0.0
30/10/2009,-658010,-84387951000,587.1(0.96 %),3291670,186104413000,3949680,270492364000,0,0.0
02/11/2009,47110,-92865551000,561.7(-4.33 %),5378900,211607118000,5331790,304472669000,0,0.0
03/11/2009,-423710,-52607405000,539.7(-3.92 %),3791300,210426486000,4215010,263033891000,0,0.0
04/11/2009,-747710,-14928701000,537.5(-0.41 %),2419180,138972831000,3166890,153901532000,0,0.0
05/11/2009,-625310,-60158859000,555.5(3.35 %),1881520,89346474000,2506830,149505333000,0,0.0
06/11/2009,183840,10998214000,554.9(-0.11 %),2902890,156542348000,2719050,145544134000,0,0.0
09/11/2009,4057420,177785656000,534.1(-3.75 %),5145350,234617226000,1087930,56831570000,0,0.0
10/11/2009,1053810,89492635000,524.4(-1.82 %),3821330,191593297000,2767520,102100662000,0,0.0
11/11/2009,622500,-142863000,537.6(2.52 %),3047250,160498167000,2424750,160641030000,0,0.0
12/11/2009,1214740,37341699000,546(1.56 %),3065660,134167696000,1850920,96825997000,0,0.0
13/11/2009,512760,862965000,548.2(0.40 %),4346530,223874149000,3833770,223011184000,0,0.0
16/11/2009,473000,2383087000,545.7(-0.46 %),2396820,111925387000,1923820,109542300000,0,0.0
17/11/2009,1000330,5384843000,547.1(0.26 %),2763630,129440755000,1763300,124055912000,0,0.0
18/11/2009,1717820,44400953000,553.8(1.22 %),4609730,248978252000,2891910,204577299000,0,0.0
19/11/2009,624230,49524095000,560.1(1.14 %),3478830,196083590000,2854600,146559495000,0,0.0
20/11/2009,1770400,83025054000,555.8(-0.77 %),3722690,182044720000,1952290,99019666000,0,0.0
23/11/2009,1255320,45133130000,537(-3.42 %),2089350,83308717000,834030,38175587000,0,0.0
24/11/2009,2487760,111405951000,527.1(-1.84 %),3401130,163552280000,913370,52146329000,0,0.0
25/11/2009,4182168,221395053000,503.4(-4.50 %),5346988,286746652000,1164820,65351599000,0,0.0
26/11/2009,3960280,162175701000,482.6(-4.13 %),6293700,294307006000,2333420,132131305000,0,0.0
27/11/2009,883420,51951961000,490.6(1.66 %),3055530,161640324000,2172110,109688363000,0,0.0
30/11/2009,1985500,117804634000,504.1(2.75 %),3750710,190545921000,1765210,72741287000,0,0.0
01/12/2009,620610,34864615000,514.9(2.14 %),2569740,147814238000,1949130,112949623000,0,0.0
02/12/2009,2695420,148919171000,499.1(-3.07 %),5771290,244282551000,3075870,95363380000,0,0.0
03/12/2009,2150660,72302323000,494.8(-0.86 %),5157710,204875397000,3007050,132573074000,0,0.0
04/12/2009,360720,-20169690000,495(0.04 %),4802630,223880256000,4441910,244049946000,0,0.0
07/12/2009,1055340,44816013000,498.6(0.73 %),2945940,133083421000,1890600,88267408000,0,0.0
08/12/2009,821520,46098720000,488.5(-2.03 %),3494190,168104738000,2672670,122006018000,0,0.0
09/12/2009,-610210,4385041000,470.6(-3.66 %),3216100,154666567000,3826310,150281526000,0,0.0
10/12/2009,-984200,-28231460000,458.7(-2.53 %),2226850,106043621000,3211050,134275081000,0,0.0
11/12/2009,2033400,78046109000,444.2(-3.16 %),3725310,144418971000,1691910,66372862000,0,0.0
14/12/2009,-1353920,-40805061000,458.4(3.20 %),1584720,63586555000,2938640,104391616000,0,0.0
15/12/2009,1904310,98290819000,459.4(0.22 %),4246670,178970375000,2342360,80679556000,0,0.0
16/12/2009,2722130,111398708000,442.1(-3.77 %),5629440,224593484000,2907310,113194776000,0,0.0
17/12/2009,747960,36905692000,434.9(-1.63 %),5207520,219556261000,4459560,182650569000,0,0.0
18/12/2009,-6098890,-179847515000,443.3(1.93 %),8138520,356024392000,14237410,535871907000,0,0.0
21/12/2009,997890,47972557000,461(3.99 %),2385450,106767506000,1387560,58794949000,0,0.0
22/12/2009,4552240,177503797000,465.2(0.91 %),6023380,249522092000,1471140,72018295000,0,0.0
23/12/2009,2480040,98094434000,470.8(1.20 %),5396970,223365381000,2916930,125270947000,0,0.0
24/12/2009,2206790,86030787000,479.1(1.76 %),5071150,197871616000,2864360,111840829000,0,0.0
25/12/2009,15710,5159078000,495.1(3.34 %),2513960,128248430000,2498250,123089352000,0,0.0
28/12/2009,3079750,158803739000,492.6(-0.50 %),4271520,216452972000,1191770,57649233000,0,0.0
29/12/2009,6368604,241456113000,484.5(-1.64 %),9057724,352514091000,2689120,111057978000,0,0.0
30/12/2009,-950750,-27506817000,495.4(2.25 %),2544240,137036879000,3494990,164543696000,0,0.0
31/12/2009,-1111420,-82510632000,494.8(-0.12 %),2127720,99479382000,3239140,181990014000,0,0.0
04/01/2010,-952270,-76189856000,517.1(4.51 %),2401010,110166183000,3353280,186356039000,0,0.0
05/01/2010,571550,-1105155000,532.5(2.98 %),6361250,282478127000,5789700,283583282000,0,0.0
06/01/2010,1253790,24666912000,534.5(0.38 %),4566580,182529138000,3312790,157862226000,0,0.0
07/01/2010,-38100,-47471237000,533.3(-0.22 %),2336190,102032617000,2374290,149503854000,0,0.0
08/01/2010,768960,-31705901000,520.9(-2.33 %),3926400,167745705000,3157440,199451606000,0,0.0
11/01/2010,678910,26627875000,515.1(-1.11 %),1862200,82086255000,1183290,55458380000,0,0.0
12/01/2010,1797770,65303044000,498.3(-3.26 %),3617480,151579151000,1819710,86276107000,0,0.0
13/01/2010,1568590,70148104000,508.6(2.07 %),2523610,119075296000,955020,48927192000,0,0.0
14/01/2010,-443220,6834555000,512.3(0.73 %),1511400,83445547000,1954620,76610992000,0,0.0
15/01/2010,1206930,57983368000,505.4(-1.35 %),3586380,163515958000,2379450,105532590000,0,0.0
18/01/2010,1114030,18707412000,487.1(-3.62 %),3293600,130651145000,2179570,111943733000,0,0.0
19/01/2010,-74950,25803294000,495.5(1.72 %),2344490,103783288000,2419440,77979994000,0,0.0
20/01/2010,1794220,79007392000,489.5(-1.21 %),6089144,293270151000,4294924,214262759000,0,0.0
21/01/2010,2753110,114715829000,478.4(-2.27 %),4964350,229437228000,2211240,114721399000,0,0.0
22/01/2010,790140,33729497000,477.6(-0.17 %),2512980,104093007000,1722840,70363510000,0,0.0
25/01/2010,1601180,55540775000,480.9(0.69 %),2112690,76445362000,511510,20904587000,0,0.0
26/01/2010,102360,16756089000,497.9(3.54 %),2525770,128420496000,2423410,111664407000,0,0.0
27/01/2010,1542260,52507853000,486.4(-2.31 %),3482090,146088298000,1939830,93580445000,0,0.0
28/01/2010,1431040,59173512000,481.8(-0.95 %),2619470,93874329000,1188430,34700817000,0,0.0
29/01/2010,400240,28626566000,482(0.04 %),2014570,104090256000,1614330,75463690000,0,0.0
01/02/2010,1108390,91379511000,487(1.04 %),2064080,122331770000,955690,30952259000,0,0.0
02/02/2010,1265360,113017363000,487.9(0.18 %),3048510,184066202000,1783150,71048839000,0,0.0
03/02/2010,3339220,240245471000,495.5(1.56 %),5181610,316967759000,1842390,76722288000,0,0.0
04/02/2010,2707590,205134220000,503.8(1.68 %),4765330,299050611000,2057740,93916391000,0,0.0
05/02/2010,1092970,56936479000,493(-2.14 %),3191670,188308501000,2098700,131372022000,0,0.0
08/02/2010,37200,5486761000,491.2(-0.37 %),1854410,87441649000,1817210,81954888000,0,0.0
09/02/2010,-773980,-50326535000,482.9(-1.69 %),3274490,188107543000,4048470,238434078000,0,0.0
10/02/2010,385690,32415549000,490.9(1.66 %),2272110,133808803000,1886420,101393254000,0,0.0
11/02/2010,1699330,141559958000,499.9(1.83 %),3151910,197072534000,1452580,55512576000,0,0.0
12/02/2010,1243220,106132882000,507(1.42 %),2516140,165271663000,1272920,59138781000,0,0.0
22/02/2010,232600,39645127000,510(0.59 %),2718560,156025631000,2485960,116380504000,0,0.0
23/02/2010,20640,64324186000,496.3(-2.69 %),3744940,185831606000,3724300,121507420000,0,0.0
24/02/2010,-1300690,-3355514000,494.6(-0.34 %),3993700,215423726000,5294390,218779240000,0,0.0
25/02/2010,-3498770,-92324639000,495(0.08 %),4357760,248349992000,7856530,340674631000,0,0.0
26/02/2010,-4619220,-120437439000,496.9(0.38 %),6484590,357532446000,11103810,477969885000,0,0.0
01/03/2010,-2287810,-68392485000,503(1.23 %),2184710,124131054000,4472520,192523539000,0,0.0
02/03/2010,-1841550,-76687235000,501(-0.40 %),2351120,112080093000,4192670,188767328000,0,0.0
03/03/2010,314380,56688318000,507.3(1.26 %),2577560,144507109000,2263180,87818791000,0,0.0
04/03/2010,-1048990,-50837699000,511.9(0.91 %),1726310,98212240000,2775300,149049939000,0,0.0
05/03/2010,119240,9559769000,513.4(0.29 %),2716990,150148227000,2597750,140588458000,0,0.0
08/03/2010,790660,22154677000,521.1(1.50 %),2639290,119390148000,1848630,97235471000,0,0.0
09/03/2010,2843610,187789296000,527.3(1.19 %),5955180,381107577000,3111570,193318281000,0,0.0
10/03/2010,457810,35344197000,525.7(-0.30 %),2669120,140778332000,2211310,105434135000,0,0.0
11/03/2010,-681420,2752992000,524.6(-0.21 %),1773540,99364123000,2454960,96611131000,0,0.0
12/03/2010,-80920,19065886000,531.5(1.32 %),2203690,128978529000,2284610,109912643000,0,0.0
15/03/2010,1034710,61605563000,531.9(0.08 %),2449810,125810033000,1415100,64204470000,0,0.0
16/03/2010,-45770,8614334000,516.1(-2.97 %),1635590,84755998000,1681360,76141664000,0,0.0
17/03/2010,1050360,106393868000,510.9(-1.01 %),3365500,199323383000,2315140,92929515000,0,0.0
18/03/2010,-281250,40842903000,519.7(1.72 %),2948710,166086898000,3229960,125243995000,0,0.0
19/03/2010,-413280,95005429000,516(-0.71 %),5153740,318543113000,5567020,223537684000,0,0.0
22/03/2010,-618270,-22544000000,511.6(-0.85 %),775840,39288647000,1394110,61832647000,0,0.0
23/03/2010,770530,53423204000,506.5(-1.00 %),1870396,109766711000,1099866,56343507000,0,0.0
24/03/2010,730340,36297607000,512.1(1.11 %),1793170,82980241000,1062830,46682634000,0,0.0
25/03/2010,-902470,-4930466000,503.4(-1.70 %),1858270,112730370000,2760740,117660836000,0,0.0
26/03/2010,932970,52536411000,505.3(0.38 %),3164170,155057246000,2231200,102520835000,0,0.0
29/03/2010,82140,26262687000,505.7(0.08 %),1103520,68171939000,1021380,41909252000,0,0.0
30/03/2010,-670660,-31137629000,500.7(-0.99 %),1997680,96028020000,2668340,127165649000,0,0.0
31/03/2010,2013460,89543502000,499.2(-0.30 %),3577250,166305106000,1563790,76761604000,0,0.0
01/04/2010,4459710,205216887000,508.2(1.80 %),13695840,885358298000,9236130,680141411000,0,0.0
02/04/2010,3277070,244750416000,510.5(0.45 %),4438390,295347863000,1161320,50597447000,0,0.0
05/04/2010,1478850,84166626000,514.8(0.84 %),2789550,133155486000,1310700,48988860000,0,0.0
06/04/2010,2194520,144362704000,515.3(0.10 %),4879400,265880327000,2684880,121517623000,0,0.0
07/04/2010,-109569,39016889000,515.8(0.10 %),2435250,159419429000,2544819,120402540000,0,0.0
08/04/2010,-194520,3125873000,515.9(0.02 %),2660250,141516689000,2854770,138390816000,0,0.0
09/04/2010,2067620,173277598000,517.4(0.29 %),4437950,254548729000,2370330,81271131000,0,0.0
12/04/2010,950320,76943898000,519.9(0.48 %),3044750,162368265000,2094430,85424367000,0,0.0
13/04/2010,-35900,38230432000,518(-0.37 %),2876490,167720756000,2912390,129490324000,0,0.0
14/04/2010,714270,45207322000,516.2(-0.35 %),2675170,134128055000,1960900,88920733000,0,0.0
15/04/2010,1803470,133986596000,521.5(1.03 %),5497010,279006506000,3693540,145019910000,0,0.0
16/04/2010,1602060,108764891000,522(0.10 %),5008080,250538082000,3406020,141773191000,0,0.0
19/04/2010,282510,41999497000,516.7(-1.02 %),2649610,156311221000,2367100,114311724000,0,0.0
20/04/2010,587450,62316000000,515.2(-0.29 %),2727800,170173038000,2140350,107857038000,0,0.0
21/04/2010,876469,53944653000,519.7(0.87 %),3285099,166270617000,2408630,112325964000,0,0.0
22/04/2010,2987550,178916156000,529.3(1.85 %),4842460,248392929000,1854910,69476773000,0,0.0
26/04/2010,4740130,260691598000,531.2(0.36 %),7458410,367584222000,2718280,106892624000,0,0.0
27/04/2010,2982380,159968591000,535.7(0.85 %),5206230,249539758000,2223850,89571167000,0,0.0
28/04/2010,3703000,198902801000,539.2(0.65 %),5714840,272048636000,2011840,73145835000,0,0.0
29/04/2010,261960,69636250000,542.4(0.59 %),3693700,188180891000,3431740,118544641000,0,0.0
04/05/2010,1576530,145265666000,549.1(1.24 %),4273020,249950632000,2696490,104684966000,0,0.0
05/05/2010,-708130,22545030000,548(-0.20 %),2468650,128912292000,3176780,106367262000,0,0.0
06/05/2010,-339200,3209689000,549.5(0.27 %),2801390,139980646000,3140590,136770957000,0,0.0
07/05/2010,763360,40970311000,542(-1.36 %),6358570,333182253000,5595210,292211942000,0,0.0
10/05/2010,684180,24698772000,534.4(-1.40 %),3095810,147868431000,2411630,123169659000,0,0.0
11/05/2010,-284430,39332210000,534.4(0.00 %),2771280,141848859000,3055710,102516649000,0,0.0
12/05/2010,267300,26230126000,519.6(-2.77 %),3220990,154472219000,2953690,128242093000,0,0.0
13/05/2010,1166250,65547962000,518.9(-0.13 %),2198560,106119400000,1032310,40571438000,0,0.0
14/05/2010,-22550,8350857000,520.7(0.35 %),1759350,91293674000,1781900,82942817000,0,0.0
17/05/2010,-205370,9252637000,511.3(-1.81 %),2239810,112595814000,2445180,103343177000,0,0.0
18/05/2010,678740,52694031000,508.3(-0.59 %),2423490,115912417000,1744750,63218386000,0,0.0
19/05/2010,-984920,-22244113000,494.9(-2.64 %),3289130,155391439000,4274050,177635552000,0,0.0
20/05/2010,773830,38064168000,503.6(1.76 %),2778960,119790457000,2005130,81726289000,0,0.0
21/05/2010,2344160,103282320000,483.7(-3.95 %),4422130,187128704000,2077970,83846384000,0,0.0
24/05/2010,683680,39143912000,486.2(0.52 %),2176250,89922303000,1492570,50778391000,0,0.0
25/05/2010,3509522,157517973000,486.3(0.02 %),5022432,208648957000,1512910,51130984000,0,0.0
26/05/2010,795840,43408322000,492.7(1.32 %),2770490,113450506000,1974650,70042184000,0,0.0
27/05/2010,2702230,127310012000,497.2(0.91 %),5519770,222349144000,2817540,95039132000,0,0.0
28/05/2010,1488110,99636603000,513(3.18 %),4309300,199654458000,2821190,100017855000,0,0.0
31/05/2010,2426850,119304982000,507.4(-1.09 %),5010130,197269278000,2583280,77964296000,0,0.0
01/06/2010,1739050,100760023000,508.7(0.26 %),3204050,152018142000,1465000,51258119000,0,0.0
02/06/2010,929940,63570473000,510.7(0.39 %),3104360,149182020000,2174420,85611547000,0,0.0
03/06/2010,121930,49673563000,511.2(0.10 %),3437570,175376394000,3315640,125702831000,0,0.0
04/06/2010,-3679970,-53946981000,510.4(-0.16 %),2831370,133265140000,6511340,187212121000,0,0.0
07/06/2010,1030640,71784816000,496.9(-2.64 %),5439290,238579788000,4408650,166794972000,0,0.0
08/06/2010,2673020,54001497000,497.2(0.06 %),6248130,190395786000,3575110,136394289000,0,0.0
09/06/2010,114310,18294452000,497.6(0.08 %),3036950,135855581000,2922640,117561129000,0,0.0
10/06/2010,69060,1266380000,500.5(0.58 %),2026830,88985557000,1957770,87719177000,0,0.0
11/06/2010,486100,40845330000,504.3(0.76 %),6957207,306937690000,6471107,266092360000,0,0.0
14/06/2010,-69700,24901484000,508.3(0.79 %),2298587,121188765000,2368287,96287281000,0,0.0
15/06/2010,1043090,49506592000,508(-0.06 %),4968950,179454627000,3925860,129948035000,0,0.0
16/06/2010,278970,31515385000,510.7(0.53 %),2908120,133175514000,2629150,101660129000,0,0.0
17/06/2010,3113520,158973761000,510.8(0.02 %),10609971,449752134000,7496451,290778373000,0,0.0
18/06/2010,-7467230,-77855549000,511.2(0.08 %),6541750,296079657000,14008980,373935206000,0,0.0
21/06/2010,1074100,74992562000,514.8(0.70 %),3533740,182903590000,2459640,107911028000,0,0.0
22/06/2010,11198420,311212335000,512.6(-0.43 %),15247260,436880498000,4048840,125668163000,0,0.0
23/06/2010,1124250,64421537000,512.8(0.04 %),2232710,105012968000,1108460,40591431000,0,0.0
24/06/2010,1554350,75603894000,511.7(-0.21 %),4405390,197412585000,2851040,121808691000,0,0.0
25/06/2010,1449400,71624564000,505.1(-1.29 %),3628830,158950019000,2179430,87325455000,0,0.0
28/06/2010,2085550,122540690000,507.3(0.44 %),5891872,252763198000,3806322,130222508000,0,0.0
29/06/2010,2036870,101366421000,510.7(0.67 %),4111720,190213649000,2074850,88847228000,0,0.0
30/06/2010,703910,41029698000,507.1(-0.70 %),2828450,120496237000,2124540,79466539000,0,0.0
01/07/2010,920500,64646554000,504(-0.61 %),3241680,138947631000,2321180,74301077000,0,0.0
02/07/2010,-1024200,-8637835000,503.7(-0.06 %),2668280,114108932000,3692480,122746767000,0,0.0
05/07/2010,2041530,88575972000,506.5(0.56 %),3968160,159689658000,1926630,71113686000,0,0.0
06/07/2010,274890,36586721000,500.8(-1.13 %),1990530,92619944000,1715640,56033223000,0,0.0
07/07/2010,-79750,16839350000,496.9(-0.78 %),2457490,86713075000,2537240,69873725000,0,0.0
08/07/2010,175180,29692470000,498.6(0.34 %),1380030,67375924000,1204850,37683454000,0,0.0
09/07/2010,577420,31739204000,499.5(0.18 %),1454090,57604892000,876670,25865688000,0,0.0
12/07/2010,458370,24185832000,499.9(0.08 %),1373560,59312559000,915190,35126727000,0,0.0
13/07/2010,1667010,84845474000,509.1(1.84 %),3358080,147165735000,1691070,62320261000,0,0.0
14/07/2010,1081410,60669353000,507.3(-0.35 %),2794780,117192724000,1713370,56523371000,0,0.0
15/07/2010,-327790,5189370000,505.2(-0.41 %),1318430,59327498000,1646220,54138128000,0,0.0
16/07/2010,210690,15987701000,506.2(0.20 %),1841560,78795578000,1630870,62807877000,0,0.0
19/07/2010,802870,53052374000,506.8(0.12 %),2372760,106243794000,1569890,53191420000,0,0.0
20/07/2010,-182800,10435059000,506.6(-0.04 %),1863670,83619479000,2046470,73184420000,0,0.0
21/07/2010,-60570,26266947000,505.4(-0.24 %),1756180,75518663000,1816750,49251716000,0,0.0
22/07/2010,593890,54281608000,500.3(-1.01 %),2192590,104678365000,1598700,50396757000,0,0.0
23/07/2010,276440,17933369000,500.3(0.00 %),1537240,68940343000,1260800,51006974000,0,0.0
26/07/2010,15090,-728717000,498.1(-0.44 %),1767440,72653589000,1752350,73382306000,0,0.0
27/07/2010,-1527700,-11353141000,497.7(-0.08 %),3158260,155170083000,4685960,166523224000,0,0.0
28/07/2010,-157640,-19191620000,491(-1.35 %),3114450,136472551000,3272090,155664171000,0,0.0
29/07/2010,-849340,8260132000,491.1(0.02 %),3199960,141167288000,4049300,132907156000,0,0.0
30/07/2010,-2550780,-23548668000,493.9(0.57 %),2115190,102117222000,4665970,125665890000,0,0.0
02/08/2010,-615667,16901015000,491.6(-0.47 %),2650923,120238180000,3266590,103337165000,0,0.0
03/08/2010,1080540,70945929000,491.9(0.06 %),4145760,168837851000,3065220,97891922000,0,0.0
04/08/2010,-202570,13101073000,486.7(-1.06 %),2313350,112912186000,2515920,99811113000,0,0.0
05/08/2010,283650,62724541000,486.2(-0.10 %),3691570,197565422000,3407920,134840881000,0,0.0
06/08/2010,-161260,7685252000,482.8(-0.70 %),1947640,82660290000,2108900,74975038000,0,0.0
09/08/2010,740570,35657586000,472.7(-2.09 %),1836810,77601443000,1096240,41943857000,0,0.0
10/08/2010,13910,21788319000,461.7(-2.33 %),3058160,119125806000,3044250,97337487000,0,0.0
11/08/2010,-420490,-2850385000,463.1(0.30 %),2210330,73684226000,2630820,76534611000,0,0.0
12/08/2010,1198260,56875120000,448.4(-3.17 %),4035976,149851840000,2837716,92976720000,0,0.0
13/08/2010,2353460,83949129000,452.7(0.96 %),4687280,157251946000,2333820,73302817000,0,0.0
16/08/2010,-88050,7987216000,464.8(2.67 %),1636060,60797286000,1724110,52810070000,0,0.0
17/08/2010,2485050,83313669000,463.5(-0.28 %),3479410,126314220000,994360,43000551000,0,0.0
18/08/2010,288420,30452429000,455.5(-1.73 %),2249960,80512220000,1961540,50059791000,0,0.0
19/08/2010,737790,36540241000,452.2(-0.72 %),1790760,70541690000,1052970,34001449000,0,0.0
20/08/2010,942600,45299195000,454.8(0.57 %),3511940,123492753000,2569340,78193558000,0,0.0
23/08/2010,-430680,-3696827000,447.9(-1.52 %),1481430,63693934000,1912110,67390761000,0,0.0
24/08/2010,67500,13935922000,434.4(-3.01 %),2520440,99812988000,2452940,85877066000,0,0.0
25/08/2010,3452620,79169019000,423.89(-2.42 %),7532680,227227559000,4080060,148058540000,0,0.0
26/08/2010,-194490,-8601429000,427.1(0.75 %),3369760,119141226000,3564250,127742655000,0,0.0
27/08/2010,1068160,31571786000,429.1(0.47 %),2950580,105441477000,1882420,73869691000,0,0.0
30/08/2010,-1425570,-18850714000,444.6(3.61 %),2871720,118544342000,4297290,137395056000,0,0.0
31/08/2010,4028340,192977504000,455.1(2.36 %),8461720,353495989000,4433380,160518485000,0,0.0
01/09/2010,1456510,48697156000,458.8(0.81 %),3677920,151385072000,2221410,102687916000,0,0.0
06/09/2010,2141730,70284140000,466(1.57 %),5740860,195465382000,3599130,125181242000,0,0.0
07/09/2010,273530,26333153000,460.6(-1.16 %),3668810,138603298000,3395280,112270145000,0,0.0
08/09/2010,1987030,71628306000,458.4(-0.48 %),5340790,178359282000,3353760,106730976000,0,0.0
09/09/2010,1748250,66332090000,463.7(1.16 %),3110640,123169280000,1362390,56837190000,0,0.0
10/09/2010,601510,27022296000,451.4(-2.65 %),2245362,85285965000,1643852,58263669000,0,0.0
13/09/2010,2064860,70387310000,447.3(-0.91 %),3543890,120069602000,1479030,49682292000,0,0.0
14/09/2010,-295090,7704668000,449(0.38 %),2717900,102178769000,3012990,94474101000,0,0.0
15/09/2010,3223280,121094242000,448.7(-0.07 %),5659520,202732422000,2436240,81638180000,0,0.0
16/09/2010,2084640,69672299000,449.5(0.18 %),5206910,192843850000,3122270,123171551000,0,0.0
17/09/2010,3036730,110607093000,457.6(1.80 %),5785010,211116640000,2748280,100509547000,0,0.0
20/09/2010,3209940,117663753000,457.9(0.07 %),6050670,202501216000,2840730,84837463000,0,0.0
21/09/2010,-1285600,13256061000,453.3(-1.00 %),5836910,262009012000,7122510,248752951000,0,0.0
22/09/2010,932550,62371805000,453.9(0.13 %),2799860,123730926000,1867310,61359121000,0,0.0
23/09/2010,1646820,61742758000,450.8(-0.68 %),3535210,118087656000,1888390,56344898000,0,0.0
24/09/2010,-1911730,-20851892000,449.7(-0.24 %),1537430,65527030000,3449160,86378922000,0,0.0
27/09/2010,-330930,7596165000,450.2(0.11 %),1425310,58857297000,1756240,51261132000,0,0.0
28/09/2010,1784260,76629578000,455.1(1.09 %),3693000,150903640000,1908740,74274062000,0,0.0
29/09/2010,549430,32571090000,452.9(-0.48 %),3428330,135200019000,2878900,102628929000,0,0.0
30/09/2010,3643780,136259537000,454.5(0.35 %),5497620,190263045000,1853840,54003508000,0,0.0
01/10/2010,1621770,63283524000,451.7(-0.62 %),4360930,140380644000,2739160,77097120000,0,0.0
04/10/2010,4719410,157790182000,445.8(-1.31 %),6551340,226084085000,1831930,68293903000,0,0.0
05/10/2010,3859720,141947897000,451(1.17 %),5834570,220783511000,1974850,78835614000,0,0.0
06/10/2010,4858141,171179123000,460.7(2.15 %),7549821,271419221000,2691680,100240098000,0,0.0
07/10/2010,3258260,150152250000,462.1(0.30 %),5746410,236935791000,2488150,86783541000,0,0.0
08/10/2010,1338220,84871669000,459.3(-0.61 %),4012390,152690091000,2674170,67818422000,0,0.0
11/10/2010,-206510,3580487000,459.3(0.00 %),2007410,71544719000,2213920,67964232000,0,0.0
12/10/2010,197210,26755011000,454.3(-1.09 %),2238930,74089363000,2041720,47334352000,0,0.0
13/10/2010,1801290,98938063000,457.7(0.75 %),4328460,162722021000,2527170,63783958000,0,0.0
14/10/2010,1054920,75417067000,458.7(0.22 %),3111310,115863555000,2056390,40446488000,0,0.0
15/10/2010,2087880,80969861000,458.4(-0.07 %),5086100,173064863000,2998220,92095002000,0,0.0
18/10/2010,75350,11082955000,457.6(-0.17 %),1877040,76965665000,1801690,65882710000,0,0.0
19/10/2010,2024870,80568482000,454.3(-0.72 %),3868620,148113462000,1843750,67544980000,0,0.0
20/10/2010,498010,16891455000,442.2(-2.66 %),2930100,97172371000,2432090,80280916000,0,0.0
21/10/2010,371250,23372853000,445.1(0.66 %),2740860,93450041000,2369610,70077188000,0,0.0
22/10/2010,1610310,62671759000,445.2(0.02 %),3435700,113775138000,1825390,51103379000,0,0.0
25/10/2010,-439280,-1201885000,448.6(0.76 %),2899040,125678376000,3338320,126880261000,0,0.0
26/10/2010,982510,63614917000,455.1(1.45 %),3006066,139567674000,2023556,75952757000,0,0.0
27/10/2010,2101180,69911074000,450(-1.12 %),3234560,124397778000,1133380,54486704000,0,0.0
28/10/2010,2536910,88127176000,450.1(0.02 %),3710820,138974836000,1173910,50847660000,0,0.0
29/10/2010,1723310,62857480000,452.6(0.56 %),12369185,525194784000,10645875,462337304000,0,0.0
01/11/2010,2450920,82325244000,451.1(-0.33 %),3845170,143141175000,1394250,60815931000,0,0.0
02/11/2010,1241330,54940996000,446.3(-1.06 %),3087000,109158979000,1845670,54217983000,0,0.0
03/11/2010,2545260,84378931000,444.2(-0.47 %),3754650,125821052000,1209390,41442121000,0,0.0
04/11/2010,2474630,86233419000,449(1.08 %),3900120,133370142000,1425490,47136723000,0,0.0
05/11/2010,6754310,266714751000,457.3(1.85 %),8400980,318303814000,1646670,51589063000,0,0.0
08/11/2010,1562860,29978996000,457.1(-0.04 %),4794880,160667203000,3232020,130688207000,0,0.0
09/11/2010,2476450,90882860000,449.4(-1.68 %),13182370,547500924000,10705920,456618064000,0,0.0
10/11/2010,1798600,79641840000,451.3(0.42 %),4073360,159304732000,2274760,79662892000,0,0.0
11/11/2010,1857960,65004597000,446.7(-1.02 %),3018120,104856115000,1160160,39851518000,0,0.0
12/11/2010,1536360,77215491000,441.6(-1.14 %),6593830,294363931000,5057470,217148440000,0,0.0
15/11/2010,584580,33501106000,433.5(-1.83 %),3358688,110732104000,2774108,77230998000,0,0.0
16/11/2010,1030860,47905721000,426.9(-1.52 %),4221120,145834369000,3190260,97928648000,0,0.0
17/11/2010,-850920,-23680058000,425.5(-0.33 %),11314800,453794439000,12165720,477474497000,0,0.0
18/11/2010,-441710,15372946000,430.7(1.22 %),2969850,96549922000,3411560,81176976000,0,0.0
19/11/2010,193480,5839359000,426.5(-0.98 %),3076180,104923001000,2882700,99083642000,0,0.0
22/11/2010,709950,60698268000,426.2(-0.07 %),5295366,214024669000,4585416,153326401000,0,0.0
23/11/2010,1841700,82681393000,430.8(1.08 %),5251870,172952223000,3410170,90270830000,0,0.0
24/11/2010,766560,54993679000,434.5(0.86 %),4651960,124675200000,3885400,69681521000,0,0.0
25/11/2010,608190,31182103000,439.9(1.24 %),3601990,120816482000,2993800,89634379000,0,0.0
26/11/2010,553390,11626600000,439.9(0.00 %),10999000,437676276000,10445610,426049676000,0,0.0
29/11/2010,3370450,104904733000,446.4(1.48 %),6214110,192902615000,2843660,87997882000,0,0.0
30/11/2010,543590,26564967000,451.6(1.16 %),5157020,158740735000,4613430,132175768000,0,0.0
01/12/2010,1908180,58960279000,449.9(-0.38 %),5516170,172187670000,3607990,113227391000,0,0.0
02/12/2010,-509680,-8385171000,457.4(1.67 %),5308530,136737560000,5818210,145122731000,0,0.0
03/12/2010,-2567620,-50891398000,464.4(1.53 %),4098690,139067624000,6666310,189959022000,0,0.0
06/12/2010,-2116880,-33615543000,465.6(0.26 %),13519704,554551151000,15636584,588166694000,0,0.0
07/12/2010,2133240,73113341000,460.8(-1.03 %),6202640,204695034000,4069400,131581693000,0,0.0
08/12/2010,2737880,98082707000,452.8(-1.74 %),5018050,166757648000,2280170,68674941000,0,0.0
09/12/2010,513680,7551209000,460.5(1.70 %),3868740,127371079000,3355060,119819870000,0,0.0
10/12/2010,18668320,1618477834000,473.1(2.74 %),23412920,1761668101000,4744600,143190267000,0,0.0
13/12/2010,-2146080,-24293231000,490.2(3.61 %),4303120,187109512000,6449200,211402743000,0,0.0
14/12/2010,7555340,217218501000,489.7(-0.10 %),18471128,657218858000,10915788,440000357000,0,0.0
15/12/2010,326310,47827411000,493.5(0.78 %),7412430,270745768000,7086120,222918357000,0,0.0
16/12/2010,3389107,81357942000,480.2(-2.70 %),7976180,249654966000,4587073,168297024000,0,0.0
17/12/2010,5850930,144927752000,485.3(1.06 %),13894630,413035789000,8043700,268108037000,0,0.0
20/12/2010,281500,-4486481000,478.3(-1.44 %),4111460,130674532000,3829960,135161013000,0,0.0
21/12/2010,8972740,204170179000,481.8(0.73 %),14048384,444777236000,5075644,240607057000,0,0.0
22/12/2010,4329103,110576287000,481.5(-0.06 %),8787223,318399589000,4458120,207823302000,0,0.0
23/12/2010,4392030,132374830000,475.4(-1.27 %),6644350,237811007000,2252320,105436177000,0,0.0
24/12/2010,2061710,80138778000,472.8(-0.55 %),3912190,157321942000,1850480,77183164000,0,0.0
27/12/2010,2028890,71364724000,473.1(0.06 %),3406970,131834135000,1378080,60469411000,0,0.0
28/12/2010,-729720,-467736000,479.3(1.31 %),3555240,148617155000,4284960,149084891000,0,0.0
29/12/2010,-771220,-783919000,478.8(-0.10 %),6785979,229079973000,7557199,229863892000,0,0.0
30/12/2010,1799700,56901536000,481.4(0.54 %),5572488,229127698000,3772788,172226162000,0,0.0
31/12/2010,1699960,60308131000,484.7(0.69 %),2856700,110736531000,1156740,50428400000,0,0.0
04/01/2011,1093090,22044183000,486(0.27 %),2638640,102461708000,1545550,80417525000,0,0.0
05/01/2011,1253790,56590089000,481.9(-0.84 %),3739260,146641384000,2485470,90051295000,0,0.0
06/01/2011,1733670,75486200000,482.3(0.08 %),3098300,116924480000,1364630,41438280000,0,0.0
07/01/2011,699900,10297179000,481.9(-0.08 %),3723350,160308332000,3023450,150011153000,0,0.0
10/01/2011,1935597,76567401000,481.9(-0.08 %),4376877,155601052000,2441280,79033651000,0,0.0
11/01/2011,2490660,49718356000,477.4(-0.67 %),4299610,148397368000,1808950,98679012000,0,0.0
12/01/2011,-716990,-63639962000,478.5(0.23 %),2246390,78166326000,2963380,141806288000,0,0.0
13/01/2011,2683520,78498528000,484.1(1.17 %),3978460,143679194000,1294940,65180666000,0,0.0
14/01/2011,4500180,136152068000,489.2(1.05 %),7116420,223065195000,2616240,86913127000,0,0.0
17/01/2011,2030180,54139102000,495.2(1.23 %),6003670,166211031000,3973490,112071929000,0,0.0
18/01/2011,2826980,96543782000,497.4(0.44 %),4509890,158426738000,1682910,61882956000,0,0.0
19/01/2011,3988500,131364861000,505.9(2.28 %),7231650,255136190000,3243150,123771329000,0,0.0
20/01/2011,2679160,88244649000,512(1.21 %),5421600,188492748000,2742440,100248099000,0,0.0
21/01/2011,3682610,106915722000,519.5(1.46 %),5732210,192118292000,2049600,85202570000,0,0.0
24/01/2011,1527640,59011087000,509.9(-1.85 %),3663260,134314267000,2135620,75303180000,0,0.0
25/01/2011,2457070,87098677000,502(-1.55 %),4713190,179571830000,2256120,92473153000,0,0.0
26/01/2011,1169180,34648558000,501.3(-0.14 %),2806170,111103104000,1636990,76454546000,0,0.0
27/01/2011,4722730,150496835000,502.7(0.28 %),5840280,202001567000,1117550,51504732000,0,0.0
28/01/2011,5083456,175729188000,510.6(1.57 %),6862606,239530156000,1779150,63800968000,0,0.0
08/02/2011,2686490,82398355000,520.7(1.98 %),4642550,171038832000,1956060,88640477000,0,0.0
09/02/2011,1352850,52125095000,522.6(0.36 %),3225010,136515691000,1872160,84390596000,0,0.0
10/02/2011,-221270,-11524665000,520.2(-0.46 %),2512190,103945521000,2733460,115470186000,0,0.0
11/02/2011,-397410,-28360851000,520(-0.04 %),2662480,96421897000,3059890,124782748000,0,0.0
14/02/2011,-617650,-34041354000,514.1(-1.13 %),2703800,96238478000,3321450,130279832000,0,0.0
15/02/2011,-498940,-18067180000,517.9(0.74 %),2326720,74754123000,2825660,92821303000,0,0.0
16/02/2011,43250,19603946000,513(-0.97 %),3586590,138418412000,3543340,118814466000,0,0.0
17/02/2011,1125510,51132640000,509.8(-0.64 %),3505590,123265109000,2380080,72132469000,0,0.0
18/02/2011,48110,-10152913000,503.9(-1.16 %),3112240,100356057000,3064130,110508970000,0,0.0
21/02/2011,-105500,13526996000,483.7(-4.01 %),3068770,91220781000,3174270,77693785000,0,0.0
22/02/2011,-4315590,-101420199000,470(-2.83 %),3673480,138346251000,7989070,239766450000,0,0.0
23/02/2011,-732480,-27449020000,470.7(0.15 %),2600570,77473999000,3333050,104923019000,0,0.0
24/02/2011,625490,-14204249000,461.3(-2.00 %),5045988,144539353000,4420498,158743602000,0,0.0
25/02/2011,1008630,7486997000,467(1.24 %),3157520,93391888000,2148890,85904891000,0,0.0
28/02/2011,1003160,17156630000,461.4(-1.20 %),4857743,146218263000,3854583,129061633000,0,0.0
01/03/2011,314920,-16837160000,466.1(1.02 %),1739600,60039654000,1424680,76876814000,0,0.0
02/03/2011,745840,-1407172000,457.8(-1.78 %),4469755,121884993000,3723915,123292165000,0,0.0
03/03/2011,1084230,29830374000,452.3(-1.20 %),2826370,87932400000,1742140,58102026000,0,0.0
04/03/2011,1194100,-1058824000,459.2(1.53 %),3701720,93101211000,2507620,94160035000,0,0.0
07/03/2011,-166640,-4932968000,468.2(1.96 %),2381330,81285719000,2547970,86218687000,0,0.0
08/03/2011,528567,15682213000,475.4(1.54 %),3179070,111234141000,2650503,95551928000,0,0.0
09/03/2011,793850,-7004296000,470.5(-1.03 %),2728270,87525888000,1934420,94530184000,0,0.0
10/03/2011,-236452,12022892000,482.5(2.55 %),4646456,181568317000,4882908,169545425000,0,0.0
11/03/2011,-684850,3829110000,495.1(2.61 %),5039640,158194432000,5724490,154365322000,0,0.0
14/03/2011,2427450,87533754000,479.9(-3.07 %),5187590,161577783000,2760140,74044029000,0,0.0
15/03/2011,-1817180,-47842551000,468.7(-2.33 %),6218620,155712386000,8035800,203554937000,0,0.0
16/03/2011,-1930140,-63605547000,463.6(-1.09 %),5793740,189373921000,7723880,252979468000,0,0.0
17/03/2011,-747480,-15296720000,460.5(-0.67 %),6087130,181334529000,6834610,196631249000,0,0.0
18/03/2011,-7452470,-215004726000,461.1(0.13 %),9456090,301460976000,16908560,516465702000,0,0.0
21/03/2011,-1548220,-27270716000,468.3(1.56 %),2399522,79776314000,3947742,107047030000,0,0.0
22/03/2011,1105630,29606449000,464.8(-0.75 %),3712580,130741928000,2606950,101135479000,0,0.0
23/03/2011,1648720,44597957000,467.6(0.60 %),3854850,112957399000,2206130,68359442000,0,0.0
24/03/2011,173620,-787107000,461.3(-1.35 %),1704620,55087571000,1531000,55874678000,0,0.0
25/03/2011,714020,14102264000,457.7(-0.78 %),1663610,52374249000,949590,38271985000,0,0.0
28/03/2011,754570,23167826000,459.5(0.39 %),1578470,48731161000,823900,25563335000,0,0.0
29/03/2011,1683980,53109261000,457.9(-0.35 %),2394930,93020371000,710950,39911110000,0,0.0
30/03/2011,1744430,57094481000,460(0.46 %),2601910,87554736000,857480,30460255000,0,0.0
31/03/2011,1748580,51214455000,461.1(0.24 %),2217000,68154092000,468420,16939637000,0,0.0
01/04/2011,1233520,35133860000,459.2(-0.41 %),1679560,47893946000,446040,12760086000,0,0.0
04/04/2011,1359250,39575177000,457.3(-0.41 %),2641510,87420545000,1282260,47845368000,0,0.0
05/04/2011,2757790,204576409000,457.2(-0.02 %),3860610,234949030000,1102820,30372621000,0,0.0
06/04/2011,563450,35023852000,464.9(1.68 %),3009450,113428993000,2446000,78405141000,0,0.0
07/04/2011,2215520,98923481000,463.5(-0.30 %),4313530,161583980000,2098010,62660499000,0,0.0
08/04/2011,1776370,52641696000,464.3(0.17 %),3358460,103991524000,1582090,51349828000,0,0.0
13/04/2011,445070,20274850000,461(-0.71 %),2408330,71677365000,1963260,51402515000,0,0.0
14/04/2011,1421560,33610250000,460.6(-0.09 %),2716680,84230452000,1295120,50620202000,0,0.0
15/04/2011,1663850,40189973000,461(0.09 %),3601560,119414163000,1937710,79224190000,0,0.0
18/04/2011,8520,18966018000,455.5(-1.19 %),2503520,78068228000,2495000,59102210000,0,0.0
19/04/2011,1317750,33704791000,453.7(-0.40 %),2399300,72857931000,1081550,39153140000,0,0.0
20/04/2011,1190160,15036608000,458.5(1.06 %),3462930,111064704000,2272770,96028096000,0,0.0
21/04/2011,671350,24657467000,460.3(0.39 %),2269840,102119102000,1598490,77461635000,0,0.0
22/04/2011,576840,16835245000,456.5(-0.83 %),1072990,37143800000,496150,20308555000,0,0.0
25/04/2011,-960650,-2488247000,465.6(1.99 %),1558130,55804864000,2518780,58293111000,0,0.0
26/04/2011,1988540,58008799000,461.9(-0.79 %),3384070,132818938000,1395530,74810139000,0,0.0
27/04/2011,775800,35880092000,469.3(1.60 %),3904550,121844096000,3128750,85964004000,0,0.0
28/04/2011,-526330,-5311696000,472.9(0.77 %),1853130,54644200000,2379460,59955896000,0,0.0
29/04/2011,803820,29633412000,480.1(1.52 %),3044330,143610757000,2240510,113977345000,0,0.0
04/05/2011,1148210,982646000,486.6(1.35 %),3750390,120134287000,2602180,119151641000,0,0.0
05/05/2011,1360775,44769871000,479.3(-1.50 %),2426450,88378485000,1065675,43608614000,0,0.0
06/05/2011,539560,8569357000,472.7(-1.38 %),4693940,359368483000,4154380,350799126000,0,0.0
09/05/2011,794218,17393170000,477.5(1.02 %),2871710,91009945000,2077492,73616775000,0,0.0
10/05/2011,1397810,39388181000,481.3(0.80 %),2724750,87201603000,1326940,47813422000,0,0.0
11/05/2011,466150,21914813000,483.2(0.39 %),2574920,99245957000,2108770,77331144000,0,0.0
12/05/2011,-1776760,-93734358000,482.1(-0.23 %),2391010,75969114000,4167770,169703472000,0,0.0
13/05/2011,1409010,41528889000,479.7(-0.50 %),2857330,114725281000,1448320,73196392000,0,0.0
16/05/2011,987620,27835156000,471.5(-1.71 %),2776320,82123055000,1788700,54287899000,0,0.0
17/05/2011,1209540,25905591000,464.4(-1.51 %),2478130,76356862000,1268590,50451271000,0,0.0
18/05/2011,-209740,10706802000,454.9(-2.05 %),3790437,107209412000,4000177,96502610000,0,0.0
19/05/2011,950720,41963852000,444.9(-2.20 %),2787740,100564961000,1837020,58601109000,0,0.0
20/05/2011,-930520,-41240146000,432.9(-2.70 %),2944220,104973461000,3874740,146213607000,0,0.0
23/05/2011,-494680,-30426627000,417.8(-3.49 %),3215250,104808466000,3709930,135235093000,0,0.0
24/05/2011,-712090,-36359253000,402.6(-3.64 %),3228420,98052939000,3940510,134412192000,0,0.0
25/05/2011,-873860,-63236996000,386.4(-4.02 %),3044110,91109347000,3917970,154346343000,0,0.0
26/05/2011,-1254800,-90644692000,398(3.00 %),5968640,127682772000,7223440,218327464000,0,0.0
27/05/2011,331730,-1279993000,410.8(3.22 %),3731710,89443023000,3399980,90723016000,0,0.0
30/05/2011,1760500,34296952000,412.1(0.32 %),2898650,80290445000,1138150,45993493000,0,0.0
31/05/2011,1377900,30242010000,421.4(2.26 %),3192460,85668492000,1814560,55426482000,0,0.0
01/06/2011,1998360,46330628000,435.7(3.39 %),4119520,127095964000,2121160,80765336000,0,0.0
02/06/2011,5520,26720522000,450.6(3.42 %),4483400,141794711000,4477880,115074189000,0,0.0
03/06/2011,2908310,98961422000,443.4(-1.60 %),7591580,225841375000,4683270,126879953000,0,0.0
06/06/2011,780270,21065657000,433.8(-2.17 %),2181360,66777943000,1401090,45712286000,0,0.0
07/06/2011,479420,15444704000,443.7(2.28 %),3687870,101922830000,3208450,86478126000,0,0.0
08/06/2011,-745810,1408342000,439.6(-0.92 %),3472410,89309279000,4218220,87900937000,0,0.0
09/06/2011,-1481080,-16380732000,444(1.00 %),1604460,45779598000,3085540,62160330000,0,0.0
10/06/2011,-2475650,-31784945000,445(0.23 %),1247690,44222708000,3723340,76007653000,0,0.0
13/06/2011,-4427990,-71420427000,442.7(-0.52 %),1168110,43172341000,5596100,114592768000,0,0.0
14/06/2011,-4268570,-63994825000,441.5(-0.27 %),1647486,62432703000,5916056,126427528000,0,0.0
15/06/2011,429540,109737481000,441.5(0.00 %),7236290,248258895000,6806750,138521414000,0,0.0
16/06/2011,-4579590,-44617487000,445.2(0.84 %),3079060,116263104000,7658650,160880591000,0,0.0
17/06/2011,-5086480,-36569627000,438.9(-1.42 %),6936240,251593006000,12022720,288162633000,0,0.0
20/06/2011,-2303430,-26112134000,431.6(-1.66 %),1639750,65451812000,3943180,91563946000,0,0.0
21/06/2011,88950,10068027000,442.7(2.57 %),3444870,151885552000,3355920,141817525000,0,0.0
22/06/2011,917090,27231151000,439.6(-0.70 %),3738780,136628868000,2821690,109397717000,0,0.0
23/06/2011,-366020,-2741199000,434.8(-1.09 %),1296770,40017154000,1662790,42758353000,0,0.0
24/06/2011,-2424260,-29602101000,433.4(-0.32 %),1806170,66960129000,4230430,96562230000,0,0.0
27/06/2011,4529480,714179242000,434.3(0.21 %),7735570,787347769000,3206090,73168527000,0,0.0
28/06/2011,-727160,-7899133000,432.3(-0.46 %),1175250,38577779000,1902410,46476912000,0,0.0
29/06/2011,-160490,44050411000,434.6(0.53 %),2666420,116269592000,2826910,72219181000,0,0.0
30/06/2011,-237563,8893313000,432.5(-0.48 %),1503997,58984463000,1741560,50091150000,0,0.0
01/07/2011,-594140,-6424456000,425.3(-1.66 %),1168860,41516701000,1763000,47941157000,0,0.0
04/07/2011,-447330,-7405223000,425.4(0.02 %),1238300,42391784000,1685630,49797007000,0,0.0
05/07/2011,-897040,-14689136000,431(1.32 %),1588160,41467886000,2485200,56157022000,0,0.0
06/07/2011,-389170,-1527075000,428.3(-0.63 %),3252150,217467365000,3641320,218994440000,0,0.0
07/07/2011,-1387800,-17378671000,430(0.40 %),2032810,148747608000,3420610,166126279000,0,0.0
08/07/2011,-772360,-18419222000,430.3(0.07 %),1773150,48474244000,2545510,66893466000,0,0.0
11/07/2011,-340430,966175000,425.1(-1.21 %),1809100,46549134000,2149530,45582959000,0,0.0
12/07/2011,-133120,4591615000,417.3(-1.83 %),2869124,143190724000,3002244,138599109000,0,0.0
13/07/2011,-1057170,-13147506000,418.2(0.22 %),2329800,108346204000,3386970,121493710000,0,0.0
14/07/2011,491130,15214493000,418.9(0.17 %),2215980,96411041000,1724850,81196548000,0,0.0
15/07/2011,-1373270,-9812903000,414.7(-1.00 %),2891420,120852029000,4264690,130664932000,0,0.0
18/07/2011,-498010,-13063376000,415.8(0.27 %),1841910,63466513000,2339920,76529889000,0,0.0
19/07/2011,-346550,13204245000,410.1(-1.37 %),1766230,53737808000,2112780,40533563000,0,0.0
20/07/2011,1141570,34523856000,416.8(1.63 %),3900650,129281328000,2759080,94757472000,0,0.0
21/07/2011,546120,13913214000,413.1(-0.89 %),1734030,45800646000,1187910,31887432000,0,0.0
22/07/2011,266820,8256611000,409.2(-0.94 %),2468800,79116795000,2201980,70860184000,0,0.0
25/07/2011,181340,9174587000,409.36(0.04 %),1914440,52482530000,1733100,43307943000,0,0.0
26/07/2011,-211140,-3335642000,409.4(0.00 %),1273500,40718254000,1484640,44053896000,0,0.0
27/07/2011,879492,23667759000,409.4(0.00 %),2528670,81590784000,1649178,57923025000,0,0.0
28/07/2011,951380,35613034000,408.4(-0.24 %),2101910,67464047000,1150530,31851013000,0,0.0
29/07/2011,1809280,75779347000,405.7(-0.66 %),4239390,145083360000,2430110,69304013000,0,0.0
01/08/2011,1378830,83327229000,401.95(-0.92 %),3839290,150663211000,2460460,67335982000,0,0.0
02/08/2011,-865370,-127997049000,396.55(-1.34 %),2829800,69024919000,3695170,197021968000,0,0.0
03/08/2011,-19260,-7563278000,391.47(-1.28 %),2245990,53892492000,2265250,61455770000,0,0.0
04/08/2011,-2567370,-166283629000,396.05(1.17 %),76522782,1253551245000,79090152,1419834874000,0,0.0
05/08/2011,398630,-5777876000,397.66(0.41 %),2583140,66647398000,2184510,72425274000,0,0.0
08/08/2011,-1250950,-42618344000,396.4(-0.32 %),4639450,91064656000,5890400,133683000000,0,0.0
09/08/2011,5730823,87523262000,387.7(-2.19 %),7564403,144101596000,1833580,56578334000,0,0.0
10/08/2011,-1839470,-33854490000,386(-0.44 %),5628872,109003827000,7468342,142858317000,0,0.0
11/08/2011,-222900,10898001000,384.4(-0.41 %),2255710,85094738000,2478610,74196737000,0,0.0
12/08/2011,-875440,-10904950000,383.92(-0.12 %),1847206,52051857000,2722646,62956807000,0,0.0
15/08/2011,-80310,892884000,384.32(0.10 %),940060,21291986000,1020370,20399102000,0,0.0
16/08/2011,414700,11780295000,386.48(0.56 %),1713390,53875359000,1298690,42095064000,0,0.0
17/08/2011,-869000,-21221049000,393.46(1.81 %),1549170,35792162000,2418170,57013211000,0,0.0
18/08/2011,1145680,32053225000,402.89(2.40 %),4669720,103660309000,3524040,71607084000,0,0.0
19/08/2011,-642190,-22420534000,400.76(-0.53 %),2197370,53147398000,2839560,75567932000,0,0.0
22/08/2011,-574160,-16854264000,406.03(1.32 %),1791410,36559214000,2365570,53413478000,0,0.0
23/08/2011,2249439,38501330000,401.28(-1.17 %),3947690,87176383000,1698251,48675053000,0,0.0
24/08/2011,-1089390,-39847430000,396.68(-1.15 %),3316450,73912531000,4405840,113759961000,0,0.0
25/08/2011,3246530,82750922000,401.65(1.25 %),5066371,151515597000,1819841,68764675000,0,0.0
26/08/2011,214940,2209757000,404.4(0.67 %),2468100,67211105000,2253160,65001348000,0,0.0
29/08/2011,-986250,-26805763000,413.37(2.22 %),2486370,68339555000,3472620,95145318000,0,0.0
30/08/2011,-635470,-12311586000,419.26(1.42 %),2120960,61283800000,2756430,73595386000,0,0.0
31/08/2011,-121830,-5391266000,425.43(1.47 %),5198140,141654051000,5319970,147045317000,0,0.0
01/09/2011,-1497850,-21418892000,435.29(2.49 %),2330960,77527394000,3828810,98946286000,0,0.0
05/09/2011,-2156773,-50069993000,435.73(0.10 %),4437250,131567718000,6594023,181637711000,0,0.0
06/09/2011,3681960,55226823000,436.16(0.10 %),6266910,187963772000,2584950,132736949000,0,0.0
07/09/2011,-1132470,2144524000,443.99(1.80 %),3358480,110029978000,4490950,107885454000,0,0.0
08/09/2011,1578086,54919893000,453.26(2.09 %),5095696,153550481000,3517610,98630588000,0,0.0
09/09/2011,1133570,25674298000,459.92(1.47 %),3359920,111658725000,2226350,85984427000,0,0.0
12/09/2011,-2901040,-57817443000,462.93(0.65 %),5472230,173216504000,8373270,231033947000,0,0.0
13/09/2011,-4457849,-122009576000,469.4(1.40 %),4698971,140507309000,9156820,262516885000,0,0.0
14/09/2011,-4654880,-122745495000,466.99(-0.51 %),6450510,202732377000,11105390,325477872000,0,0.0
15/09/2011,-5526800,-165931562000,470.67(0.79 %),6487090,240377047000,12013890,406308609000,0,0.0
16/09/2011,-8204930,-227585799000,457.11(-2.88 %),8597920,309594582000,16802850,537180381000,0,0.0
19/09/2011,278470,5160400000,461.68(1.00 %),6753820,692545849000,6475350,687385449000,0,0.0
20/09/2011,-206460,-16791867000,454.37(-1.58 %),3448190,116932717000,3654650,133724584000,0,0.0
21/09/2011,-618080,-4942244000,447.57(-1.50 %),3846180,112014484000,4464260,116956728000,0,0.0
22/09/2011,-1301720,-75960961000,449.26(0.38 %),6716790,189612247000,8018510,265573208000,0,0.0
23/09/2011,-269488,-37345821000,440.3(-1.99 %),2361260,76044945000,2630748,113390766000,0,0.0
26/09/2011,-3595650,-113502151000,434.43(-1.33 %),2200253,69412685000,5795903,182914836000,0,0.0
27/09/2011,-1310760,-28059280000,437.47(0.70 %),3505476,79935093000,4816236,107994373000,0,0.0
28/09/2011,-4273100,-103629657000,433.97(-0.80 %),2636850,76513877000,6909950,180143534000,0,0.0
29/09/2011,2300470,-5684139000,428.08(-1.36 %),7247420,165053366000,4946950,170737505000,0,0.0
30/09/2011,-492850,2312572000,427.6(-0.11 %),3091910,110350873000,3584760,108038301000,0,0.0
03/10/2011,921520,12065610000,422.12(-1.28 %),2260730,54260035000,1339210,42194425000,0,0.0
04/10/2011,-1145060,-19946627000,418.18(-0.93 %),1855993,96027089000,3001053,115973716000,0,0.0
05/10/2011,-2043790,-46664406000,417.21(-0.23 %),2437390,90175258000,4481180,136839664000,0,0.0
06/10/2011,-3346040,-86679226000,421.3(0.98 %),1790400,68487230000,5136440,155166456000,0,0.0
07/10/2011,-1092070,-20240384000,417.96(-0.79 %),2482460,52336033000,3574530,72576417000,0,0.0
10/10/2011,654320,20998467000,419.66(0.41 %),1056920,38217833000,402600,17219366000,0,0.0
11/10/2011,-214180,-6628548000,417.73(-0.46 %),2596265,67905236000,2810445,74533784000,0,0.0
12/10/2011,1657550,40100609000,410.91(-1.63 %),2812490,71536383000,1154940,31435774000,0,0.0
13/10/2011,-396410,-6437198000,412.59(0.41 %),1656103,44527679000,2052513,50964877000,0,0.0
14/10/2011,643790,23084563000,414.49(0.46 %),1397760,43037226000,753970,19952663000,0,0.0
17/10/2011,-1277434,-25472353000,410.84(-0.88 %),2632395,98554437000,3909829,124026790000,0,0.0
18/10/2011,-427373,-20053393000,404.32(-1.59 %),1912930,42817291000,2340303,62870684000,0,0.0
19/10/2011,-2083730,-55006741000,401.15(-0.78 %),2185090,52576674000,4268820,107583415000,0,0.0
20/10/2011,58860,47325521000,403.73(0.64 %),2289410,127673311000,2230550,80347790000,0,0.0
21/10/2011,-376980,-6979775000,411.03(1.81 %),3798280,118547057000,4175260,125526832000,0,0.0
24/10/2011,396750,-1159969000,414.46(0.83 %),2227760,59860685000,1831010,61020654000,0,0.0
25/10/2011,439606,1703621000,409.38(-1.23 %),2814690,80275637000,2375084,78572016000,0,0.0
26/10/2011,2344856,118788013000,412.1(0.66 %),7742050,297311493000,5397194,178523480000,0,0.0
27/10/2011,-312480,3249395000,414.75(0.64 %),1593190,52064825000,1905670,48815430000,0,0.0
28/10/2011,-433710,2589189000,422.07(1.76 %),1891400,61893747000,2325110,59304558000,0,0.0
31/10/2011,-502210,4787578000,420.81(-0.30 %),2705740,88767002000,3207950,83979424000,0,0.0
01/11/2011,85820,9630064000,413.82(-1.66 %),1875070,65119670000,1789250,55489606000,0,0.0
02/11/2011,3889657,63113771000,407.79(-1.46 %),7204257,135277658000,3314600,72163887000,0,0.0
03/11/2011,1672196,26414891000,408.44(0.16 %),3798416,78225961000,2126220,51811070000,0,0.0
04/11/2011,-637160,5432121000,410.57(0.52 %),1800690,93835631000,2437850,88403510000,0,0.0
07/11/2011,23940,19099914000,410.52(-0.01 %),3174310,120417473000,3150370,101317559000,0,0.0
08/11/2011,-2646810,-39075176000,408.6(-0.47 %),2209150,139729826000,4855960,178805002000,0,0.0
09/11/2011,1954468,150488515000,405.19(-0.83 %),4368218,228673731000,2413750,78185216000,0,0.0
10/11/2011,1374980,146446754000,401.03(-1.03 %),4218160,228542580000,2843180,82095826000,0,0.0
11/11/2011,-2489930,34265652000,396.3(-1.18 %),3041410,129438302000,5531340,95172650000,0,0.0
14/11/2011,-1490000,7815412000,391.74(-1.15 %),4185970,115017727000,5675970,107202315000,0,0.0
15/11/2011,-1364110,795175000,387.87(-0.99 %),3997130,115691439000,5361240,114896264000,0,0.0
16/11/2011,-3046410,-65761763000,390.89(0.78 %),3466670,84084377000,6513080,149846140000,0,0.0
17/11/2011,-3078210,-37982080000,385.86(-1.29 %),3478990,99190134000,6557200,137172214000,0,0.0
18/11/2011,-1824640,-29587581000,379.62(-1.62 %),2953520,76989361000,4778160,106576942000,0,0.0
21/11/2011,-667189,-22051212000,379.14(-0.13 %),1253590,28259879000,1920779,50311091000,0,0.0
22/11/2011,2547470,43524742000,381.76(0.69 %),5127840,126771829000,2580370,83247087000,0,0.0
23/11/2011,-3867706,-47615360000,388.57(1.78 %),2695940,88634042000,6563646,136249402000,0,0.0
24/11/2011,-3645380,-51501070000,381.78(-1.75 %),1741310,50525000000,5386690,102026070000,0,0.0
25/11/2011,-2185670,-45041568000,383.35(0.41 %),1199010,44493477000,3384680,89535045000,0,0.0
28/11/2011,-2921050,-46633690000,383.31(-0.01 %),2329090,46047777000,5250140,92681467000,0,0.0
29/11/2011,-399390,-2410363000,382.9(-0.11 %),2348730,53848300000,2748120,56258663000,0,0.0
30/11/2011,-332950,16090364000,380.69(-0.58 %),3856270,101194034000,4189220,85103670000,0,0.0
01/12/2011,-317290,-18892516000,380.1(-0.15 %),2234475,50872640000,2551765,69765156000,0,0.0
02/12/2011,-1195836,-17243918000,383.88(0.99 %),2793660,133346038000,3989496,150589956000,0,0.0
05/12/2011,-2544890,-39554861000,391.19(1.90 %),1826420,61604768000,4371310,101159629000,0,0.0
06/12/2011,328480,18737088000,390.2(-0.25 %),3383760,93503426000,3055280,74766338000,0,0.0
07/12/2011,746200,26655027000,387.21(-0.77 %),3008010,77626608000,2261810,50971581000,0,0.0
08/12/2011,-2599050,-51996917000,381.63(-1.44 %),2128370,50080018000,4727420,102076935000,0,0.0
09/12/2011,-824910,-25618088000,377.16(-1.17 %),1129420,20704654000,1954330,46322742000,0,0.0
12/12/2011,-773960,-9114311000,375.3(-0.49 %),2805550,54343507000,3579510,63457818000,0,0.0
13/12/2011,-746683,-11648662000,371.75(-0.95 %),4338330,117999446000,5085013,129648108000,0,0.0
14/12/2011,891727,-3813773000,367.55(-1.13 %),6961260,125014355000,6069533,128828128000,0,0.0
15/12/2011,1545460,43002285000,364.48(-0.84 %),7211810,147652890000,5666350,104650605000,0,0.0
16/12/2011,3289730,84152451000,366.03(0.43 %),10536680,264785311000,7246950,180632860000,0,0.0
19/12/2011,1989160,58091054000,367.4(0.37 %),6389480,185464673000,4400320,127373619000,0,0.0
20/12/2011,-161370,1229012000,365.67(-0.47 %),4212420,158867796000,4373790,157638784000,0,0.0
21/12/2011,-14759770,-709704877000,367.72(0.56 %),3573895,125738298000,18333665,835443175000,0,0.0
22/12/2011,-4681390,39443197000,360.37(-2.00 %),4851430,193402147000,9532820,153958950000,0,0.0
23/12/2011,-345130,22661972000,356.21(-1.15 %),2006580,64782636000,2351710,42120664000,0,0.0
26/12/2011,-4182390,-54938095000,352.68(-0.99 %),2951708,60580862000,7134098,115518957000,0,0.0
27/12/2011,-15693740,-254639902000,347.8(-1.38 %),5259850,72676894000,20953590,327316796000,0,0.0
28/12/2011,-3799940,-48247139000,350.66(0.82 %),2560090,56977596000,6360030,105224735000,0,0.0
29/12/2011,231348,5355195000,350.51(-0.04 %),2795386,52537078000,2564038,47181883000,0,0.0
30/12/2011,989540,21952669000,351.55(0.30 %),4537320,87783619000,3547780,65830950000,0,0.0
03/01/2012,-1176460,-12821493000,350(-0.44 %),1585420,72415806000,2761880,85237299000,0,0.0
04/01/2012,148620,4697011000,348.84(-0.33 %),2883798,66829253000,2735178,62132242000,0,0.0
05/01/2012,-570540,-7879705000,340.94(-2.26 %),2163840,54667744000,2734380,62547449000,0,0.0
06/01/2012,-1783369,-42343233000,336.73(-1.23 %),2419150,46887192000,4202519,89230425000,0,0.0
09/01/2012,-103691015,-1656467609000,339.32(0.77 %),2203010,47054778000,105894025,1703522387000,0,0.0
10/01/2012,-3018930,-36218757000,344.68(1.58 %),4123750,100297288000,7142680,136516045000,0,0.0
11/01/2012,1101850,32736429000,347.43(0.80 %),2853780,67896305000,1751930,35159876000,0,0.0
12/01/2012,955920,32433868000,348.11(0.20 %),3827820,83863406000,2871900,51429538000,0,0.0
13/01/2012,2017850,38659695000,354.33(1.79 %),3001950,60160437000,984100,21500742000,0,0.0
16/01/2012,-3589710,-451655935000,357.87(1.00 %),3126090,77756896000,6715800,529412831000,0,0.0
17/01/2012,3462370,103912791000,358.86(0.28 %),4383640,123740233000,921270,19827442000,0,0.0
18/01/2012,1282580,15268262000,362.66(1.06 %),2129430,33412663000,846850,18144401000,0,0.0
19/01/2012,1770601,40447748000,373.43(2.97 %),3262451,77510958000,1491850,37063210000,0,0.0
20/01/2012,-206047,-242847952000,373(-0.12 %),4518317,103043528000,4724364,345891480000,0,0.0
30/01/2012,1933970,49833401000,384.94(3.20 %),3621350,87239427000,1687380,37406026000,0,0.0
31/01/2012,2381770,74775091000,387.97(0.79 %),4543600,116958012000,2161830,42182921000,0,0.0
01/02/2012,1687280,52583812000,390.67(0.70 %),4273480,100210824000,2586200,47627012000,0,0.0
02/02/2012,150480,25969792000,401.61(2.80 %),3231300,94596420000,3080820,68626628000,0,0.0
03/02/2012,14792490,290338098000,401.74(0.03 %),17032310,346558442000,2239820,56220344000,0,0.0
06/02/2012,1611930,37948618000,399.73(-0.50 %),2854860,70568292000,1242930,32619674000,0,0.0
07/02/2012,1210794,23806675000,401.08(0.34 %),3844450,87090198000,2633656,63283523000,0,0.0
08/02/2012,4878020,109192241000,409.53(2.11 %),7980990,166467659000,3102970,57275418000,0,0.0
09/02/2012,3535960,67080802000,411.39(0.45 %),6317570,140214259000,2781610,73133457000,0,0.0
10/02/2012,5435580,111234372000,405.02(-1.55 %),8146460,170651852000,2710880,59417480000,0,0.0
13/02/2012,2593130,53221634000,395.54(-2.34 %),5313319,99477099000,2720189,46255465000,0,0.0
14/02/2012,2926387,55344280000,400.26(1.19 %),5015687,101386585000,2089300,46042305000,0,0.0
15/02/2012,3582530,55515494000,397.41(-0.71 %),5133900,98492790000,1551370,42977296000,0,0.0
16/02/2012,610750,6998741000,396.51(-0.23 %),4921190,110047723000,4310440,103048982000,0,0.0
17/02/2012,2926660,35232220000,403.3(1.71 %),4975080,86462636000,2048420,51230416000,0,0.0
20/02/2012,920700,36595854000,413.98(2.65 %),3259590,83240574000,2338890,46644720000,0,0.0
21/02/2012,2320820,43990058000,410.91(-0.74 %),5630180,114058663000,3309360,70068605000,0,0.0
22/02/2012,2521700,42362406000,418.41(1.83 %),5209170,101929805000,2687470,59567399000,0,0.0
23/02/2012,5774670,90803594000,423.89(1.31 %),10193980,195367429000,4419310,104563835000,0,0.0
24/02/2012,5840830,101855202000,423.43(-0.11 %),11494720,227388379440,5653890,125533177440,0,0.0
27/02/2012,1119000,14227470000,428.41(1.18 %),7425830,164139815000,6306830,149912345000,0,0.0
28/02/2012,5849750,114493219000,422.22(-1.44 %),9277820,183059987000,3428070,68566768000,0,0.0
29/02/2012,5717000,158525024000,423.64(0.34 %),15400223,579858133000,9683223,421333109000,0,0.0
01/03/2012,-15908033,-392297017000,427.95(1.02 %),9040320,189410617000,24948353,581707634000,0,0.0
02/03/2012,2650710,44811662000,439.6(2.72 %),7562990,156188366000,4912280,111376704000,0,0.0
05/03/2012,-13720654,-369366004000,457.21(4.01 %),5724290,173227682000,19444944,542593686000,0,0.0
06/03/2012,-13720654,-369366004000,445(-2.67 %),5724290,173227682000,19444944,542593686000,0,0.0
07/03/2012,4145090,95096847000,444.02(-0.22 %),11092850,248989966000,6947760,153893119000,0,0.0
08/03/2012,2533890,63418140000,431.66(-2.78 %),8477500,218441189000,5943610,155023049000,0,0.0
09/03/2012,2766100,69912528000,432.11(0.10 %),7764720,185611748000,4998620,115699220000,0,0.0
12/03/2012,2563810,43003303000,428.02(-0.95 %),12671310,343931927000,10107500,300928624000,0,0.0
13/03/2012,-895310,-23925585000,429.39(0.32 %),6508130,145929424000,7403440,169855009000,0,0.0
14/03/2012,7354120,172625478000,433.86(1.04 %),14013530,381695234000,6659410,209069756000,0,0.0
15/03/2012,15406330,461544669000,441.85(1.84 %),26551400,669592996000,11145070,208048327000,0,0.0
16/03/2012,-6583405,-48288214000,438.52(-0.75 %),20036646,471002698000,26620051,519290912000,0,0.0
19/03/2012,3869130,93185341000,438.07(-0.10 %),8062400,200229850000,4193270,107044509000,0,0.0
20/03/2012,4286970,97412704000,440.29(0.51 %),8215871,304843806000,3928901,207431102000,0,0.0
21/03/2012,3787160,75439598000,445.77(1.24 %),9301060,204410404000,5513900,128970806000,0,0.0
22/03/2012,2289960,39098729000,445.67(-0.02 %),5984810,139860604000,3694850,100761875000,0,0.0
23/03/2012,5235030,93414947000,454.1(1.89 %),9113970,184341429000,3878940,90926482000,0,0.0
26/03/2012,4080890,94467897000,459.26(1.14 %),6691180,155145488000,2610290,60677591000,0,0.0
27/03/2012,4243620,91661603000,445.9(-2.92 %),8967280,192976362000,4723660,101314759000,0,0.0
28/03/2012,6616730,414680943000,446.32(0.09 %),9008500,500473513000,2391770,85792570000,0,0.0
29/03/2012,1835300,35268751000,439.63(-1.50 %),5235810,114038085000,3400510,78769334000,0,0.0
30/03/2012,3758790,89078941000,441.03(0.32 %),6422160,147765909000,2663370,58686968000,0,0.0
03/04/2012,364130,5470315000,445.77(1.07 %),3092180,78275284000,2728050,72804969000,0,0.0
04/04/2012,1991670,30945063000,439.77(-1.35 %),3539930,76487667000,1548260,45542604000,0,0.0
05/04/2012,-2806600,-75579262000,444.93(1.17 %),2215660,44699481000,5022260,120278743000,0,0.0
06/04/2012,-12048580,-263008896000,447.44(0.56 %),2593380,56775608000,14641960,319784504000,0,0.0
09/04/2012,252350,-7638945000,450.73(0.74 %),2874510,64158955000,2622160,71797900000,0,0.0
10/04/2012,811700,13122938000,450.85(0.03 %),4649980,107096084000,3838280,93973146000,0,0.0
11/04/2012,864460,18140552000,458.74(1.75 %),5753380,139798830000,4888920,121658278000,0,0.0
12/04/2012,3472870,67996259000,465.26(1.42 %),9735850,211175884000,6262980,143179625000,0,0.0
13/04/2012,8993460,152544592000,462.52(-0.59 %),13402030,251395633000,4408570,98851041000,0,0.0
16/04/2012,1581180,21513315000,468.26(1.24 %),5614180,128162840000,4033000,106649525000,0,0.0
17/04/2012,2713460,60255324000,472.84(0.98 %),7277640,194017281000,4564180,133761957000,0,0.0
18/04/2012,-19132730,-504006961000,472.16(-0.14 %),5733210,136622690000,24865940,640629651000,0,0.0
19/04/2012,-13091294,-298816412000,467.08(-1.08 %),7527050,191333978000,20618344,490150390000,0,0.0
20/04/2012,959970,29313870000,465.72(-0.29 %),4333660,125539998000,3373690,96226128000,0,0.0
23/04/2012,832790,17595518000,465.17(-0.12 %),4574090,116393116000,3741300,98797598000,0,0.0
24/04/2012,-1712590,-26083652000,465.65(0.10 %),4917430,163404407000,6630020,189488059000,0,0.0
25/04/2012,-371750,101874000,472.87(1.55 %),3969300,108402947000,4341050,108301073000,0,0.0
26/04/2012,1470260,27668056000,470.21(-0.56 %),6735091,305136836000,5264831,277468780000,0,0.0
27/04/2012,485300,-2432096000,473.77(0.76 %),2868880,66808224000,2383580,69240320000,0,0.0
02/05/2012,4475530,108855257000,472.46(-0.28 %),7724610,222016525000,3249080,113161268000,0,0.0
03/05/2012,1730180,37545387000,468.8(-0.77 %),5026450,126723520000,3296270,89178133000,0,0.0
04/05/2012,7043570,134283386000,476.32(1.60 %),9325980,196168148000,2282410,61884762000,0,0.0
07/05/2012,1567860,42987434000,486.31(2.10 %),5628860,143602166000,4061000,100614732000,0,0.0
08/05/2012,2977450,49139909000,488.07(0.36 %),8603761,203992285000,5626311,154852376000,0,0.0
09/05/2012,2550250,34265761000,487.62(-0.09 %),5756610,133896971000,3206360,99631210000,0,0.0
10/05/2012,-83360,-8578414000,486.07(-0.32 %),5942810,150296215000,6026170,158874629000,0,0.0
11/05/2012,3467180,78804316000,480.1(-1.23 %),7774400,194451540000,4307220,115647224000,0,0.0
14/05/2012,-2348290,-59908930000,469.69(-2.17 %),4580080,121659539000,6928370,181568469000,0,0.0
15/05/2012,-3794291,-105231030000,455.65(-2.99 %),5583399,159756378000,9377690,264987408000,0,0.0
16/05/2012,-1237600,-54855218000,449.91(-1.26 %),5816760,156639824000,7054360,211495042000,0,0.0
17/05/2012,-2969650,-89258031000,442.58(-1.63 %),7600955,144115713000,10570605,233373744000,0,0.0
18/05/2012,-3467140,-94641402000,434.95(-1.72 %),5627730,125667517000,9094870,220308919000,0,0.0
21/05/2012,-4344040,-109414835000,448.02(3.00 %),3549980,125100230000,7894020,234515065000,0,0.0
22/05/2012,2515880,58983372000,447.94(-0.02 %),4355060,123822670000,1839180,64839298000,0,0.0
23/05/2012,2041800,42766730000,436.75(-2.50 %),4565100,124000348000,2523300,81233618000,0,0.0
24/05/2012,-1258800,-15293976000,426.92(-2.25 %),5125810,151658084000,6384610,166952060000,0,0.0
25/05/2012,-2057090,-49658684000,437.38(2.45 %),2418090,65754554000,4475180,115413238000,0,0.0
28/05/2012,1272080,15302618000,435.48(-0.43 %),2883070,64239820000,1610990,48937202000,0,0.0
29/05/2012,829690,5471742000,431.44(-0.93 %),3724290,86630535000,2894600,81158793000,0,0.0
30/05/2012,1998120,44200856000,435.34(0.90 %),4152150,115139776000,2154030,70938920000,0,0.0
31/05/2012,1529340,67744415000,429.2(-1.41 %),2533810,96125325000,1004470,28380910000,0,0.0
01/06/2012,1622050,33286010000,428.8(-0.09 %),4682780,120722576000,3060730,87436566000,0,0.0
04/06/2012,-4977600,-112365598000,416.65(-2.83 %),3990670,85117898000,8968270,197483496000,0,0.0
05/06/2012,-4543310,-111498246000,421.02(1.05 %),2478580,70107482000,7021890,181605728000,0,0.0
06/06/2012,-1783450,-47581203000,426.39(1.28 %),1429650,33267808000,3213100,80849011000,0,0.0
07/06/2012,-5280680,-118106091000,434.41(1.88 %),1611840,45860642000,6892520,163966733000,0,0.0
08/06/2012,-1268750,-22015458000,432.9(-0.35 %),3385410,89079093000,4654160,111094551000,0,0.0
11/06/2012,-3739330,-88600054000,432.5(-0.09 %),3332150,77055883000,7071480,165655937000,0,0.0
12/06/2012,-3072400,-60029583000,428.16(-1.00 %),2807430,80757147000,5879830,140786730000,0,0.0
13/06/2012,-4575250,-82611184000,427.61(-0.13 %),3841630,93345089000,8416880,175956273000,0,0.0
14/06/2012,-5027350,-93021137000,425.28(-0.54 %),4698770,112607376000,9726120,205628513000,0,0.0
15/06/2012,-10986850,-166433109000,433.09(1.84 %),15644540,391377746000,26631390,557810855000,0,0.0
18/06/2012,-407570,-5083563000,435.59(0.58 %),7172712,158585476000,7580282,163669039000,0,0.0
19/06/2012,660130,21317319000,431.08(-1.04 %),13298241,378095597000,12638111,356778278000,0,0.0
20/06/2012,-738110,-7902344000,432.89(0.42 %),1229980,29273251000,1968090,37175595000,0,0.0
21/06/2012,1096380,21467525000,431.14(-0.40 %),3405900,70315504000,2309520,48847979000,0,0.0
22/06/2012,4079330,87119507000,427.17(-0.92 %),6263350,137173033000,2184020,50053526000,0,0.0
25/06/2012,3272460,54524996000,424.12(-0.71 %),5219270,103618930000,1946810,49093934000,0,0.0
26/06/2012,1112720,7317775000,419.19(-1.16 %),4936700,104990983000,3823980,97673208000,0,0.0
27/06/2012,69690,-11359519000,418.04(-0.27 %),3824820,81596546000,3755130,92956065000,0,0.0
28/06/2012,205380,285069000,418.16(0.03 %),3808381,94426185000,3603001,94141116000,0,0.0
29/06/2012,1971520,50983315000,422.37(1.01 %),3564950,106641567000,1593430,55658252000,0,0.0
02/07/2012,503490,18141818000,419.3(-0.73 %),4436757,67452209000,3933267,49310391000,0,0.0
03/07/2012,1404700,17820834000,413.09(-1.48 %),3894160,74735252000,2489460,56914418000,0,0.0
04/07/2012,12240,-3973640000,410.73(-0.57 %),1554770,29473418000,1542530,33447058000,0,0.0
05/07/2012,878180,4403760000,413.83(0.75 %),1702190,23732782000,824010,19329022000,0,0.0
06/07/2012,-30090,379872000,415.44(0.39 %),1362340,22325267000,1392430,21945395000,0,0.0
09/07/2012,-49870,-20112083000,408.12(-1.76 %),2737290,52696292000,2787160,72808375000,0,0.0
10/07/2012,-1588870,-32098509000,405.39(-0.67 %),2267090,55219315000,3855960,87317824000,0,0.0
11/07/2012,-877570,-25401280000,407.28(0.47 %),1204940,20391228000,2082510,45792508000,0,0.0
12/07/2012,-461120,-14811815000,408.72(0.35 %),690540,21210738000,1151660,36022553000,0,0.0
13/07/2012,-448750,-8918722000,416.98(2.02 %),2383280,47070775000,2832030,55989497000,0,0.0
16/07/2012,1996040,38408059000,413.98(-0.72 %),3575180,67208592000,1579140,28800533000,0,0.0
17/07/2012,831950,21256920000,417.55(0.86 %),4769579,122796736000,3937629,101539816000,0,0.0
18/07/2012,1234680,28561259000,418.83(0.31 %),3788525,97153649000,2553845,68592390000,0,0.0
19/07/2012,376180,8708823000,428.38(2.28 %),3793450,124558576000,3417270,115849753000,0,0.0
20/07/2012,-1081910,-35409855000,424.47(-0.91 %),3681266,97182253000,4763176,132592108000,0,0.0
23/07/2012,-7480,-9417657000,421.99(-0.58 %),1095550,19627533000,1103030,29045190000,0,0.0
24/07/2012,884910,8859554000,415.63(-1.51 %),1982950,45570720000,1098040,36711166000,0,0.0
25/07/2012,1493652,78629649000,412.91(-0.65 %),3434222,138640029000,1940570,60010380000,0,0.0
26/07/2012,-1013620,-30212652000,414.8(0.46 %),545828,11899825000,1559448,42112477000,0,0.0
27/07/2012,839590,-7167629000,413.16(-0.40 %),2484425,72515712000,1644835,79683341000,0,0.0
30/07/2012,58800,8230119000,415(0.45 %),1497394,63098637000,1438594,54868518000,0,0.0
31/07/2012,1361510,39673636000,414.48(-0.13 %),3513450,102693292000,2151940,63019656000,0,0.0
01/08/2012,-414480,-5073394000,412.55(-0.47 %),1373090,46781871000,1787570,51855265000,0,0.0
02/08/2012,547140,23447636000,416.1(0.86 %),1208330,38783964000,661190,15336328000,0,0.0
03/08/2012,1392970,46883510000,418.21(0.51 %),2213860,73100501000,820890,26216991000,0,0.0
06/08/2012,125550,423067000,423.16(1.18 %),1703920,45932324000,1578370,45509257000,0,0.0
07/08/2012,-13900,11509203000,422.5(-0.16 %),1825720,79918826000,1839620,68409623000,0,0.0
08/08/2012,76450,521607000,423.57(0.25 %),987000,30551967000,910550,30030360000,0,0.0
09/08/2012,-496680,-3633353000,426.98(0.81 %),1236360,40228001000,1733040,43861354000,0,0.0
10/08/2012,-191000,3778060000,425.56(-0.33 %),2232620,157490489000,2423620,153712429000,0,0.0
13/08/2012,718780,16805301000,426.17(0.14 %),1268400,30575596000,549620,13770295000,0,0.0
14/08/2012,1390850,17017494000,429.47(0.77 %),4744810,279247068000,3353960,262229574000,0,0.0
15/08/2012,289500,5293882000,430.77(0.30 %),5172570,450216024000,4883070,444922142000,0,0.0
16/08/2012,397520,11860339000,430.83(0.01 %),1806023,75674091000,1408503,63813752000,0,0.0
17/08/2012,2178370,74352174000,433.45(0.61 %),3388620,101758016000,1210250,27405842000,0,0.0
20/08/2012,1628060,48779381000,437.28(0.88 %),2403052,70610599000,774992,21831218000,0,0.0
21/08/2012,5046290,132481744000,416.84(-4.67 %),7942879,317028792000,2896589,184547048000,0,0.0
22/08/2012,1734810,34097422000,410.23(-1.59 %),4616510,107214275000,2881700,73116853000,0,0.0
23/08/2012,4547580,97863747000,392.82(-4.24 %),5659930,141711347000,1112350,43847600000,0,0.0
24/08/2012,1739010,29653289000,399.72(1.76 %),5454190,105651863000,3715180,75998574000,0,0.0
27/08/2012,527300,17236899000,386.19(-3.38 %),3157720,78868958000,2630420,61632059000,0,0.0
28/08/2012,-1908080,-34695477000,385.78(-0.11 %),1795890,47959689000,3703970,82655166000,0,0.0
29/08/2012,-751360,5813153000,393.06(1.89 %),2466090,76036591000,3217450,70223438000,0,0.0
30/08/2012,1259940,31755366000,397.25(1.07 %),3706496,102357079000,2446556,70601713000,0,0.0
31/08/2012,413590,31018475000,396.02(-0.31 %),4354030,117558483000,3940440,86540008000,0,0.0
04/09/2012,-75693,19518160000,402.08(1.53 %),2942100,75481561000,3017793,55963401000,0,0.0
05/09/2012,2350790,58338168000,398.92(-0.79 %),4521020,120185312000,2170230,61847144000,0,0.0
06/09/2012,1869280,35821578000,393.41(-1.38 %),3179250,88172202000,1309970,52350624000,0,0.0
07/09/2012,897570,20400169000,397.51(1.04 %),3618970,97337879000,2721400,76937710000,0,0.0
10/09/2012,-1226170,38099221000,388.88(-2.17 %),3901600,148282109000,5127770,110182888000,0,0.0
11/09/2012,840650,18282227000,386.62(-0.58 %),2830730,55714540000,1990080,37432313000,0,0.0
12/09/2012,-1230880,15115095000,388.35(0.45 %),2626640,67304785000,3857520,52189690000,0,0.0
13/09/2012,-766570,25263642000,391.36(0.78 %),2685380,68047173000,3451950,42783531000,0,0.0
14/09/2012,-1454340,10445610000,398.87(1.92 %),3487900,109133577000,4942240,98687967000,0,0.0
17/09/2012,1869093,12257746000,401.75(0.72 %),4501668,108544880000,2632575,96287134000,0,0.0
18/09/2012,3371830,82414123000,394.51(-1.80 %),5918810,152160326000,2546980,69746203000,0,0.0
19/09/2012,1819040,-10754660000,394.55(0.01 %),6686970,132115872000,4867930,142870532000,0,0.0
20/09/2012,1388710,21749836000,389.28(-1.34 %),6816950,142326516000,5428240,120576680000,0,0.0
21/09/2012,2190950,101659241000,395.48(1.59 %),21774800,480035089000,19583850,378375848000,0,0.0
24/09/2012,-3925730,-52630468000,390.37(-1.29 %),2036760,59512836000,5962490,112143304000,0,0.0
25/09/2012,-2513490,-57775694000,391.77(0.36 %),2482820,65925173000,4996310,123700867000,0,0.0
26/09/2012,-1190330,-15584302000,395.12(0.86 %),2546370,87943238000,3736700,103527540000,0,0.0
27/09/2012,-5207180,-161754758000,393.34(-0.45 %),2890277,84372214000,8097457,246126972000,0,0.0
28/09/2012,-1137980,-17046016000,392.57(-0.20 %),3007650,98464567000,4145630,115510583000,0,0.0
01/10/2012,30970,-8192833000,386.55(-1.53 %),2767992,79391386000,2737022,87584219000,0,0.0
02/10/2012,-615480,-17716020000,384.32(-0.58 %),1939230,48123880000,2554710,65839900000,0,0.0
03/10/2012,-667070,-16295076000,385.37(0.27 %),1276640,28424398000,1943710,44719474000,0,0.0
04/10/2012,-3366550,-51999652000,384.51(-0.22 %),2614095,43074288000,5980645,95073940000,0,0.0
05/10/2012,174800,11103284000,388.16(0.95 %),4365480,89673631000,4190680,78570347000,0,0.0
08/10/2012,2302213,66451663000,393.45(1.36 %),4914093,116792631000,2611880,50340968000,0,0.0
09/10/2012,1333230,42957733000,393.67(0.06 %),5582960,129988673000,4249730,87030940000,0,0.0
10/10/2012,560860,7278298000,394.66(0.25 %),2071900,46354348000,1511040,39076050000,0,0.0
11/10/2012,-1253550,-6657358000,394.19(-0.12 %),3639270,94989526000,4892820,101646884000,0,0.0
12/10/2012,-305260,-1010549000,392.54(-0.42 %),2377829,53888864000,2683089,54899413000,0,0.0
15/10/2012,946570,3535632000,391.56(-0.25 %),2193550,40530664000,1246980,36995032000,0,0.0
16/10/2012,-656700,-8245991000,399.22(1.96 %),2161675,74727805000,2818375,82973796000,0,0.0
17/10/2012,252330,2367785000,397.02(-0.55 %),1924340,62125660000,1672010,59757875000,0,0.0
18/10/2012,914160,3680043000,398.51(0.38 %),2781950,42966936000,1867790,39286893000,0,0.0
19/10/2012,2311425,28261426000,398.23(-0.07 %),4533985,89529716000,2222560,61268290000,0,0.0
22/10/2012,740705,10591630000,397(-0.31 %),3766525,109382947000,3025820,98791317000,0,0.0
23/10/2012,671700,9900825000,397.71(0.18 %),2051570,49253591000,1379870,39352766000,0,0.0
24/10/2012,895960,17208355000,395.45(-0.57 %),2387790,76541212000,1491830,59332857000,0,0.0
25/10/2012,352160,15932455000,389.92(-1.40 %),2452890,126942237000,2100730,111009782000,0,0.0
26/10/2012,432310,16746002000,391.7(0.46 %),1710380,42653002000,1278070,25907000000,0,0.0
29/10/2012,-228762,-3258993000,391.36(-0.09 %),1869910,100133657000,2098672,103392650000,0,0.0
30/10/2012,303940,4812533000,389.86(-0.38 %),1039120,24677942000,735180,19865409000,0,0.0
31/10/2012,878760,21483860000,388.42(-0.37 %),1952800,53319710000,1074040,31835850000,0,0.0
01/11/2012,434650,14453079000,387.95(-0.12 %),2388230,102847143000,1953580,88394064000,0,0.0
02/11/2012,1561010,23189190000,375.26(-3.27 %),7492660,68573150000,5931650,45383960000,0,0.0
05/11/2012,-1315040,-21359395000,377.27(0.54 %),1672730,46302087000,2987770,67661482000,0,0.0
06/11/2012,16610,2872448000,376.95(-0.08 %),2508480,62281739000,2491870,59409291000,0,0.0
07/11/2012,352910,7384860000,380.9(1.05 %),3405830,80061420000,3052920,72676560000,0,0.0
08/11/2012,3137350,66322523000,385.6(1.23 %),4904120,107142729000,1766770,40820206000,0,0.0
09/11/2012,-1427550,-17395346000,386.71(0.29 %),2330720,59331313000,3758270,76726659000,0,0.0
12/11/2012,643100,25889662000,388.62(0.49 %),2855410,74592832000,2212310,48703170000,0,0.0
13/11/2012,240870,5244225000,385.22(-0.87 %),1694860,35336552000,1453990,30092327000,0,0.0
14/11/2012,-1427530,-10747931000,387.71(0.65 %),1627220,41244437000,3054750,51992368000,0,0.0
15/11/2012,934310,18205773000,386.91(-0.21 %),3247202,83492497000,2312892,65286724000,0,0.0
16/11/2012,740720,47201614000,385.71(-0.31 %),2013750,80240442000,1273030,33038828000,0,0.0
19/11/2012,-1574310,-23489898000,383.32(-0.62 %),1983400,69905910000,3557710,93395808000,0,0.0
20/11/2012,997480,13469861000,385.1(0.46 %),4278980,103714667000,3281500,90244806000,0,0.0
21/11/2012,-513220,9789786000,383.87(-0.32 %),2724732,87949803000,3237952,78160017000,0,0.0
22/11/2012,-13070,-1043730000,383.22(-0.17 %),1007880,19047504000,1020950,20091234000,0,0.0
23/11/2012,-137990,5599910000,381.71(-0.39 %),1080980,28444264000,1218970,22844354000,0,0.0
26/11/2012,988140,2761400000,377.9(-1.00 %),1799570,24703787000,811430,21942387000,0,0.0
27/11/2012,425630,7673350000,376.89(-0.27 %),2358312,36877559000,1932682,29204209000,0,0.0
28/11/2012,-191880,-2192714000,375.79(-0.29 %),12683965,369337497000,12875845,371530211000,0,0.0
29/11/2012,343280,4659108000,378.2(0.64 %),1570960,25471345000,1227680,20812237000,0,0.0
30/11/2012,16605996,1210199083000,377.82(-0.10 %),24688504,1628826303000,8082508,418627220000,0,0.0
03/12/2012,1260130,24658284000,379.27(0.38 %),2894180,68405250000,1634050,43746966000,0,0.0
04/12/2012,742730,2377814000,382.1(0.75 %),3410675,95179338000,2667945,92801524000,0,0.0
05/12/2012,395550,20215334000,385.69(0.94 %),2356150,46735077000,1960600,26519743000,0,0.0
06/12/2012,325830,-3138893000,385.69(0.00 %),1619520,28686499000,1293690,31825392000,0,0.0
07/12/2012,-76746,5564526000,383.8(-0.49 %),2806484,87172333000,2883230,81607807000,0,0.0
10/12/2012,-675790,3343540000,386.69(0.75 %),1828390,45088002000,2504180,41744462000,0,0.0
11/12/2012,3403790,79243233000,389.37(0.69 %),5193760,111039954000,1789970,31796721000,0,0.0
12/12/2012,-83160,18034742000,391.08(0.44 %),2183170,63516441000,2266330,45481699000,0,0.0
13/12/2012,691350,30572646000,391.19(0.03 %),2484960,62314518000,1793610,31741872000,0,0.0
14/12/2012,749920,30055975000,392.21(0.26 %),6050957,222850660000,5301037,192794685000,0,0.0
17/12/2012,-1239030,5322811000,393.63(0.36 %),4366509,121858982000,5605539,116536171000,0,0.0
18/12/2012,3708740,72503092000,393.39(-0.06 %),9519490,173259511000,5810750,100756419000,0,0.0
19/12/2012,-2647730,-37216591000,398.59(1.32 %),9827260,172960828000,12474990,210177419000,0,0.0
20/12/2012,-41630,-9531099000,399.68(0.27 %),16107210,266443394000,16148840,275974493000,0,0.0
21/12/2012,12139050,358865455000,396.78(-0.73 %),22773450,552510351000,10634400,193644896000,0,0.0
24/12/2012,4413270,317371394000,399.71(0.74 %),6857720,379640770000,2444450,62269376000,0,0.0
25/12/2012,3309510,60836300000,401.34(0.41 %),4083270,84922280000,773760,24085980000,0,0.0
26/12/2012,807780,19669759000,406.1(1.19 %),2662900,65693120000,1855120,46023361000,0,0.0
27/12/2012,5031030,364107518000,409.97(0.95 %),6762980,406309289000,1731950,42201771000,0,0.0
28/12/2012,1597100,35792792000,413.73(0.92 %),3205654,81460857000,1608554,45668065000,0,0.0
02/01/2013,1842710,85792867000,418.35(1.12 %),3713443,139777487000,1870733,53984620000,0,0.0
03/01/2013,6053230,124986369000,419.27(0.22 %),8176860,190551322000,2123630,65564953000,0,0.0
04/01/2013,4963980,90078753000,426.06(1.62 %),6985700,142237491000,2021720,52158738000,0,0.0
07/01/2013,7136910,165402877000,434.19(1.91 %),11986260,304046836000,4849350,138643959000,0,0.0
08/01/2013,7474000,201768046000,447.16(2.99 %),13242400,387712742000,5768400,185944696000,0,0.0
09/01/2013,14108250,228462210000,448.77(0.36 %),19864530,394332659000,5756280,165870449000,0,0.0
10/01/2013,8020527,164860801000,460.12(2.53 %),14340787,559932667000,6320260,395071866000,0,0.0
11/01/2013,3937620,69060450000,462.69(0.56 %),9871010,296637043000,5933390,227576593000,0,0.0
14/01/2013,3616330,73264941000,458.97(-0.80 %),7684710,199146272000,4068380,125881331000,0,0.0
15/01/2013,3136720,53148948000,461.42(0.53 %),7768490,210614953000,4631770,157466005000,0,0.0
16/01/2013,3909770,87251249000,465.25(0.83 %),8504940,201995005000,4595170,114743756000,0,0.0
17/01/2013,3076010,88059107000,456.76(-1.82 %),6869950,170322531000,3793940,82263424000,0,0.0
18/01/2013,4306790,81296185000,454.16(-0.57 %),7616570,164347188000,3309780,83051003000,0,0.0
21/01/2013,3110960,42037699000,447.79(-1.40 %),9131518,260628763000,6020558,218591064000,0,0.0
22/01/2013,2016750,39021021000,442.85(-1.10 %),5044850,141103886000,3028100,102082865000,0,0.0
23/01/2013,785980,7441233000,443.37(0.12 %),4425054,101820361000,3639074,94379128000,0,0.0
24/01/2013,3193210,59298999000,452.4(2.04 %),4267990,95898105000,1074780,36599106000,0,0.0
25/01/2013,9138570,180771519000,468.09(3.47 %),11963880,296387958000,2825310,115616439000,0,0.0
28/01/2013,5511200,108785757000,479.6(2.46 %),8692270,196308769000,3181070,87523012000,0,0.0
29/01/2013,10071890,195839278000,484.01(0.92 %),14034060,332271400000,3962170,136432122000,0,0.0
30/01/2013,9120180,233565151000,487.6(0.74 %),12361330,336347001000,3241150,102781850000,0,0.0
31/01/2013,7208880,152423344000,479.79(-1.60 %),11041520,273986691000,3832640,121563347000,0,0.0
01/02/2013,2793550,97701419000,483.42(0.76 %),8961694,269243932000,6168144,171542513000,0,0.0
04/02/2013,-2358550,-43056893000,482.38(-0.22 %),3937560,105857864000,6296110,148914757000,0,0.0
05/02/2013,-201520,364755000,477.36(-1.04 %),5420395,200737841000,5621915,200373086000,0,0.0
06/02/2013,3228300,-42841709000,488.36(2.30 %),9564350,271263157000,6336050,314104866000,0,0.0
07/02/2013,-2945460,-185594172000,490.62(0.46 %),5489580,136467409000,8435040,322061581000,0,0.0
08/02/2013,-100020,7485967000,494.03(0.70 %),3051230,91171007000,3151250,83685040000,0,0.0
18/02/2013,43470,-19066923000,493.95(-0.02 %),3916740,98071414000,3873270,117138337000,0,0.0
19/02/2013,3669130,81949152000,490.78(-0.64 %),9521890,242398460000,5852760,160449308000,0,0.0
20/02/2013,2118560,30874610000,494.83(0.83 %),7328086,195576857000,5209526,164702247000,0,0.0
21/02/2013,2812450,73744066000,476.73(-3.66 %),5768850,182129901000,2956400,108385835000,0,0.0
22/02/2013,2304820,57507354000,477.69(0.20 %),5315100,126563051000,3010280,69055697000,0,0.0
25/02/2013,1037460,24835699000,483.69(1.26 %),2827293,81905590000,1789833,57069891000,0,0.0
26/02/2013,-58710,22879146000,465.05(-3.85 %),8775650,364801290000,8834360,341922144000,0,0.0
27/02/2013,-2492370,-30368987000,465.72(0.14 %),5568370,153192326000,8060740,183561313000,0,0.0
28/02/2013,-4298300,-81671127000,474.56(1.90 %),3512690,91361065000,7810990,173032192000,0,0.0
01/03/2013,5449300,309428286000,477.15(0.55 %),9131350,391207226000,3682050,81778940000,0,0.0
04/03/2013,1358690,45658703000,468.74(-1.76 %),11916234,325555278000,10557544,279896575000,0,0.0
05/03/2013,2573590,37911258000,462.12(-1.41 %),5952744,145168534000,3379154,107257276000,0,0.0
06/03/2013,634040,12157027000,471.09(1.94 %),3488410,89292089000,2854370,77135062000,0,0.0
07/03/2013,1822800,29119214000,466.63(-0.95 %),9098570,218815649000,7275770,189696435000,0,0.0
08/03/2013,1757760,38107936000,470.68(0.87 %),4435430,134089801000,2677670,95981865000,0,0.0
11/03/2013,-255336,1652734000,476.5(1.24 %),4940580,140792032000,5195916,139139298000,0,0.0
12/03/2013,4981760,125573552000,475.34(-0.24 %),8675068,221903007000,3693308,96329455000,0,0.0
13/03/2013,4061870,65014352000,473.18(-0.45 %),9269400,212614723000,5207530,147600371000,0,0.0
14/03/2013,-319230,18690965000,474.6(0.30 %),7136230,194546925000,7455460,175855960000,0,0.0
15/03/2013,-2878780,52538481000,481.35(1.42 %),20031800,543710428000,22910580,491171947000,0,0.0
18/03/2013,1156270,54747573000,479.13(-0.46 %),4921668,149349722000,3765398,94602149000,0,0.0
19/03/2013,2781660,85156612000,480.48(0.28 %),5202630,138415993000,2420970,53259381000,0,0.0
20/03/2013,251740,1674071000,487.04(1.37 %),4583450,130870756000,4331710,129196685000,0,0.0
21/03/2013,1428950,41357593000,491.79(0.98 %),4399190,165820414000,2970240,124462821000,0,0.0
22/03/2013,-644850,4563814000,489.99(-0.37 %),5247000,150555673000,5891850,145991859000,0,0.0
25/03/2013,1778663,58681041000,493.57(0.73 %),6712050,330024614000,4933387,271343573000,0,0.0
26/03/2013,2651807,43792380000,489.46(-0.83 %),6429110,160007184000,3777303,116214804000,0,0.0
27/03/2013,1093030,46478510000,491.26(0.37 %),4464770,134132322000,3371740,87653812000,0,0.0
28/03/2013,2092340,72111686000,490.67(-0.12 %),4273830,141147588000,2181490,69035902000,0,0.0
29/03/2013,1357320,30876013000,491.04(0.08 %),2150470,50589674000,793150,19713661000,0,0.0
01/04/2013,171260,13842093000,505.81(3.01 %),3727970,103791457000,3556710,89949364000,0,0.0
02/04/2013,6939270,219634463000,509.43(0.72 %),11592752,411719815000,4653482,192085352000,0,0.0
03/04/2013,2182270,42491517000,505.93(-0.69 %),7084530,190669733000,4902260,148178216000,0,0.0
04/04/2013,4316770,65670014000,497.35(-1.70 %),7565128,173605873000,3248358,107935859000,0,0.0
05/04/2013,1214510,25042744000,502.58(1.05 %),7189371,161042775000,5974861,136000031000,0,0.0
08/04/2013,1011550,30777419000,506.66(0.81 %),6069300,149848014000,5057750,119070595000,0,0.0
09/04/2013,-78220,-308604000,510.49(0.76 %),5612500,159959056000,5690720,160267660000,0,0.0
10/04/2013,-1992130,-65234565000,496.5(-2.74 %),6712130,219656141000,8704260,284890706000,0,0.0
11/04/2013,-3652430,-61798421000,504.07(1.52 %),5354300,129721530000,9006730,191519951000,0,0.0
12/04/2013,-3552130,-41199916000,494.27(-1.94 %),4380140,125666907000,7932270,166866823000,0,0.0
15/04/2013,2246620,58501919000,480.02(-2.88 %),5061640,124865478000,2815020,66363559000,0,0.0
16/04/2013,-1398580,-25469305000,478.07(-0.41 %),6092457,294276462000,7491037,319745767000,0,0.0
17/04/2013,935100,31396220000,483.99(1.24 %),3314410,98069005000,2379310,66672785000,0,0.0
18/04/2013,-2997910,-89919931000,473.21(-2.23 %),4257330,104826858000,7255240,194746789000,0,0.0
22/04/2013,-587520,6776981000,468.43(-1.01 %),3840870,144282862000,4428390,137505881000,0,0.0
23/04/2013,-1076770,-7956623000,473.69(1.12 %),4042250,169576779000,5119020,177533402000,0,0.0
24/04/2013,1241490,3109404000,472.89(-0.17 %),6705666,226669547000,5464176,223560143000,0,0.0
25/04/2013,1010970,30158792000,476.59(0.78 %),2851140,63273660000,1840170,33114868000,0,0.0
26/04/2013,2166480,44383494000,474.51(-0.44 %),4615810,101964498000,2449330,57581004000,0,0.0
02/05/2013,701150,150354415000,473.02(-0.31 %),4328590,233598761000,3627440,83244346000,0,0.0
03/05/2013,725160,23097984000,475.24(0.47 %),3338180,104761088000,2613020,81663104000,0,0.0
06/05/2013,1836830,98674829000,488.32(2.75 %),3162900,136158637000,1326070,37483808000,0,0.0
07/05/2013,2357960,43345523000,485.58(-0.56 %),6598090,138650169000,4240130,95304646000,0,0.0
08/05/2013,4377610,282959789000,485.07(-0.11 %),6852590,337251844000,2474980,54292055000,0,0.0
09/05/2013,1141110,37989927000,486.22(0.24 %),2831240,73288305000,1690130,35298378000,0,0.0
10/05/2013,2095180,31040349000,486.1(-0.02 %),3423810,79702176000,1328630,48661827000,0,0.0
13/05/2013,8144840,469836431000,488.93(0.58 %),10513750,513583286000,2368910,43746855000,0,0.0
14/05/2013,-445190,-2608194000,483.85(-1.04 %),3387610,88313940000,3832800,90922134000,0,0.0
15/05/2013,1485430,42281461000,485.97(0.44 %),4078958,140010519000,2593528,97729058000,0,0.0
16/05/2013,430570,49237720000,490.34(0.90 %),7392362,192231340000,6961792,142993620000,0,0.0
17/05/2013,1274060,55321012000,487.6(-0.56 %),8704370,233160362000,7430310,177839350000,0,0.0
20/05/2013,-92610,45241188000,492.27(0.96 %),3986850,121107376000,4079460,75866188000,0,0.0
21/05/2013,844940,38931409000,500.18(1.61 %),11993233,227604060000,11148293,188672651000,0,0.0
22/05/2013,1489200,38036018000,502.23(0.41 %),8165888,215203585000,6676688,177167567000,0,0.0
23/05/2013,-1898490,-36299917000,498.22(-0.80 %),4702577,106224045000,6601067,142523962000,0,0.0
24/05/2013,-3808246,-77621767000,500.24(0.41 %),3479970,113101247000,7288216,190723014000,0,0.0
27/05/2013,809280,28343670000,512.41(2.43 %),5199360,177085342000,4390080,148741672000,0,0.0
28/05/2013,-1995780,-24499538000,516.33(0.77 %),6793400,185887654000,8789180,210387192000,0,0.0
29/05/2013,516200,-27563395000,515.09(-0.24 %),8388955,263592970000,7872755,291156365000,0,0.0
30/05/2013,392060,39584518000,521.45(1.23 %),4302050,165707977000,3909990,126123459000,0,0.0
31/05/2013,-2440630,-20657736000,518.39(-0.59 %),5453270,201433314000,7893900,222091050000,0,0.0
03/06/2013,-2049223,-19956347000,517.03(-0.26 %),4615670,183638674000,6664893,203595021000,0,0.0
04/06/2013,-5004700,-123011121000,510.69(-1.23 %),4413860,128192602000,9418560,251203723000,0,0.0
05/06/2013,-4387770,-58284436000,514.64(0.77 %),3130010,105302005000,7517780,163586441000,0,0.0
06/06/2013,-3554380,-67630975000,520.9(1.22 %),2767070,74819072000,6321450,142450047000,0,0.0
07/06/2013,-504420,-33746491000,527.97(1.36 %),6204174,157219218000,6708594,190965709000,0,0.0
10/06/2013,-4301300,-114493670000,524.56(-0.65 %),2892870,88832457000,7194170,203326127000,0,0.0
11/06/2013,6166090,400115913000,521.95(-0.50 %),12068511,592727418000,5902421,192611505000,0,0.0
12/06/2013,-8716370,-194788230000,518.24(-0.71 %),4338350,127223018000,13054720,322011248000,0,0.0
13/06/2013,-2075130,-70225406000,515.09(-0.61 %),4966029,136195468000,7041159,206420874000,0,0.0
14/06/2013,-5063490,-150051877000,509.03(-1.18 %),3801990,121904996000,8865480,271956873000,0,0.0
17/06/2013,-5050150,-76703632000,498.52(-2.06 %),4653220,189293501000,9703370,265997133000,0,0.0
18/06/2013,-6623320,-149958586000,503.37(0.90 %),6019430,225236947000,12642750,375195533000,0,0.0
19/06/2013,-2763501,-74600534000,503.37(0.90 %),5166454,138599581000,7929955,213200115000,0,0.0
20/06/2013,-3099105,-91446924000,499.51(-0.77 %),6138658,123399734000,9237763,214846658000,0,0.0
21/06/2013,-18683520,-363143494000,498.84(-0.13 %),23143220,478533652000,41826740,841677146000,0,0.0
24/06/2013,-6863550,-176099894000,489.74(-1.82 %),4440365,230597621000,11303915,406697515000,0,0.0
25/06/2013,-6021770,-131450921000,473.02(-3.41 %),6068894,136629518000,12090664,268080439000,0,0.0
26/06/2013,-11339780,-242550836000,473.53(0.11 %),3679570,152282294000,15019350,394833130000,0,0.0
27/06/2013,-1924300,-44499543000,482.95(1.99 %),3452665,188490126000,5376965,232989669000,0,0.0
28/06/2013,447420,14826293000,481.13(-0.38 %),2416550,65199628000,1969130,50373335000,0,0.0
01/07/2013,-2850025,-19197192000,480.04(-0.23 %),1628677,41471087000,4478702,60668279000,0,0.0
02/07/2013,-716120,1602078000,489.84(2.04 %),2138180,87426700000,2854300,85824622000,0,0.0
03/07/2013,-1467070,-32553217000,487.35(-0.51 %),4089726,133651864000,5556796,166205081000,0,0.0
04/07/2013,-2259660,-60347895000,487.22(-0.03 %),3034299,133940127000,5293959,194288022000,0,0.0
05/07/2013,-278410,11000890000,485.66(-0.32 %),1859570,60627712000,2137980,49626822000,0,0.0
08/07/2013,-214090,7292165000,482.77(-0.60 %),1825660,80630399000,2039750,73338234000,0,0.0
09/07/2013,19930,4106153000,485.5(0.57 %),995920,27261753000,975990,23155600000,0,0.0
10/07/2013,-2488930,-46450275000,484.43(-0.22 %),3191740,241022024000,5680670,287472299000,0,0.0
11/07/2013,-861970,-15122863000,484.47(0.01 %),1681119,71795818000,2543089,86918681000,0,0.0
12/07/2013,1191300,58045840000,493.99(1.97 %),4212164,165321328000,3020864,107275488000,0,0.0
15/07/2013,1047450,33907675000,494.1(0.02 %),3545276,125329340000,2497826,91421665000,0,0.0
16/07/2013,-215166,-1510104000,496.22(0.43 %),2705680,107654772000,2920846,109164876000,0,0.0
17/07/2013,-2389440,-60375034000,497.5(0.26 %),1449850,50602091000,3839290,110977125000,0,0.0
18/07/2013,-1069899,-17937608000,496.84(-0.13 %),5252510,249487667000,6322409,267425275000,0,0.0
19/07/2013,1462147,51402960000,503.76(1.39 %),4173907,219224431000,2711760,167821471000,0,0.0
22/07/2013,1259630,53951849000,506.16(0.48 %),3725390,217652175000,2465760,163700326000,0,0.0
23/07/2013,1123930,23981013000,504.29(-0.37 %),7214072,224751716000,6090142,200770703000,0,0.0
24/07/2013,-4340900,-175567275000,494.18(-2.00 %),4186780,231818577000,8527680,407385852000,0,0.0
25/07/2013,-724370,-27258643000,491.78(-0.49 %),2349070,109939243000,3073440,137197886000,0,0.0
26/07/2013,-1875810,-41958124000,493.93(0.44 %),3056130,202665448000,4931940,244623572000,0,0.0
29/07/2013,-1024060,-81627844000,485.69(-1.67 %),1587630,68473577000,2611690,150101421000,0,0.0
30/07/2013,1109690,31984567000,488.54(0.59 %),2177380,88690259000,1067690,56705692000,0,0.0
31/07/2013,-963690,-15217428000,491.85(0.68 %),1633640,90705146000,2597330,105922574000,0,0.0
01/08/2013,-1599650,-30828371000,492.43(0.12 %),1851986,134134002000,3451636,164962373000,0,0.0
02/08/2013,620890,22731513000,494.66(0.45 %),2185040,95649022000,1564150,72917509000,0,0.0
05/08/2013,-15160,-1944166000,493.66(-0.20 %),2370280,208890210000,2385440,210834376000,0,0.0
06/08/2013,-376510,-16407709000,496.56(0.59 %),2307620,86411478000,2684130,102819187000,0,0.0
07/08/2013,-688210,-10201597000,500.1(0.71 %),2849210,141830890000,3537420,152032487000,0,0.0
08/08/2013,-129250,-1860648000,498.22(-0.38 %),1181070,23663577000,1310320,25524225000,0,0.0
09/08/2013,-963010,-16524274000,500.62(0.48 %),977510,40795166000,1940520,57319440000,0,0.0
12/08/2013,184270,3774573000,499.46(-0.23 %),2594850,106851754000,2410580,103077181000,0,0.0
13/08/2013,657010,46887338000,497.73(-0.35 %),2193130,111023510000,1536120,64136172000,0,0.0
14/08/2013,300681,42256265000,503.57(1.17 %),2372010,144733717000,2071329,102477452000,0,0.0
15/08/2013,-889330,-8629191000,508.22(0.92 %),2640680,165250441000,3530010,173879632000,0,0.0
16/08/2013,437420,5680274000,507.79(-0.08 %),2315230,66317423000,1877810,60637149000,0,0.0
19/08/2013,-3711770,-135467732000,511.02(0.64 %),2907780,71477259000,6619550,206944991000,0,0.0
20/08/2013,-2030680,-84522679000,504.81(-1.22 %),3782530,123594838000,5813210,208117517000,0,0.0
21/08/2013,-909630,-27422896000,502.7(-0.42 %),3585262,90110139000,4494892,117533035000,0,0.0
22/08/2013,-2014140,-50503105000,496.12(-1.31 %),2862440,112909059000,4876580,163412164000,0,0.0
23/08/2013,-5380040,-155965839000,486.82(-1.87 %),2892340,97556848000,8272380,253522687000,0,0.0
26/08/2013,-3051200,-72420496000,490.54(0.76 %),3495950,159624142000,6547150,232044638000,0,0.0
27/08/2013,-868730,5824410000,485.57(-1.01 %),1553720,72834575000,2422450,67010165000,0,0.0
28/08/2013,-3716475,-69127160000,473.3(-2.53 %),4106605,143723729000,7823080,212850889000,0,0.0
29/08/2013,-8965320,-198737176000,468.55(-1.00 %),2627580,135902224000,11592900,334639400000,0,0.0
30/08/2013,-413935,-35825410000,472.7(0.89 %),3794235,139236448000,4208170,175061858000,0,0.0
03/09/2013,-2491310,-29129100000,472.17(-0.11 %),1900340,61124229000,4391650,90253329000,0,0.0
04/09/2013,-1647502,18563262000,471.45(-0.15 %),20811642,918502771000,22459144,899939509000,0,0.0
05/09/2013,550850,72187528000,477.57(1.30 %),3545640,157279930000,2994790,85092402000,0,0.0
06/09/2013,1437050,88661017000,480.03(0.52 %),14453860,601936264000,13016810,513275247000,0,0.0
09/09/2013,-289070,8808225000,470.16(-2.06 %),2105090,80244263000,2394160,71436038000,0,0.0
10/09/2013,-398120,-4457040000,474.53(0.93 %),1697660,57645111000,2095780,62102151000,0,0.0
11/09/2013,1520500,41284243000,476.4(0.39 %),4020380,126362763000,2499880,85078520000,0,0.0
12/09/2013,175900,1741025000,475.59(-0.17 %),2190902,51377111000,2015002,49636086000,0,0.0
13/09/2013,1168720,35212518000,476.42(0.17 %),3876610,130230076000,2707890,95017558000,0,0.0
16/09/2013,-541130,-1382137000,475.57(-0.18 %),3932770,94784059000,4473900,96166196000,0,0.0
17/09/2013,1673070,75244662000,477.73(0.45 %),5453240,194167059000,3780170,118922397000,0,0.0
18/09/2013,-1914690,-16592340000,474.26(-0.73 %),4273628,127114097000,6188318,143706437000,0,0.0
19/09/2013,-1694910,10348826000,476.09(0.39 %),2896015,107823666000,4590925,97474840000,0,0.0
20/09/2013,-20712100,101994326000,477.19(0.23 %),19568890,498755431000,40280990,396761105000,0,0.0
23/09/2013,333920,12641611000,479.09(0.40 %),2119340,92909921000,1785420,80268310000,0,0.0
24/09/2013,-144790,-7659578000,482.82(0.78 %),2164082,68245220000,2308872,75904798000,0,0.0
25/09/2013,-846850,-8639718000,486.22(0.70 %),2677568,66431210000,3524418,75070928000,0,0.0
26/09/2013,1646060,41146483000,485.11(-0.23 %),2750620,85667142000,1104560,44520659000,0,0.0
27/09/2013,1994390,54678797000,486.61(0.31 %),3238980,111405315000,1244590,56726518000,0,0.0
30/09/2013,1458620,48603676000,492.63(1.24 %),3834610,147414013000,2375990,98810337000,0,0.0
01/10/2013,1662560,62504164000,492.24(-0.08 %),4113050,134360714000,2450490,71856550000,0,0.0
02/10/2013,2564120,50685941000,494.39(0.44 %),3467470,77142984000,903350,26457043000,0,0.0
03/10/2013,307970,12940866000,492.3(-0.42 %),2614850,76393990000,2306880,63453124000,0,0.0
04/10/2013,1328081,38486726000,497.5(1.06 %),2141451,61416221000,813370,22929495000,0,0.0
07/10/2013,2365380,63706052000,500.47(0.60 %),5147864,138723646000,2782484,75017594000,0,0.0
08/10/2013,4110450,102814186000,502.22(0.35 %),5887370,166003544000,1776920,63189358000,0,0.0
09/10/2013,298120,22765903000,500.67(-0.31 %),3641730,226715598000,3343610,203949695000,0,0.0
10/10/2013,1094270,23023524000,494.81(-1.17 %),3149250,132761207000,2054980,109737683000,0,0.0
11/10/2013,2742160,70389917000,494.53(-0.06 %),4615350,175009858000,1873190,104619941000,0,0.0
14/10/2013,1478020,26515375000,493.62(-0.18 %),2410450,62629893000,932430,36114518000,0,0.0
15/10/2013,1753560,38427570000,495.72(0.43 %),3438270,80052815000,1684710,41625245000,0,0.0
16/10/2013,3929840,73994484000,498.96(0.65 %),6093290,179099532000,2163450,105105048000,0,0.0
17/10/2013,1381480,32009869000,499.59(0.13 %),4214338,193290053000,2832858,161280184000,0,0.0
18/10/2013,2233560,34176191000,500.83(0.25 %),5939890,381201883000,3706330,347025692000,0,0.0
21/10/2013,2013450,56428728000,501.57(0.15 %),6402280,248786502000,4388830,192357774000,0,0.0
22/10/2013,-135960,11979329000,500.57(-0.20 %),3646270,156577936000,3782230,144598607000,0,0.0
23/10/2013,6634410,135196312000,504.05(0.70 %),10754960,320746483000,4120550,185550171000,0,0.0
24/10/2013,2462040,48447884000,501.17(-0.57 %),6278771,262793733000,3816731,214345849000,0,0.0
25/10/2013,2297166,46888156000,500.75(-0.08 %),6117760,172813706000,3820594,125925550000,0,0.0
28/10/2013,-2782575,-23966263000,496.46(-0.86 %),4544150,143456103000,7326725,167422366000,0,0.0
29/10/2013,-1660110,16762568000,497.08(0.12 %),3555100,193303672000,5215210,176541104000,0,0.0
30/10/2013,518150,67066306000,499.07(0.40 %),4246240,189904396000,3728090,122838090000,0,0.0
31/10/2013,-1828220,-6495507000,497.41(-0.33 %),3572990,176196336000,5401210,182691843000,0,0.0
01/11/2013,582220,11836444000,497.08(-0.07 %),2354043,113415158000,1771823,101578714000,0,0.0
04/11/2013,568240,7857488000,497.07(0.00 %),3230950,147745789000,2662710,139888301000,0,0.0
05/11/2013,710890,26771190000,499.79(0.55 %),2210080,88685866000,1499190,61914676000,0,0.0
06/11/2013,1213000,18851265000,502.52(0.55 %),4588220,170657014000,3375220,151805749000,0,0.0
07/11/2013,3055040,48885047000,499.86(-0.53 %),6113570,199467093000,3058530,150582046000,0,0.0
08/11/2013,9665670,153358763000,498.61(-0.25 %),11064700,222488495000,1399030,69129732000,0,0.0
11/11/2013,142640,19199031000,501.08(0.50 %),1641600,55835456000,1498960,36636425000,0,0.0
12/11/2013,-1770830,-47817777000,497.65(-0.68 %),2439310,105762556000,4210140,153580333000,0,0.0
13/11/2013,-247780,-15380151000,496.12(-0.31 %),2735060,118053453000,2982840,133433604000,0,0.0
14/11/2013,-908520,-31895727000,497.85(0.35 %),1639810,69566284000,2548330,101462011000,0,0.0
15/11/2013,-344900,-8696409000,501.34(0.70 %),1993710,40001375000,2338610,48697784000,0,0.0
18/11/2013,-650526,-11007885000,506.48(1.03 %),2457430,73492703000,3107956,84500588000,0,0.0
19/11/2013,-406710,-17630802000,504.71(-0.35 %),2180890,61946871000,2587600,79577673000,0,0.0
20/11/2013,-999340,-23320418000,505.52(0.16 %),7703240,357644944000,8702580,380965362000,0,0.0
21/11/2013,2504489,55046696000,503.54(-0.39 %),9846056,493689582000,7341567,438642886000,0,0.0
22/11/2013,1810260,56352754000,505.64(0.42 %),4220720,147981612000,2410460,91628858000,0,0.0
25/11/2013,1688480,61945235000,506.46(0.16 %),3538210,123786821000,1849730,61841586000,0,0.0
26/11/2013,-159370,15679444000,509.16(0.53 %),4177420,170768009000,4336790,155088565000,0,0.0
27/11/2013,410480,2484205000,508.43(-0.14 %),4690098,144051416000,4279618,141567211000,0,0.0
28/11/2013,471770,1447934000,507.71(-0.14 %),4065145,148817772000,3593375,147369838000,0,0.0
29/11/2013,716740,27605712000,507.78(0.01 %),4294403,126873047000,3577663,99267335000,0,0.0
02/12/2013,-1542040,-22385045000,508.53(0.15 %),3160876,100685809000,4702916,123070854000,0,0.0
03/12/2013,-1489110,-21427079000,511.62(0.61 %),3433080,97729262000,4922190,119156341000,0,0.0
04/12/2013,2729040,15880847000,510.88(-0.14 %),9180570,193985508000,6451530,178104661000,0,0.0
05/12/2013,-215870,2508087000,510.03(-0.17 %),3539706,116893872000,3755576,114385785000,0,0.0
06/12/2013,1246590,44787284000,510.12(0.02 %),2398730,70432994000,1152140,25645710000,0,0.0
09/12/2013,-1362690,24220679000,511.23(0.22 %),5264460,192480417000,6627150,168259738000,0,0.0
10/12/2013,516780,-4728207000,511.6(0.07 %),2861050,76764093000,2344270,81492300000,0,0.0
11/12/2013,2122530,38624750000,505.31(-1.23 %),4988160,130032150000,2865630,91407400000,0,0.0
12/12/2013,595610,33389832000,506.92(0.32 %),12924140,1594716849000,12328530,1561327017000,0,0.0
13/12/2013,-1552260,-14626638000,506.06(-0.17 %),2077270,60655321000,3629530,75281959000,0,0.0
16/12/2013,-2053430,-44984524000,502.04(-0.79 %),4118980,128726088000,6172410,173710612000,0,0.0
17/12/2013,-1551250,-35139992000,505.67(0.72 %),2059470,53100122000,3610720,88240114000,0,0.0
18/12/2013,193340,16774495000,505.25(-0.08 %),2136450,64645283000,1943110,47870788000,0,0.0
19/12/2013,-3169950,-88423981000,506.28(0.20 %),3187180,116278893000,6357130,204702874000,0,0.0
20/12/2013,-973020,735471043000,504.45(-0.36 %),20578470,1333761016000,21551490,598289973000,0,0.0
23/12/2013,31030,41480460000,508.68(0.84 %),4840297,147996398000,4809267,106515938000,0,0.0
24/12/2013,1447450,50192730000,505.62(-0.60 %),3706430,121365129000,2258980,71172399000,0,0.0
25/12/2013,1976310,68477129000,504.42(-0.24 %),2742260,80428334000,765950,11951205000,0,0.0
26/12/2013,3123510,112870720000,506.55(0.42 %),4350920,167797588000,1227410,54926868000,0,0.0
27/12/2013,4129160,107909151000,506.41(-0.03 %),4958110,134120979000,828950,26211828000,0,0.0
30/12/2013,3197270,84253802000,500.35(-1.22 %),5141560,182957490000,1944290,98703688000,0,0.0
31/12/2013,2633080,67596000000,504.63(0.86 %),3194834,86753824000,561754,19157824000,0,0.0
02/01/2014,1385330,34333431000,504.51(-0.02 %),2118514,61410464000,733184,27077033000,0,0.0
03/01/2014,749200,20467685000,505.37(0.17 %),1564918,44501943000,815718,24034258000,0,0.0
06/01/2014,404740,25724420000,509.1(0.74 %),2845370,85914955000,2440630,60190535000,0,0.0
07/01/2014,421790,22971300000,510.12(0.20 %),3869560,114295187000,3447770,91323887000,0,0.0
08/01/2014,767610,37604225000,513.9(0.74 %),4707960,170395475000,3940350,132791250000,0,0.0
09/01/2014,2979070,115957748000,516.98(0.60 %),6782260,255793668000,3803190,139835920000,0,0.0
10/01/2014,1840160,77520996000,518.94(0.38 %),4173240,147202503000,2333080,69681507000,0,0.0
13/01/2014,1549005,86833111000,521.11(0.42 %),5682200,150088072000,4133195,63254961000,0,0.0
14/01/2014,2411866,75621759000,522.31(0.23 %),4845350,150886020000,2433484,75264261000,0,0.0
15/01/2014,4470450,133581460000,526.68(0.84 %),7405715,216968936000,2935265,83387476000,0,0.0
16/01/2014,4185670,193969545000,533.54(1.30 %),8757690,304590357000,4572020,110620812000,0,0.0
17/01/2014,8774944,248270643000,543.59(1.88 %),15887214,508937485000,7112270,260666842000,0,0.0
20/01/2014,11017480,309751060000,553.67(1.85 %),16578129,516849698000,5560649,207098638000,0,0.0
21/01/2014,8722250,205470267000,559.91(1.13 %),15813480,507306892000,7091230,301836625000,0,0.0
22/01/2014,-632670,-257169914000,551.92(-1.43 %),12056545,359940553000,12689215,617110467000,0,0.0
23/01/2014,7510300,122238929000,553.55(0.30 %),9894540,252630273000,2384240,130391344000,0,0.0
24/01/2014,5461980,134945252000,560.19(1.20 %),9363220,263478219000,3901240,128532967000,0,0.0
27/01/2014,1750320,13589497000,556.52(-0.66 %),6222240,153102489000,4471920,139512992000,0,0.0
06/02/2014,-2531330,-96410301000,554.68(-0.33 %),5828560,263402777000,8359890,359813078000,0,0.0
07/02/2014,579240,32425381000,549.76(-0.89 %),10478962,706202398000,9899722,673777017000,0,0.0
10/02/2014,309790,24664134000,555.9(1.12 %),6142800,387412991000,5833010,362748857000,0,0.0
11/02/2014,4936650,165963213000,553.9(-0.36 %),8519880,346511182000,3583230,180547969000,0,0.0
12/02/2014,2197480,86574111000,564.25(1.87 %),6370080,242273009000,4172600,155698898000,0,0.0
13/02/2014,3378350,93609292000,570.18(1.05 %),6890920,209879848000,3512570,116270556000,0,0.0
14/02/2014,5129420,121517519000,572.22(0.36 %),8455854,311460873000,3326434,189943354000,0,0.0
17/02/2014,-616900,-56513011000,570.2(-0.35 %),7653250,179598023000,8270150,236111034000,0,0.0
18/02/2014,2396260,96786521000,574.56(0.76 %),9120860,315486545000,6724600,218700024000,0,0.0
19/02/2014,1119630,48741258000,578.12(0.62 %),6787910,244354329000,5668280,195613071000,0,0.0
20/02/2014,5550230,158688779000,571.04(-1.22 %),13522270,347311916000,7972040,188623137000,0,0.0
21/02/2014,744940,32659327000,570.57(-0.08 %),6647600,178515771000,5902660,145856444000,0,0.0
24/02/2014,-2887260,-37434412000,576.58(1.05 %),5895490,199707955000,8782750,237142367000,0,0.0
25/02/2014,4341540,146024702000,586.2(1.67 %),8338220,313767767000,3996680,167743065000,0,0.0
26/02/2014,974620,35762760000,589.81(0.62 %),4952060,166655491000,3977440,130892731000,0,0.0
27/02/2014,1451920,70175948000,587.79(-0.34 %),7751712,265188412000,6299792,195012464000,0,0.0
28/02/2014,442540,15097377000,586.48(-0.22 %),9305277,400165965000,8862737,385068588000,0,0.0
03/03/2014,-2541370,-92543600000,573.38(-2.23 %),3273600,105840907000,5814970,198384507000,0,0.0
04/03/2014,-5220570,-133322304000,569.97(-0.59 %),4776590,132482476000,9997160,265804780000,0,0.0
05/03/2014,-3383930,-102493059000,574.94(0.87 %),4804330,227539537000,8188260,330032596000,0,0.0
06/03/2014,-5892620,-74028959000,578.56(0.63 %),7057510,214149369000,12950130,288178328000,0,0.0
07/03/2014,-6673480,-67358902000,579.75(0.21 %),6969300,186044468000,13642780,253403370000,0,0.0
10/03/2014,-3992030,-48531865000,583.69(0.68 %),6137080,219327288000,10129110,267859153000,0,0.0
11/03/2014,-3535950,-41126879000,588.5(0.82 %),6766550,240644913000,10302500,281771792000,0,0.0
12/03/2014,-863060,45720788000,590.02(0.26 %),9576180,410964069000,10439240,365243281000,0,0.0
13/03/2014,-3492240,-84813144000,595.22(0.88 %),4512687,244684681000,8004927,329497825000,0,0.0
14/03/2014,930890,-34266452000,596.83(0.27 %),7542710,252453052000,6611820,286719504000,0,0.0
17/03/2014,-198610,21504756000,600.36(0.59 %),6010270,256288697000,6208880,234783941000,0,0.0
18/03/2014,-4544420,3792752000,599.85(-0.08 %),8890180,398976414000,13434600,395183662000,0,0.0
19/03/2014,-3994540,-44750789000,605.59(0.96 %),9130550,426509712000,13125090,471260501000,0,0.0
20/03/2014,-3595650,-128979981000,600.26(-0.88 %),8977680,340651884000,12573330,469631865000,0,0.0
21/03/2014,-15069240,-195015288000,601.75(0.25 %),35925530,1500637666000,50994770,1695652954000,0,0.0
24/03/2014,-4133640,-136702665000,607.55(0.96 %),3961600,146486362000,8095240,283189027000,0,0.0
25/03/2014,-9441560,-607422556000,601.85(-0.94 %),5622830,220161013000,15064390,827583569000,0,0.0
26/03/2014,1291390,46588889000,588.06(-2.29 %),12292490,456080975000,11001100,409492086000,0,0.0
27/03/2014,-2198080,-93589604000,590.14(0.35 %),5033820,211278580000,7231900,304868184000,0,0.0
28/03/2014,-638600,-1547775000,594.29(0.70 %),4232110,201049017000,4870710,202596792000,0,0.0
31/03/2014,1728910,99658381000,591.57(-0.46 %),6766540,259716478000,5037630,160058097000,0,0.0
01/04/2014,3181450,87966713000,583.85(-1.31 %),8772795,326229900000,5591345,238263187000,0,0.0
02/04/2014,3103030,31982856000,581.67(-0.37 %),9631343,339564488000,6528313,307581632000,0,0.0
03/04/2014,3026360,40847657000,589.44(1.34 %),7191480,218071647000,4165120,177223990000,0,0.0
04/04/2014,24367500,1457076418000,593.04(0.61 %),31247430,1858158411000,6879930,401081993000,0,0.0
07/04/2014,-1641390,-114373177000,600.57(1.27 %),6979130,303761148000,8620520,418134325000,0,0.0
08/04/2014,-824290,-63798463000,603.25(0.45 %),5372830,187435505000,6197120,251233968000,0,0.0
10/04/2014,-866210,-145931677000,601.33(-0.32 %),10000537,433700152000,10866747,579631829000,0,0.0
11/04/2014,-3236600,-178930595000,600.57(-0.13 %),5670490,289518936000,8907090,468449531000,0,0.0
14/04/2014,-629820,-92014704000,596.11(-0.74 %),4706640,136943676000,5336460,228958380000,0,0.0
15/04/2014,2564660,42614867000,586.09(-1.68 %),7716610,279124133000,5151950,236509266000,0,0.0
16/04/2014,6640450,143679749000,574.29(-2.01 %),11383605,318413735000,4743155,174733986000,0,0.0
17/04/2014,-286310,-37337719000,580.31(1.05 %),6885850,237591465000,7172160,274929184000,0,0.0
18/04/2014,1948910,81003714000,565.33(-2.58 %),3709070,145537406000,1760160,64533692000,0,0.0
21/04/2014,4895980,103160264000,558.14(-1.27 %),6820400,158578864000,1924420,55418600000,0,0.0
22/04/2014,2189930,69973136000,569.87(2.10 %),4921740,184942749000,2731810,114969613000,0,0.0
23/04/2014,3342322,78194812000,569.36(-0.09 %),5085330,153365751000,1743008,75170939000,0,0.0
24/04/2014,787350,17072213000,570.46(0.19 %),3198999,119031970000,2411649,101959757000,0,0.0
25/04/2014,1336910,36458747000,578.92(1.48 %),7917150,323071664000,6580240,286612917000,0,0.0
28/04/2014,1146900,5113456000,573.1(-1.01 %),5427730,180293104000,4280830,175179648000,0,0.0
29/04/2014,497380,9164119000,578(0.85 %),3677320,203913516000,3179940,194749397000,0,0.0
05/05/2014,1420840,16918201000,564.85(-2.28 %),5275421,186142416000,3854581,169224215000,0,0.0
06/05/2014,471520,17631825000,555.11(-1.72 %),5293600,190140236000,4822080,172508411000,0,0.0
07/05/2014,2676220,49978136000,559.97(0.88 %),5459616,214324511000,2783396,164346375000,0,0.0
08/05/2014,7873440,243446226000,527.09(-5.87 %),14162580,481751366000,6289140,238305140000,0,0.0
09/05/2014,4541350,91109882000,542.46(2.92 %),9695800,264503775000,5154450,173393893000,0,0.0
12/05/2014,8930100,226527162000,517.05(-4.68 %),13638810,343630264000,4708710,117103102000,0,0.0
13/05/2014,11425520,221706159000,513.91(-0.61 %),14892360,308768500000,3466840,87062341000,0,0.0
14/05/2014,10694080,218086932000,529.53(3.04 %),14903430,362634356000,4209350,144547424000,0,0.0
15/05/2014,16669144,323409014000,524.05(-1.03 %),22841150,536401220000,6172006,212992206000,0,0.0
16/05/2014,11386310,143216238000,529.49(1.04 %),16235114,342856641000,4848804,199640403000,0,0.0
19/05/2014,7991480,141982365000,533.04(0.67 %),12141910,360660613000,4150430,218678248000,0,0.0
20/05/2014,1630440,30598323000,537.52(0.84 %),4749060,111531124000,3118620,80932801000,0,0.0
21/05/2014,63790,-27389022000,543.88(1.18 %),5676420,148486165000,5612630,175875187000,0,0.0
22/05/2014,-415270,-83226095000,541.73(-0.40 %),8995476,335836100000,9410746,419062195000,0,0.0
23/05/2014,-586950,16208197000,541.49(-0.04 %),3504460,129026247000,4091410,112818050000,0,0.0
26/05/2014,2086810,37772838000,544.06(0.47 %),3288200,75580517000,1201390,37807679000,0,0.0
27/05/2014,2456010,32998913000,552.75(1.60 %),7504710,194750543000,5048700,161751630000,0,0.0
28/05/2014,1131520,38279838000,557.34(0.83 %),5753380,166591741000,4621860,128311903000,0,0.0
29/05/2014,4033780,124966761000,558.45(0.20 %),7594960,257222271000,3561180,132255510000,0,0.0
30/05/2014,5536610,222135408000,562.02(0.64 %),9913050,404192274000,4376440,182056866000,0,0.0
02/06/2014,3438840,115232527000,556.8(-0.93 %),5310734,211777331000,1871894,96544804000,0,0.0
03/06/2014,5780680,141843560000,558.76(0.35 %),7603570,215703000000,1822890,73859440000,0,0.0
04/06/2014,2697250,55819430000,553.46(-0.95 %),4585497,130312891000,1888247,74493461000,0,0.0
05/06/2014,639000,9738694000,551.1(-0.43 %),3110690,75500235000,2471690,65761541000,0,0.0
06/06/2014,602090,5971096000,559.04(1.44 %),3294020,70562881000,2691930,64591785000,0,0.0
09/06/2014,2800580,8810352000,565.61(1.18 %),6259430,109661371000,3458850,100851019000,0,0.0
10/06/2014,1832670,39782887000,566.89(0.23 %),4879690,117475542000,3047020,77692655000,0,0.0
11/06/2014,3508406,25986675000,570.36(0.61 %),6731186,147459976000,3222780,121473301000,0,0.0
12/06/2014,1386920,39432721000,573.77(0.60 %),4342770,115332373000,2955850,75899652000,0,0.0
13/06/2014,312190,-4111631000,574.48(0.12 %),3703100,101249256000,3390910,105360887000,0,0.0
16/06/2014,1104440,15251384000,572.37(-0.37 %),7465590,245912286000,6361150,230660902000,0,0.0
17/06/2014,961510,14111685000,572.25(-0.02 %),4790360,142713133000,3828850,128601448000,0,0.0
18/06/2014,4525790,95156445000,570.03(-0.39 %),8704478,249350429000,4178688,154193984000,0,0.0
19/06/2014,4737530,132409889000,567.35(-0.47 %),8987710,251596868000,4250180,119186979000,0,0.0
20/06/2014,16566890,367528500000,560.78(-1.16 %),45597010,1107815239000,29030120,740286739000,0,0.0
23/06/2014,2546320,45290835000,565.92(0.92 %),5538670,158408065000,2992350,113117230000,0,0.0
24/06/2014,1573280,25328029000,569.74(0.68 %),6084316,218141782000,4511036,192813753000,0,0.0
25/06/2014,1440190,37828121000,572.27(0.44 %),5160870,174642022000,3720680,136813901000,0,0.0
26/06/2014,6429495,116769798000,576.4(0.72 %),11677020,297995940000,5247525,181226142000,0,0.0
27/06/2014,5884360,140280593000,578.82(0.42 %),8377800,234699278000,2493440,94418685000,0,0.0
30/06/2014,1680453,53608675000,578.13(-0.12 %),4587363,142543861000,2906910,88935186000,0,0.0
01/07/2014,850020,31471589000,578.07(-0.01 %),4166376,139242871000,3316356,107771282000,0,0.0
02/07/2014,86100,11154000000,578.8(0.13 %),6017048,253512000000,5930948,242358000000,0,0.0
03/07/2014,1847786,39048718000,585.02(1.07 %),8117886,246961575000,6270100,207912857000,0,0.0
04/07/2014,3684572,99949770000,589.35(0.74 %),8366622,278914886000,4682050,178965116000,0,0.0
07/07/2014,1578140,35386552000,590.69(0.23 %),7067120,201745407000,5488980,166358855000,0,0.0
08/07/2014,-27560,-50635827000,591.47(0.13 %),4376130,116972275000,4403690,167608102000,0,0.0
09/07/2014,-38910,-40000000000,591.6(0.02 %),3926560,159000000000,3965470,199000000000,0,0.0
10/07/2014,1636540,36989000000,584.88(-1.14 %),4904990,138765000000,3268450,101776000000,0,0.0
11/07/2014,-278000,-10896152000,582.77(-0.36 %),3225541,189543756000,3503541,200439908000,0,0.0
14/07/2014,-1293620,-45486862000,586.23(0.59 %),3549650,93587400000,4843270,139074262000,0,0.0
15/07/2014,-1555860,-77385402000,589.31(0.53 %),3607480,96094570000,5163340,173479972000,0,0.0
16/07/2014,777610,22924791000,589.68(0.06 %),6533230,233026956000,5755620,210102165000,0,0.0
17/07/2014,2166482,71700058000,590.37(0.12 %),4500839,160455297000,2334357,88755239000,0,0.0
18/07/2014,286050,-27171443000,596.26(1.00 %),5340450,161197579000,5054400,188369022000,7164239659,0.0
21/07/2014,2186730,12268064000,601.04(0.80 %),6048590,176789244000,3861860,164521180000,7203835340,0.0
22/07/2014,81460,38669298000,597.98(-0.51 %),4348590,268423375000,4267130,229754077000,7205138408,0.0
23/07/2014,765210,15725894000,597.5(-0.08 %),2338150,68529738000,1572940,52803844000,7206086077,2.6
24/07/2014,4103770,118542268000,602.06(0.76 %),6706440,224489033000,2602670,105946765000,7204403447,0.0
25/07/2014,4070460,77499521000,600.14(-0.32 %),10824576,386690812000,6754116,309191291000,16345355698,0.0
28/07/2014,1366600,26504048000,589.45(-1.78 %),2913500,76983227000,1546900,50479179000,7245864243,0.0
29/07/2014,1482340,40657178000,592.24(0.47 %),3591881,123467348000,2109541,82810170000,7238289540,0.0
30/07/2014,-5673920,-487733512000,589.33(-0.49 %),3403110,121761639000,9077030,609495151000,7239433269,0.0
31/07/2014,-685240,-23007449000,596.07(1.14 %),3626112,262189483000,4311352,285196932000,7239566124,0.0
01/08/2014,611940,26747389000,593.9(-0.36 %),5673767,330010748000,5061827,303263359000,7239930063,0.0
04/08/2014,971890,32544590000,599.04(0.87 %),3729844,158386775000,2757954,125842185000,7238387727,0.0
05/08/2014,-455700,-57694470000,607.73(1.45 %),4262880,151832542000,4718580,209527012000,7245837087,0.0
06/08/2014,-1469540,-177916339000,606.7(-0.17 %),5496555,168987259000,6966095,346903598000,7248589775,0.0
07/08/2014,-4107610,-125604384000,607.62(0.15 %),2915820,100014810000,7023430,225619194000,0,0.0
08/08/2014,-4156320,-246060349000,605.43(-0.36 %),4213450,136969985000,8369770,383030334000,7241291592,0.0
11/08/2014,-3113150,-145918853000,602.13(-0.55 %),8598070,354864700000,11711220,500783553000,7243429443,0.0
12/08/2014,-2957880,-139175448000,601.78(-0.06 %),1922707,88277530000,4880587,227452978000,7248179947,0.0
13/08/2014,-4336250,-202052588000,602.76(0.16 %),2623750,127671563000,6960000,329724151000,7255695841,0.0
14/08/2014,-1507110,-109811480000,605.25(0.41 %),5159830,193709545000,6666940,303521025000,7263566661,0.0
15/08/2014,-274600,-40360992000,604.24(-0.17 %),4325337,256904324000,4599937,297265316000,7265441158,0.0
18/08/2014,-744260,-35491730000,605.08(0.14 %),17982170,1940000021000,18726430,1975491751000,7264028231,0.0
19/08/2014,-1323620,-98685379000,604.64(-0.07 %),8518970,605220889000,9842590,703906268000,7273169826,0.0
20/08/2014,-1500210,-66585030000,606.7(0.34 %),2917250,114893339000,4417460,181478369000,7276716923,0.0
21/08/2014,2629790,77119390000,612.94(1.03 %),7671380,276073198000,5041590,198953808000,7263696424,0.0
22/08/2014,2130570,73962136000,620.14(1.17 %),8684060,432112538000,6553490,358150402000,7267155992,0.0
25/08/2014,4214100,108299763000,625.88(0.93 %),10850750,464782764000,6636650,356483001000,7268907964,0.0
26/08/2014,3847660,70463792000,629.06(0.51 %),9661950,315141555000,5814290,244677763000,7264358940,0.0
27/08/2014,-1807950,-134329061000,628.77(-0.05 %),6037280,224995070000,7845230,359324131000,7261677432,0.0
28/08/2014,2170090,-14187332000,632.03(0.52 %),8710370,253584493000,6540280,267771825000,7261739048,0.0
29/08/2014,18231620,901251707000,636.65(0.73 %),26252010,1218459782000,8020390,317208075000,7233379736,0.0
03/09/2014,6565630,34293320000,640.75(0.64 %),15990780,497492370000,9425150,463199050000,7248177323,0.0
04/09/2014,3642010,155643694000,640.22(-0.08 %),12799051,620523797000,9157041,464880103000,7232318827,0.0
05/09/2014,-1469070,-156707284000,638.65(-0.25 %),13978163,542899440000,15447233,699606724000,7231727904,0.0
08/09/2014,2148161,36850653000,639.85(0.19 %),8365062,306750551000,6216901,269899898000,7238191253,0.0
09/09/2014,1845150,118126634000,626.92(-2.02 %),10701202,471706441000,8856052,353579807000,7241070857,0.0
10/09/2014,-9490360,-143601479000,628.8(0.30 %),4956320,204199554000,14446680,347801033000,7317798220,0.0
11/09/2014,-3112828,-33507803000,628.99(0.03 %),4979080,221495719000,8091908,255003522000,7338452107,0.0
12/09/2014,-1137170,-49791854000,632.5(0.56 %),4010210,142035066000,5147380,191826920000,7338812105,0.0
15/09/2014,6102870,65292270000,630.34(-0.34 %),13245473,430955419000,7142603,365663149000,7361460473,0.0
16/09/2014,-5774250,-267703718000,627.66(-0.43 %),7801730,291219887000,13575980,558923605000,7364461291,0.0
17/09/2014,-12234520,-313291668000,625.66(-0.32 %),5654150,238255559000,17888670,551547227000,7368223585,0.0
18/09/2014,-2281550,-72290471000,615.8(-1.58 %),6260456,283602841000,8542006,355893312000,7371947160,0.0
19/09/2014,7678820,38489598000,613.29(-0.41 %),78693620,2153653652000,71014800,2115164054000,7302757460,0.0
22/09/2014,1108840,144445582000,611.93(-0.22 %),6855390,342310874000,5746550,197865292000,7332259241,0.0
23/09/2014,7229880,215749142000,610.39(-0.25 %),13903326,486010853000,6673446,270261711000,7337552969,0.0
24/09/2014,-2344770,-65204517000,603.59(-1.11 %),16029970,479692436000,18374740,544896953000,0,0.0
25/09/2014,-6862360,-395405441000,605.1(0.25 %),5775828,153277842000,12638188,548683283000,0,0.0
26/09/2014,1381740,-9304163000,604.98(-0.02 %),9141610,364342096000,7759870,373646259000,0,0.0
29/09/2014,-470230,-34865357000,599.78(-0.86 %),5071489,154403803000,5541719,189269160000,7481872808,0.0
30/09/2014,-3157800,-111218280000,598.8(-0.16 %),5233671,196687810000,8391471,307906090000,7491641218,0.0
01/10/2014,10055670,99798740000,609.27(1.75 %),16634977,404233180000,6579307,304434440000,0,0.0
02/10/2014,5385740,78615230000,612.66(0.56 %),12296480,353695610000,6910740,275080380000,0,0.0
03/10/2014,-7921849,-370274367000,611.55(-0.18 %),10463820,268946705000,18385669,639221072000,7524144746,0.0
06/10/2014,1931280,4320001000,614.42(0.47 %),7155160,210465194000,5223880,206145193000,7526064027,0.0
07/10/2014,-518680,-66796339000,614.08(-0.06 %),6199920,157735226000,6718600,224531565000,7537142578,0.0
08/10/2014,-668060,-74938452000,617.26(0.52 %),9136850,259882515000,9804910,334820967000,7532774902,0.0
09/10/2014,-2837770,-93342050000,624.34(1.15 %),10796736,422815093000,13634506,516157143000,7543300930,0.0
10/10/2014,-884050,15568698000,617.72(-1.06 %),4254894,185220993000,5138944,169652295000,7547052289,0.0
13/10/2014,-7192360,-266218559000,614.22(0.81 %),7006500,197386078000,14198860,463604637000,0,0.0
14/10/2014,242630,-30000000000,605.79(-1.37 %),4948980,157000000000,4706350,187000000000,0,0.0
15/10/2014,-4748400,-116000000000,604.29(-0.25 %),5767690,180000000000,10516090,296000000000,0,0.0
16/10/2014,-7050830,-251558441000,587.17(-2.83 %),4313520,149921455000,11364350,401479896000,0,0.0
17/10/2014,-8852460,-368000000000,585.28(-0.32 %),7172610,259000000000,16025070,627000000000,0,0.0
20/10/2014,-175580,-38000000000,589.24(0.68 %),4974720,168000000000,5150300,206000000000,0,0.0
21/10/2014,-1401990,-61000000000,600.55(1.92 %),7332440,283000000000,8734430,344000000000,0,0.0
22/10/2014,1884450,34000000000,601.59(0.17 %),6393350,197000000000,4508900,163000000000,0,0.0
23/10/2014,-803840,-3000000000,593.53(-1.34 %),8796630,407000000000,9600470,410000000000,0,0.0
24/10/2014,950740,18000000000,591.51(-0.34 %),4560145,164000000000,3609405,146000000000,0,0.0
27/10/2014,-45350,7315163000,580.8(-1.81 %),3998522,180604945000,4043872,173289782000,0,0.0
29/10/2014,4637270,110532549000,591.2(1.38 %),7739030,200277000000,3101760,89744451000,0,0.0
30/10/2014,3783580,119922703000,589.14(-0.35 %),7175830,201000000000,3392250,81077297000,0,0.0
31/10/2014,2883090,109967600000,600.84(1.99 %),8813750,256496352000,5930660,146528752000,0,0.0
03/11/2014,3235800,90936000000,603.15(0.38 %),10675750,450055000000,7439950,359119000000,0,0.0
04/11/2014,-900010,-26279969000,598.39(-0.79 %),3274332,101164082000,4174342,127444051000,0,0.0
05/11/2014,382060,5552357000,597.01(-0.23 %),3741760,136588263000,3359700,131035906000,0,0.0
06/11/2014,84950,10432410000,597.85(0.14 %),3675650,136348251000,3590700,125915841000,0,0.0
07/11/2014,3703520,108419281000,602.59(0.79 %),8248890,248546812000,4545370,140127531000,0,0.0
10/11/2014,-1099130,-38784930000,602.12(-0.08 %),9336434,595823511000,10435564,634608441000,0,0.0
11/11/2014,-660850,-4689288000,604.23(0.35 %),4444678,291219434000,5105528,295908722000,0,0.0
12/11/2014,1190090,-19733981000,604.01(-0.04 %),3349880,78235893000,2159790,97969874000,0,0.0
13/11/2014,-3383350,-108909049000,603.16(-0.14 %),3090350,101184310000,6473700,210093359000,0,0.0
14/11/2014,-4752570,-226756383000,600.36(-0.46 %),3032338,99914800000,7784908,326671183000,0,0.0
17/11/2014,1437160,-2046451000,600.93(0.09 %),4195290,102592495000,2758130,104638946000,0,0.0
18/11/2014,-4206640,-218157676000,594.25(-1.11 %),5802150,124177263000,10008790,342334939000,0,0.0
19/11/2014,-183140,-26160611000,588.35(-0.99 %),3480820,214767398000,3663960,240928009000,0,0.0
20/11/2014,-1003270,-54683940000,593.32(0.84 %),5306910,186991290000,6310180,241675230000,0,0.0
21/11/2014,1202200,-5963970000,588.03(-0.89 %),4780390,127529780000,3578190,133493750000,0,0.0
24/11/2014,1672400,30705440000,582.53(-0.94 %),4190080,110471380000,2517680,79765940000,0,0.0
25/11/2014,2733600,38090879000,585.91(0.58 %),8791249,359257430000,6057649,321166551000,0,0.0
26/11/2014,2112290,-37934040000,576.04(-1.68 %),10823662,381499920000,8711372,419433960000,0,0.0
27/11/2014,-11336768,-199403590000,572.89(-0.55 %),3233270,96418060000,14570038,295821650000,0,0.0
28/11/2014,-4273780,-177461050000,566.58(-1.10 %),2520390,77934140000,6794170,255395190000,0,0.0
01/12/2014,-1215340,-106943250000,568.01(0.25 %),7247510,260000300000,8462850,366943550000,0,0.0
02/12/2014,-3119090,-96476540000,569.43(0.25 %),7409650,283060840000,10528740,379537380000,0,0.0
03/12/2014,-1146930,-39243280000,574.88(0.96 %),5134183,193146020000,6281113,232389300000,0,0.0
04/12/2014,5896060,65625510000,578.38(0.61 %),10932190,247670820000,5036130,182045310000,0,0.0
05/12/2014,2147430,62917370000,578.76(0.07 %),9247410,272761040000,7099980,209843670000,0,0.0
08/12/2014,-1626013,-10429657000,571.68(-1.23 %),6508580,235446018000,8134593,245875675000,0,0.0
09/12/2014,-110980,-7561990000,555.31(-2.86 %),6269660,232286720000,6380640,239848710000,0,0.0
10/12/2014,-3008420,-79449270000,557.19(0.34 %),5789529,198631780000,8797949,278081050000,0,0.0
11/12/2014,-577620,-14866210000,550.11(-1.27 %),7668602,282562730000,8246222,297428940000,0,0.0
12/12/2014,1014650,2349657000,553.93(0.69 %),6015930,226142124000,5001280,223792467000,0,0.0
15/12/2014,-1100820,-33470830000,547.93(-1.08 %),6416133,213114700000,7516953,246585530000,0,0.0
16/12/2014,328480,-7740310000,535.14(-2.33 %),8372440,251191650000,8043960,258931960000,0,0.0
17/12/2014,-2415800,-91843885000,518.22(-3.16 %),8523410,343442708000,10939210,435286593000,0,0.0
18/12/2014,-6297060,-111041870000,528.45(1.97 %),6603460,243581320000,12900520,354623190000,0,0.0
19/12/2014,-27586550,-246052160000,523.09(-1.01 %),45239860,1328523590000,72826410,1574575750000,0,0.0
22/12/2014,2939800,167565176000,537.54(2.76 %),6205670,282097778000,3265870,114532602000,0,0.0
23/12/2014,1809860,89770343000,537.88(0.06 %),7307470,306218161000,5497610,216447818000,0,0.0
24/12/2014,1078970,75926430000,539.44(0.29 %),2632420,112317360000,1553450,36390930000,0,0.0
25/12/2014,894230,41276750000,532.01(-1.38 %),1367920,51125340000,473690,9848590000,0,0.0
26/12/2014,3202760,130260104000,533.37(0.26 %),5477710,199418875000,2274950,69158771000,0,0.0
29/12/2014,3170130,98483481000,532.68(-0.13 %),4718870,147780953000,1548740,49297472000,0,0.0
30/12/2014,2434720,92387370000,537.57(0.92 %),4070400,136472580000,1635680,44085210000,0,0.0
31/12/2014,3525270,96784622000,545.63(1.50 %),4667290,134501994000,1142020,37717372000,0,0.0
05/01/2015,1390067,14800636000,544.45(-0.22 %),3982170,128838547000,2592103,114037911000,0,0.0
06/01/2015,4459340,45166530000,549.66(0.96 %),7336179,152445205000,2876839,107278675000,0,0.0
07/01/2015,-1775650,-94907362000,552.05(0.43 %),3499740,107021870000,5275390,201929232000,0,0.0
08/01/2015,-115510,-45486506000,553.47(0.26 %),4772347,143088198000,4887857,188574704000,0,0.0
09/01/2015,819579,-1439887000,569.73(2.94 %),6896190,214116173000,6076611,215556060000,0,0.0
12/01/2015,2301350,48150747000,574.32(0.81 %),8303080,252994812000,6001730,204844065000,0,0.0
13/01/2015,-9781517,-37261921000,580.6(1.09 %),9806380,424830901000,19587897,462092822000,0,0.0
14/01/2015,1323220,51186733000,577.01(-0.62 %),7570730,320595991000,6247510,269409258000,0,0.0
15/01/2015,-530250,-14159173000,577.74(0.13 %),4366040,196951186000,4896290,211110359000,0,0.0
16/01/2015,2106780,52533387000,574.81(-0.51 %),7582183,234483334000,5475403,181949947000,0,0.0
19/01/2015,1335950,43306775000,571.51(-0.57 %),5689990,159687861000,4354040,116381086000,0,0.0
20/01/2015,89230,-3041410000,572.22(0.12 %),6104460,335011793000,6015230,338053203000,0,0.0
21/01/2015,-73810,3692934000,569.12(-0.54 %),5190970,284933609000,5264780,281240675000,0,0.0
22/01/2015,-1676550,-82160541000,574.54(0.95 %),3391580,113888349000,5068130,196048890000,0,0.0
23/01/2015,1001520,14629563000,582.38(1.36 %),5745940,209011440000,4744420,194381877000,0,0.0
26/01/2015,1554240,41815721000,580.64(-0.30 %),3786860,134273745000,2232620,92458024000,0,0.0
27/01/2015,479080,-28037877000,579.3(-0.23 %),5532210,193052411000,5053130,221090288000,0,0.0
28/01/2015,889280,26296053000,583.76(0.77 %),5463120,193302662000,4573840,167006609000,0,0.0
29/01/2015,1063410,17760673000,583.28(-0.08 %),4671840,128176329000,3608430,110415656000,0,0.0
30/01/2015,619170,45350452000,576.07(-1.24 %),6904170,207327984000,6285000,161977532000,0,0.0
02/02/2015,-9524670,-170976870000,570.37(-0.99 %),2679158,103148845000,12203828,274125715000,0,0.0
03/02/2015,-1517810,-30282018000,557.47(-2.26 %),4462152,144963604000,5979962,175245622000,0,0.0
04/02/2015,-506830,-9390424000,561.45(0.71 %),6907009,221296572000,7413839,230686996000,0,0.0
05/02/2015,1906212,44300399000,567.17(1.02 %),6850890,199098160000,4944678,154797761000,0,0.0
06/02/2015,4509360,101536643000,574.13(1.23 %),8364180,261343316000,3854820,159806673000,0,0.0
09/02/2015,12033490,231674430000,573.55(-0.10 %),16224160,382863809000,4190670,151189379000,0,0.0
10/02/2015,2634050,73311608000,574.52(0.17 %),8324340,289434963000,5690290,216123355000,0,0.0
11/02/2015,4093390,133293942000,581.76(1.26 %),7961270,291817915000,3867880,158523973000,0,0.0
12/02/2015,6031750,136015046000,584.67(0.50 %),11577610,337863332000,5545860,201848286000,0,0.0
13/02/2015,6942920,127664095000,587.24(0.44 %),11528480,285692822000,4585560,158028727000,0,0.0
24/02/2015,3361410,120586808000,596.95(1.65 %),6437339,243136554000,3075929,122549746000,0,0.0
25/02/2015,9474310,204665863000,592.66(-0.72 %),12393786,318843562000,2919476,114177699000,0,0.0
26/02/2015,4332720,76684337000,596.72(0.69 %),7739630,237548880000,3406910,160864543000,0,0.0
27/02/2015,2066480,33593066000,592.57(-0.70 %),8842362,283168727000,6775882,249575661000,0,0.0
02/03/2015,2501300,64131389000,590.73(-0.31 %),6099224,204737436000,3597924,140606047000,0,0.0
03/03/2015,3773260,77285626000,596.72(1.01 %),12030620,359333049000,8257360,282047423000,0,0.0
04/03/2015,5765730,82104546000,600.39(0.62 %),11188260,303064956000,5422530,220960410000,0,0.0
05/03/2015,738370,25850890000,596.91(-0.58 %),10552862,468921172000,9814492,443070282000,0,0.0
06/03/2015,-3325694,-103896309000,593.97(-0.49 %),5524399,228834302000,8850093,332730611000,0,0.0
09/03/2015,-4335590,-115089853000,588.44(-0.93 %),5591400,333752308000,9926990,448842161000,0,0.0
10/03/2015,478640,-23820586000,589.66(0.21 %),6074570,254086024000,5595930,277906610000,0,0.0
11/03/2015,-1496800,-72669932000,586.54(-0.53 %),4479812,181360554000,5976612,254030486000,0,0.0
12/03/2015,303740,-7630129000,588.53(0.34 %),4852500,136785041000,4548760,144415170000,0,0.0
13/03/2015,-1139090,-47487793000,586.1(-0.41 %),7977492,252122076000,9116582,299609869000,0,0.0
16/03/2015,1577950,-5183740000,580.8(-0.90 %),10121620,262853146000,8543670,268036886000,0,0.0
17/03/2015,911760,-6112452000,581.76(0.17 %),8841890,222343788000,7930130,228456240000,0,0.0
18/03/2015,828800,13321227000,578.68(-0.53 %),7282380,234421472000,6453580,221100245000,0,0.0
19/03/2015,-9609270,-221649036000,573.74(-0.85 %),4504260,170927542000,14113530,392576578000,0,0.0
20/03/2015,19752770,213262607000,575.44(0.30 %),52509030,1258462986000,32756260,1045200379000,0,0.0
23/03/2015,-3579120,-97457655000,570.89(-0.79 %),8423200,271966367000,12002320,369424022000,0,0.0
24/03/2015,-516300,-40530199000,567.43(-0.61 %),8980873,264937382000,9497173,305467581000,0,0.0
25/03/2015,-536330,-72586000000,560.93(-1.15 %),10186620,375021000000,10722950,447607000000,0,0.0
26/03/2015,-8026040,-265954660000,556.16(-0.85 %),7299420,245959638000,15325460,511914298000,0,0.0
27/03/2015,-4948680,-136570000000,551.42(-0.85 %),8000490,254429000000,12949170,390999000000,0,0.0
30/03/2015,-3251880,-169050193000,545.19(-1.13 %),9025934,312925188000,12277814,481975381000,0,0.0
31/03/2015,1443050,-6685741000,551.13(1.09 %),6586817,180275353000,5143767,186961094000,0,0.0
01/04/2015,9972970,167279328000,538.91(-2.22 %),13720887,311212872000,3747917,143933544000,0,0.0
02/04/2015,1640010,2725525000,546.85(1.47 %),6363795,166726938000,4723785,164001413000,0,0.0
03/04/2015,2001210,54201766000,547.85(0.18 %),3739620,117106615000,1738410,62904849000,0,0.0
06/04/2015,2786300,41173615000,542.97(-0.89 %),14180690,675098681000,11394390,633925066000,0,0.0
07/04/2015,-2551210,-48249893000,548.11(0.95 %),6121450,191700070000,8672660,239949963000,0,0.0
08/04/2015,-2176810,-61031842000,547.72(-0.07 %),7581340,227520721000,9758150,288552563000,0,0.0
09/04/2015,-1056780,-41903868000,550.52(0.51 %),13913829,742464693000,14970609,784368561000,0,0.0
10/04/2015,4791942,226196830000,554.03(0.64 %),12458207,527957710000,7666265,301760880000,0,0.0
13/04/2015,4290570,108058380000,559.54(0.99 %),8290560,266541267000,3999990,158482887000,0,0.0
14/04/2015,5735940,175080953000,558.67(-0.16 %),7742560,252249017000,2006620,77168064000,0,0.0
15/04/2015,3905573,119047811000,564.5(1.04 %),10240880,341575710000,6335307,222527899000,0,0.0
16/04/2015,8754770,203149244000,568.28(0.67 %),14565550,393849991000,5810780,190700747000,0,0.0
17/04/2015,15688930,319177063000,568.32(0.01 %),20811740,527039071000,5122810,207862008000,0,0.0
20/04/2015,5763540,130644838000,565.04(-0.58 %),9074880,243286030000,3311340,112641192000,0,0.0
21/04/2015,6216410,180478382000,562.24(-0.50 %),9336276,291715121000,3119866,111236739000,0,0.0
22/04/2015,5419620,150473330000,562.51(0.05 %),8343960,246552743000,2924340,96079413000,0,0.0
23/04/2015,7673930,159983167000,561.25(-0.22 %),10581555,245487422000,2907625,85504255000,0,0.0
24/04/2015,1310735,-48026993000,565.77(0.81 %),5258680,141913747000,3947945,189940740000,0,0.0
27/04/2015,-2146540,-194434906000,562.4(-0.60 %),3898980,89138152000,6045520,283573058000,0,0.0
04/05/2015,9256590,213219736000,545.08(-3.08 %),12468010,288257009000,3211420,75037273000,0,0.0
05/05/2015,2987182,-67723546000,552.65(1.39 %),8775250,212565049000,5788068,280288595000,0,0.0
06/05/2015,9213590,211995037000,549.3(-0.61 %),14567860,408294385000,5354270,196299348000,0,0.0
07/05/2015,3934450,89936321000,552.98(0.67 %),9368990,243997998000,5434540,154061677000,0,0.0
08/05/2015,2632630,60940600000,554.51(0.28 %),5916600,156566243000,3283970,95625643000,0,0.0
11/05/2015,2074550,58000000000,551.67(-0.51 %),6705240,184000000000,4630690,126000000000,0,0.0
12/05/2015,-2935833,-28153124000,544.41(-1.32 %),7202086,240266296000,10137919,268419420000,0,0.0
13/05/2015,-4988030,-94602000000,542.82(-0.29 %),4873960,151476000000,9861990,246078000000,0,0.0
14/05/2015,-275740,-18526507000,543.69(0.16 %),4720198,136522316000,4995938,155048823000,0,0.0
15/05/2015,-1684870,-37143157000,537.44(-1.15 %),2602338,90269742000,4287208,127412899000,0,0.0
18/05/2015,1565850,35503717000,528.95(-1.58 %),8949530,360534059000,7383680,325030342000,0,0.0
19/05/2015,3896670,75396000000,536.82(1.49 %),9502758,274527000000,5606088,199131000000,0,49.0
20/05/2015,2629380,96125888000,550.1(2.47 %),7705330,235681825000,5075950,139555937000,0,0.0
21/05/2015,2067440,53030994000,552.56(0.45 %),13413016,592428064000,11345576,539397070000,0,0.0
22/05/2015,5339470,145111734000,561.82(1.68 %),13294100,438417901000,7954630,293306167000,0,0.0
25/05/2015,1860220,50564262000,563(0.21 %),4722890,140869620000,2862670,90305358000,0,0.0
26/05/2015,5141780,174181436000,567.2(0.75 %),10275810,339145569000,5134030,164964133000,0,0.0
27/05/2015,2770270,74715973000,566.48(-0.13 %),8412200,296513780000,5641930,221797807000,0,0.0
28/05/2015,1825030,39522873000,572.97(1.15 %),7562452,230748103000,5737422,191225230000,0,0.0
29/05/2015,1461360,11305751000,569.56(-0.60 %),10576230,277341627000,9114870,266035876000,0,0.0
01/06/2015,4001400,102031996000,574.98(0.95 %),9510850,303226845000,5509450,201194849000,0,0.0
02/06/2015,5729200,141669194000,570.31(-0.81 %),11611194,332643784000,5881994,190974590000,0,0.0
03/06/2015,-4876750,-95743701000,567.9(-0.42 %),8623070,239932636000,13499820,335676337000,0,0.0
04/06/2015,-115240,-25699680000,568.99(0.19 %),8049580,262980115000,8164820,288679795000,0,0.0
05/06/2015,-5130190,-100817185000,578.07(1.60 %),4666100,143020685000,9796290,243837870000,0,0.0
08/06/2015,-2437730,-57270534000,579.83(0.30 %),5494090,121744820000,7931820,179015354000,0,0.0
09/06/2015,741970,7586590000,574.47(-0.92 %),7046140,175176495000,6304170,167589905000,0,0.0
10/06/2015,-5083380,-105065876000,574.1(-0.06 %),5527240,157770950000,10610620,262836826000,0,0.0
11/06/2015,-2397140,-33690662000,581.05(1.21 %),6725540,206394918000,9122680,240085580000,0,0.0
12/06/2015,5208990,156961596000,582.73(0.29 %),10431000,328635158000,5222010,171673562000,0,0.0
15/06/2015,-8855330,-30735757000,586.48(0.64 %),6725220,174320084000,15580550,205055841000,0,0.0
16/06/2015,2756600,39118656000,580.35(-1.05 %),8101065,216714923000,5344465,177596267000,0,0.0
17/06/2015,4792660,88991076000,578.87(-0.26 %),8646975,244546078000,3854315,155555002000,0,0.0
18/06/2015,2001740,26107262000,580.35(0.26 %),9011150,194327176000,7009410,168219914000,0,0.0
19/06/2015,19214220,186694414000,584.7(0.75 %),60079820,1097061015000,40865600,910366601000,0,0.0
22/06/2015,10315170,163123555000,594.08(1.60 %),15653464,386642969000,5338294,223519414000,0,0.0
23/06/2015,-3182110,-310563157000,593.07(-0.17 %),10317108,293997638000,13499218,604560795000,0,0.0
24/06/2015,-2294774,-188976235000,590.02(-0.51 %),6358770,174915018000,8653544,363891253000,0,0.0
25/06/2015,-3535910,-87169627000,587.99(-0.34 %),5528540,153849044000,9064450,241018671000,0,0.0
26/06/2015,10794120,460028983000,581.75(-1.06 %),18313085,793319335000,7518965,333290352000,0,0.0
29/06/2015,12340430,313856493000,591.75(1.72 %),16790415,550428816000,4449985,236572323000,0,0.0
30/06/2015,16587950,430009970000,593.05(0.22 %),23992817,676734950000,7404867,246724980000,0,0.0
01/07/2015,-122210,16392999000,591.5(-0.26 %),9155389,245249345000,9277599,228856346000,0,0.0
02/07/2015,-93630,80777212000,605.7(2.40 %),11958570,341348356000,12052200,260571144000,0,0.0
03/07/2015,4794530,165725945000,616.43(1.77 %),13017020,353965388000,8222490,188239443000,0,0.0
06/07/2015,3252630,38640961000,625.22(1.43 %),13804440,342673754000,10551810,304032793000,0,0.0
07/07/2015,6007230,57224630000,630.27(0.81 %),14607385,404794294000,8600155,347569664000,0,0.0
08/07/2015,-249770,15905310000,623.17(-1.13 %),13653854,424893690000,13903624,408988380000,0,0.0
09/07/2015,-1260330,-24948827000,622.1(-0.17 %),19057156,613594001000,20317486,638542828000,0,0.0
10/07/2015,2159950,46082671000,627.28(0.83 %),8201960,295325735000,6042010,249243064000,0,0.0
13/07/2015,2503260,88690760000,634.06(1.08 %),8368780,289814226000,5865520,201123466000,0,0.0
14/07/2015,1169100,66775436000,638.69(0.73 %),8785590,284155813000,7616490,217380377000,0,0.0
15/07/2015,-1738660,3399539000,630.89(-1.22 %),8305930,336333199000,10044590,332933660000,0,0.0
16/07/2015,-6287590,-143792424000,626.9(-0.63 %),11058099,285934792000,17345689,429727216000,0,0.0
17/07/2015,-1556040,-30066648000,628.63(0.28 %),7589750,203806676000,9145790,233873324000,0,0.0
20/07/2015,-1063100,14122873000,620.54(-1.29 %),10276920,268249970000,11340020,254127097000,0,0.0
21/07/2015,5775020,115965251000,616.61(-0.63 %),12245360,285209231000,6470340,169243980000,0,0.0
22/07/2015,-2124250,-96360175000,629.85(2.15 %),12381126,331488525000,14505376,427848700000,0,0.0
23/07/2015,3239710,82679139000,632.01(0.34 %),9019250,239286450000,5779540,156607311000,0,0.0
24/07/2015,3727980,81337305000,631.26(-0.12 %),8854045,314800175000,5126065,233462870000,0,0.0
27/07/2015,1297140,-31865000000,635.46(0.67 %),9764712,294108000000,8467572,325973000000,0,0.0
28/07/2015,-1161790,-86129000000,631.47(-0.63 %),11599320,322059000000,12761110,408188000000,0,0.0
29/07/2015,-165820,-37962349000,624.7(-1.07 %),8774320,248457360000,8940140,286419709000,0,0.0
30/07/2015,483310,28425790000,626.57(0.30 %),7303160,197289010000,6819850,168863220000,0,0.0
31/07/2015,2607094,50140090000,621.06(-0.88 %),11276514,281692220000,8669420,231552130000,0,0.0
03/08/2015,172600,29691940000,609.47(-1.87 %),13191410,485932840000,13018810,456240900000,0,0.0
04/08/2015,-505630,-33988160000,600.76(-1.43 %),6130640,192907550000,6636270,226895710000,0,0.0
05/08/2015,2405890,21402680000,607.08(1.05 %),8451480,230253700000,6045590,208851020000,0,0.0
06/08/2015,1919790,52094860000,601.04(-0.99 %),5811180,186793630000,3891390,134698770000,0,0.0
07/08/2015,1919530,52079293000,603.76(0.45 %),5810920,186778053000,3891390,134698760000,0,0.0
10/08/2015,1524830,48957940000,614.53(1.78 %),5872210,192486100000,4347380,143528160000,0,0.0
11/08/2015,7717460,185281000000,613.05(-0.24 %),14868216,482954000000,7150756,297673000000,0,0.0
12/08/2015,4121000,98398430000,604.24(-1.44 %),8476110,258269030000,4355110,159870600000,0,0.0
13/08/2015,164900,-4370730000,594.26(-1.65 %),8459254,254001180000,8294354,258371910000,0,0.0
14/08/2015,-2344670,-94635460000,589.03(-0.88 %),6260090,180275010000,8604760,274910470000,0,0.0
17/08/2015,548140,-1520200000,573.15(-2.70 %),6852720,184989480000,6304580,186509680000,0,0.0
18/08/2015,-1174850,-1689770000,580.22(1.23 %),12143710,339266850000,13318560,340956620000,0,0.0
19/08/2015,-4718680,-125114640000,577.82(-0.41 %),6293920,166260740000,11012600,291375380000,0,0.0
20/08/2015,-5425850,-129215370000,566.69(-1.93 %),5798525,168871800000,11224375,298087170000,0,0.0
21/08/2015,-16353580,-300086140000,556.3(-1.83 %),13190530,324800710000,29544110,624886850000,0,0.0
24/08/2015,7227730,103485940000,526.93(-5.28 %),20390309,477276930000,13162579,373790990000,0,0.0
25/08/2015,-1588090,-54325890000,529.98(0.58 %),13968397,419709850000,15556487,474035740000,0,0.0
26/08/2015,-8281330,-177845790000,545.89(3.00 %),6669100,222664400000,14950430,400510190000,0,0.0
27/08/2015,1834740,-10761610000,555.81(1.82 %),11206500,252060720000,9371760,262822330000,0,0.0
28/08/2015,2950330,99770080000,570.87(2.71 %),10014970,280376610000,7064640,180606530000,0,0.0
31/08/2015,5676013,-243000000000,564.75(-1.07 %),8068077,374000000000,2392064,617000000000,0,0.0
01/09/2015,-11689990,-195000000000,562.31(-0.43 %),6103030,164000000000,17793020,359000000000,0,0.0
03/09/2015,-5648680,-148000000000,554.3(-1.42 %),6696760,186000000000,12345440,334000000000,0,0.0
04/09/2015,810530,37056410000,556.81(0.45 %),4108040,118120240000,3297510,81063830000,0,0.0
07/09/2015,1196990,25757370000,554.93(-0.34 %),9828845,602913480000,8631855,577156110000,0,0.0
08/09/2015,-855680,-16934940000,566.72(2.12 %),3840280,109049740000,4695960,125984680000,0,0.0
09/09/2015,2559780,77850220000,572.34(0.99 %),6609150,208839720000,4049370,130989500000,0,0.0
10/09/2015,3149200,89589770000,572.07(-0.05 %),5380710,172352710000,2231510,82762940000,0,0.0
11/09/2015,-1291830,-27645400000,566.74(-0.93 %),2960510,90584800000,4252340,118230200000,0,0.0
14/09/2015,884780,10071880000,562.17(-0.81 %),3829760,106035380000,2944980,95963500000,0,0.0
15/09/2015,960200,55641880000,563.27(0.20 %),10453440,337875410000,9493240,282233530000,0,0.0
16/09/2015,-600230,-23210930000,564.13(0.15 %),4126220,175174440000,4726450,198385370000,0,0.0
17/09/2015,9360690,239714590000,562.48(-0.29 %),12953310,331746510000,3592620,92031920000,0,0.0
18/09/2015,11181140,-57825860000,566.25(0.67 %),41663710,926082240000,30482570,983908100000,0,0.0
21/09/2015,-888300,-29285770000,572.12(1.04 %),4274740,101887760000,5163040,131173530000,0,0.0
22/09/2015,-4915310,-48799680000,573.2(0.19 %),8555010,197451400000,13470320,246251080000,0,0.0
23/09/2015,-19136128,-391527070000,572.72(-0.08 %),3467680,119589300000,22603808,511116370000,0,0.0
24/09/2015,-973530,-19959940000,570.25(-0.43 %),2641880,67742360000,3615410,87702300000,0,0.0
25/09/2015,-3740390,-262920920000,570.38(0.02 %),5572590,287275810000,9312980,550196730000,0,0.0
28/09/2015,-3750171,-117487710000,564.88(-0.96 %),2709940,58801840000,6460111,176289550000,0,0.0
29/09/2015,-3685190,-86234960000,561.19(-0.65 %),2859460,84199350000,6544650,170434310000,0,0.0
30/09/2015,-2791900,-57339320000,562.64(0.26 %),3921803,124009940000,6713703,181349260000,0,0.0
01/10/2015,4466100,49268650000,563.54(0.17 %),9677080,239402020000,5210980,190133370000,0,0.0
02/10/2015,-3399842,-61474900000,562.31(-0.22 %),3859950,123255690000,7259792,184730590000,0,0.0
05/10/2015,-978670,-14700080000,570(1.37 %),5973479,164986460000,6952149,179686540000,0,0.0
06/10/2015,1506484,-4475080000,581.29(1.98 %),16228586,383519970000,14722102,387995050000,0,0.0
07/10/2015,9008860,159084160000,579.57(-0.30 %),18694599,488381900000,9685739,329297740000,0,0.0
08/10/2015,51059040,787369270000,586.78(1.24 %),58779560,1026385250000,7720520,239015980000,0,0.0
09/10/2015,12008240,161537540000,588.02(0.21 %),17090200,320907730000,5081960,159370190000,0,0.0
12/10/2015,-6936630,-110552770000,592.1(0.69 %),10998140,319228290000,17934770,429781060000,0,0.0
13/10/2015,-5967510,-69328940000,590.84(-0.21 %),8206910,222179530000,14174420,291508470000,0,0.0
14/10/2015,3677760,44058560000,589.98(-0.15 %),11860830,278459570000,8183070,234401010000,0,0.0
15/10/2015,-1784710,-25974800000,592.4(0.41 %),5385380,132166500000,7170090,158141300000,0,0.0
16/10/2015,1424470,-9591700000,593.02(0.10 %),8040646,205689210000,6616176,215280910000,0,0.0
19/10/2015,-15420,-11190640000,594.61(0.27 %),4129840,110593930000,4145260,121784570000,0,0.0
20/10/2015,-43150,10476600000,590.45(-0.70 %),8671050,237035630000,8714200,226559030000,0,0.0
21/10/2015,1830680,52869630000,590.24(-0.04 %),5071770,144983530000,3241090,92113900000,0,0.0
22/10/2015,618890,28745290000,595.08(0.82 %),4466892,175163400000,3848002,146418110000,0,0.0
23/10/2015,3087250,110237020000,601.74(1.12 %),7082710,248373900000,3995460,138136880000,0,0.0
26/10/2015,2281800,46276300000,598.61(-0.52 %),7816511,214212110000,5534711,167935810000,0,0.0
27/10/2015,68040,4181870000,598.44(-0.03 %),4056400,130968510000,3988360,126786640000,0,0.0
28/10/2015,-1623610,-53008190000,596.24(-0.37 %),4984786,184527380000,6608396,237535570000,0,0.0
29/10/2015,-1861640,-71082130000,605.2(1.50 %),6294610,205423910000,8156250,276506040000,0,0.0
30/10/2015,3288650,91898870000,607.37(0.36 %),11167347,419674020000,7878697,327775150000,0,0.0
02/11/2015,-3758907,-32128300000,602.76(-0.76 %),4565096,185467550000,8324003,217595850000,0,0.0
03/11/2015,4361260,79620190000,611.71(1.48 %),7972940,185195710000,3611680,105575520000,0,0.0
04/11/2015,3546190,46249520000,610.6(-0.18 %),16714440,1138998450000,13168250,1092748930000,0,0.0
05/11/2015,2044110,23925640000,615.18(0.75 %),6319175,244577070000,4275065,220651430000,0,0.0
06/11/2015,821640,34531480000,612.36(-0.46 %),4955450,211422490000,4133810,176891010000,0,0.0
09/11/2015,-1645470,-63360750000,610.66(-0.28 %),4411670,201692170000,6057140,265052920000,0,0.0
10/11/2015,302830,8746060000,605.27(-0.88 %),4363510,160170280000,4060680,151424220000,0,0.0
11/11/2015,-376580,-21674490000,603.53(-0.29 %),4931110,416634870000,5307690,438309360000,0,0.0
12/11/2015,-4149770,-146159880000,605.58(0.34 %),5135990,298275010000,9285760,444434890000,0,0.0
13/11/2015,-1541965,-108201780000,611.27(0.94 %),6249662,293714550000,7791627,401916330000,0,0.0
16/11/2015,1942390,-35792940000,609.21(-0.34 %),12141387,592632520000,10198997,628425460000,0,0.0
17/11/2015,2716480,-54715730000,605.05(-0.68 %),8269761,171078790000,5553281,225794520000,0,0.0
18/11/2015,-1037970,-25113820000,603.34(-0.28 %),10441917,551058400000,11479887,576172220000,0,0.0
19/11/2015,-1393788,-29019320000,601.9(-0.24 %),3612640,152382870000,5006428,181402190000,0,0.0
20/11/2015,4466180,10068090000,604.46(0.43 %),8775260,204484470000,4309080,194416380000,0,0.0
23/11/2015,8515090,113848760000,599.99(-0.74 %),13032660,204209070000,4517570,90360310000,0,0.0
24/11/2015,-4573000,-102824700000,593.83(-1.03 %),7425760,183034420000,11998760,285859120000,0,0.0
25/11/2015,-9580240,-147656230000,595.7(0.31 %),7005900,167874040000,16586140,315530270000,0,0.0
26/11/2015,-1352840,-27241980000,590.4(-0.89 %),5949400,189539620000,7302240,216781600000,0,0.0
27/11/2015,-2641180,-52491796000,582.86(-1.28 %),4482090,183420041000,7123270,235911837000,0,0.0
30/11/2015,2142670,33648230000,573.2(-1.66 %),10301100,249511430000,8158430,215863200000,0,0.0
01/12/2015,-5064945,-102689280000,570.41(-0.52 %),2775371,122368800000,7840316,225058080000,0,0.0
02/12/2015,-6382870,-131633980000,574.42(0.70 %),3922070,122016590000,10304940,253650570000,0,0.0
03/12/2015,-5218400,-239168340000,574.38(-0.01 %),7101080,181336810000,12319480,420505150000,0,0.0
04/12/2015,-1364350,-49906890000,571.62(-0.48 %),4207030,101890530000,5571380,151797420000,0,0.0
07/12/2015,-4991160,-109947810000,563.62(-1.40 %),3801860,113613410000,8793020,223561220000,0,0.0
08/12/2015,-11066790,-187980430000,574.15(1.87 %),3292103,87727660000,14358893,275708090000,0,0.0
09/12/2015,-17798410,-302366500000,565.2(-1.56 %),6223770,154200630000,24022180,456567130000,0,0.0
10/12/2015,-12403760,-440202670000,561.04(-0.74 %),5473420,142624120000,17877180,582826790000,0,0.0
11/12/2015,-2202549,-49726040000,563.43(0.43 %),4286320,117232800000,6488869,166958840000,0,0.0
14/12/2015,1055457,-40340000,562.22(-0.21 %),14768505,293048280000,13713048,293088620000,0,0.0
15/12/2015,-5476990,-90532480000,568(1.03 %),6342432,222842210000,11819422,313374690000,0,0.0
16/12/2015,-11967150,-192044840000,572.55(0.80 %),6910910,207441380000,18878060,399486220000,0,0.0
17/12/2015,-3002210,-118901610000,577.11(0.80 %),3585270,151025330000,6587480,269926940000,0,0.0
18/12/2015,-7375960,-18837750000,568.18(-1.55 %),67027230,1563726190000,74403190,1582563940000,0,0.0
21/12/2015,-2722610,-169700930000,566.9(-0.23 %),11789553,288965070000,14512163,458666000000,0,0.0
22/12/2015,-18650,-43909010000,566.35(-0.10 %),5042034,152962670000,5060684,196871680000,0,0.0
23/12/2015,1409670,38038530000,564.27(-0.37 %),5028900,143219780000,3619230,105181250000,0,0.0
24/12/2015,-109020,-3881500000,566.17(0.34 %),3056290,93037780000,3165310,96919280000,0,0.0
25/12/2015,2029630,48453940000,567.67(0.26 %),2819730,67547600000,790100,19093660000,0,0.0
28/12/2015,2161090,-2457300000,569.9(0.39 %),7577460,216769610000,5416370,219226910000,0,0.0
29/12/2015,-2208870,-185851410000,576.29(1.12 %),7768610,207876460000,9977480,393727870000,0,0.0
30/12/2015,2247870,47765860000,579.45(0.55 %),6324730,167064530000,4076860,119298670000,0,0.0
31/12/2015,5108655,312258650000,579.03(-0.07 %),8200855,394101260000,3092200,81842610000,0,0.0
04/01/2016,483530,-17239560000,574.41(-0.80 %),5091417,176042890000,4607887,193282450000,0,0.0
05/01/2016,-3382256,-101568390000,569.94(-0.78 %),4342150,122118610000,7724406,223687000000,0,0.0
06/01/2016,-335530,-26119160000,574.57(0.81 %),7447870,211500770000,7783400,237619930000,0,0.0
07/01/2016,-1717010,-23783800000,565.36(-1.60 %),6280050,191595850000,7997060,215379650000,0,0.0
08/01/2016,1332980,-294270000,560.05(-0.94 %),6838585,146123570000,5505605,146417840000,0,0.0
11/01/2016,-140150,-12027280000,557.87(-0.39 %),6172664,186607600000,6312814,198634880000,0,0.0
12/01/2016,3926110,-4946860000,564.26(1.15 %),8640490,148808610000,4714380,153755470000,0,0.0
13/01/2016,-2339780,-82474980000,560.37(-0.69 %),3756520,140806480000,6096300,223281460000,0,0.0
14/01/2016,3101670,-123195140000,553.03(-1.31 %),17746658,460224130000,14644988,583419270000,0,0.0
15/01/2016,-7589790,-121593560000,543.04(-1.81 %),6427050,248261320000,14016840,369854880000,0,0.0
18/01/2016,-2466500,-36742950000,526.37(-3.07 %),8953110,243806850000,11419610,280549800000,0,0.0
19/01/2016,-1566450,-81055030000,535.77(1.79 %),7538150,133303130000,9104600,214358160000,0,0.0
20/01/2016,698900,22159600000,529.44(-1.18 %),15731860,526559470000,15032960,504399870000,0,0.0
21/01/2016,-4152550,-95634130000,521.88(-1.43 %),8279330,213160340000,12431880,308794470000,0,0.0
22/01/2016,-3366054,-80335700000,522.24(0.07 %),18485770,338424510000,21851824,418760210000,0,0.0
25/01/2016,-5456720,-144929231000,542.35(3.85 %),9209669,330916333000,14666389,475845564000,0,0.0
26/01/2016,-1441400,-42636080000,537.73(-0.85 %),3564763,114702590000,5006163,157338670000,0,0.0
27/01/2016,-2087860,-105528660000,542.69(0.92 %),4360574,132434380000,6448434,237963040000,0,0.0
28/01/2016,-3119767,-126048910000,539.47(-0.59 %),4653940,281480330000,7773707,407529240000,0,0.0
29/01/2016,-3285180,-105937720000,545.25(1.07 %),12804880,439163600000,16090060,545101320000,0,0.0
01/02/2016,-1486730,-36322239000,540.56(-0.86 %),5379310,228305302000,6866040,264627541000,0,0.0
02/02/2016,-2759890,-156818560000,536.45(-0.76 %),4636600,156880840000,7396490,313699400000,0,0.0
03/02/2016,-3084540,-76453920000,539.07(0.49 %),7184820,178294620000,10269360,254748540000,0,0.0
04/02/2016,2301150,26603350000,542.15(0.57 %),5339840,147609500000,3038690,121006150000,0,0.0
05/02/2016,382370,-30219650000,544.75(0.48 %),4449700,92649040000,4067330,122868690000,0,0.0
15/02/2016,-3105210,-65462140000,543.79(-0.18 %),7595949,319540990000,10701159,385003130000,0,0.0
16/02/2016,-1499720,-89747240000,548.05(0.78 %),9594590,194924580000,11094310,284671820000,0,0.0
17/02/2016,-10427250,-160251390000,547.05(-0.18 %),9097380,522181840000,19524630,682433230000,0,0.0
18/02/2016,-1155130,21459170000,552.49(0.99 %),10041710,443790280000,11196840,422331110000,0,0.0
19/02/2016,18645261,229916570000,554.03(0.28 %),31358137,767840090000,12712876,537923520000,0,0.0
22/02/2016,-422310,1441370000,560.71(1.21 %),12953150,276723150000,13375460,275281780000,0,0.0
23/02/2016,7571590,80638220000,561.28(0.10 %),13270410,240872770000,5698820,160234550000,0,0.0
24/02/2016,4180390,35815980000,568.04(1.20 %),10277020,234604300000,6096630,198788320000,0,0.0
25/02/2016,2946730,14871690000,562.82(-0.92 %),28831792,2544010160000,25885062,2529138470000,0,0.0
26/02/2016,1148150,1299380000,566.11(0.58 %),5996794,139398700000,4848644,138099320000,0,0.0
29/02/2016,625340,-21775430000,559.37(-1.19 %),6362700,278228410000,5737360,300003840000,0,0.0
01/03/2016,2628190,8454570000,561.56(0.39 %),9122220,198010570000,6494030,189556000000,0,0.0
02/03/2016,7490360,137317700000,570.18(1.54 %),15346917,370813050000,7856557,233495350000,0,0.0
03/03/2016,3138290,76584590000,570.39(0.04 %),12044970,355819480000,8906680,279234890000,0,0.0
04/03/2016,5303620,109195200000,573.65(0.57 %),10258280,247191010000,4954660,137995810000,0,0.0
07/03/2016,4842420,89301600000,576.2(0.44 %),11101989,284220850000,6259569,194919250000,0,0.0
08/03/2016,708390,39514720000,574.71(-0.26 %),11617690,357229030000,10909300,317714310000,0,0.0
09/03/2016,149270,-48734440000,571.71(-0.52 %),10665024,304282130000,10515754,353016570000,0,0.0
10/03/2016,3006200,6498300000,575.91(0.73 %),17612210,364785640000,14606010,358287340000,0,0.0
11/03/2016,-1036470,-29059590000,577.26(0.23 %),6582550,173569940000,7619020,202629530000,0,0.0
14/03/2016,2188020,31888550000,577.98(0.12 %),55330555,3406391710000,53142535,3374503160000,0,0.0
15/03/2016,-3729070,-105529150000,574.04(-0.68 %),6637540,167116710000,10366610,272645860000,0,0.0
16/03/2016,-260750,6398960000,577.07(0.53 %),5446793,205644150000,5707543,199245190000,0,0.0
17/03/2016,11674070,204365370000,579.26(0.38 %),22344483,517875970000,10670413,313510600000,0,0.0
18/03/2016,10815919,-150749980000,575.82(-0.59 %),78590460,1352687360000,67774541,1503437340000,0,0.0
21/03/2016,53130,-19062460000,572.27(-0.62 %),9825910,305972220000,9772780,325034680000,0,0.0
22/03/2016,2663875,34434320000,570.91(-0.24 %),7776880,220126960000,5113005,185692640000,0,0.0
23/03/2016,2723520,64437370000,574.71(0.67 %),7629730,221931550000,4906210,157494180000,0,0.0
24/03/2016,-1959530,-27047560000,570.66(-0.70 %),6176270,212464670000,8135800,239512230000,0,0.0
25/03/2016,5494913,140597080000,572.08(0.25 %),16758938,355318560000,11264025,214721480000,0,0.0
28/03/2016,6618710,105072730000,575.72(0.64 %),11052830,259322510000,4434120,154249780000,0,0.0
29/03/2016,-142710,-56377030000,568.28(-1.29 %),12064070,270018770000,12206780,326395800000,0,0.0
30/03/2016,3342090,59290160000,569.91(0.29 %),11405604,309370900000,8063514,250080740000,0,0.0
31/03/2016,-788000,-187585630000,561.22(-1.52 %),12319730,320056110000,13107730,507641740000,0,0.0
01/04/2016,1417510,33090680000,558.43(-0.50 %),8821442,303521400000,7403932,270430720000,0,0.0
04/04/2016,2909110,38511270000,555.82(-0.47 %),11975144,227062280000,9066034,188551010000,0,0.0
05/04/2016,-10842935,-611267190000,560.32(0.81 %),8186800,203808660000,19029735,815075850000,0,0.0
06/04/2016,-5995813,-443319330000,567.79(1.33 %),9432130,264733660000,15427943,708052990000,0,0.0
07/04/2016,5440080,109281240000,571.6(0.67 %),10278904,278331600000,4838824,169050360000,0,0.0
08/04/2016,1850370,-165845250000,572.34(0.13 %),9672350,308547330000,7821980,474392580000,0,0.0
11/04/2016,7347880,156215800000,579.27(1.21 %),13697830,437736360000,6349950,281520560000,0,0.0
12/04/2016,-14630220,-763296830000,579.84(0.10 %),10299700,297960220000,24929920,1061257050000,0,0.0
13/04/2016,3820060,53003590000,578.02(-0.31 %),8391690,205001610000,4571630,151998020000,0,0.0
14/04/2016,3869390,112838040000,579.49(0.25 %),9334760,348921450000,5465370,236083410000,0,0.0
15/04/2016,4318700,74163240000,579.86(0.06 %),10064220,250401870000,5745520,176238630000,0,0.0
19/04/2016,4804850,-6905330000,568.28(-2.00 %),14474004,334516590000,9669154,341421920000,0,0.0
20/04/2016,8958620,138902060000,568.03(-0.04 %),14521518,388672680000,5562898,249770620000,0,0.0
21/04/2016,5406180,74432290000,575.73(1.36 %),10981500,311037000000,5575320,236604710000,0,0.0
22/04/2016,7289741,204621410000,592.48(2.91 %),14423860,540668190000,7134119,336046780000,0,0.0
25/04/2016,845920,8941670000,591.58(-0.15 %),12773506,457856610000,11927586,448914940000,0,0.0
26/04/2016,-30631328,-828315670000,598.48(1.17 %),9582978,319817070000,40214306,1148132740000,0,0.0
27/04/2016,2655320,56238280000,593.96(-0.76 %),7855970,209207870000,5200650,152969590000,0,0.0
28/04/2016,1518100,45041880000,591.67(-0.39 %),6769740,216019430000,5251640,170977550000,0,0.0
29/04/2016,1773521,75718170000,598.37(1.13 %),18023044,639992160000,16249523,564273990000,0,0.0
04/05/2016,7549746,90896870000,599.07(0.52 %),15698528,379831240000,8148782,288934370000,0,0.0
05/05/2016,1023790,29904010000,601.51(0.41 %),8041260,244575700000,7017470,214671690000,0,0.0
06/05/2016,6523160,169338200000,606.52(0.83 %),10006360,297412050000,3483200,128073850000,0,0.0
09/05/2016,-631933,-122928470000,603.85(-0.44 %),8131303,232060710000,8763236,354989180000,0,0.0
10/05/2016,1299200,70551570000,605.05(0.20 %),11495613,427298520000,10196413,356746950000,0,0.0
11/05/2016,-6465340,-198159930000,614.06(1.49 %),10147800,350742750000,16613140,548902680000,0,0.0
12/05/2016,784520,-11271980000,612.12(-0.32 %),6072980,241362500000,5288460,252634480000,0,0.0
13/05/2016,-706510,29816680000,610.82(-0.21 %),5880970,204751500000,6587480,174934820000,0,0.0
16/05/2016,4564255,35795580000,615.78(0.81 %),10521610,241542800000,5957355,205747220000,0,0.0
17/05/2016,5132257,147695190000,624.75(1.46 %),12984123,438881730000,7851866,291186540000,0,0.0
18/05/2016,6284980,148096980000,622.45(-0.37 %),16195220,605153350000,9910240,457056370000,0,0.0
19/05/2016,-1270143,-109396870000,619.2(-0.52 %),11011970,589608490000,12282113,699005360000,0,0.0
20/05/2016,-2849060,-100829250000,614.81(-0.71 %),11913620,824200010000,14762680,925029260000,0,0.0
23/05/2016,3084540,62246320000,611.03(-0.61 %),7285000,271067020000,4200460,208820700000,0,0.0
24/05/2016,5027380,62081730000,611.62(0.10 %),14673460,418366710000,9646080,356284980000,0,0.0
25/05/2016,622550,26362450000,611.89(0.04 %),5892180,191170930000,5269630,164808480000,0,0.0
26/05/2016,3025740,90766760000,604.34(-1.23 %),7415670,216803120000,4389930,126036360000,0,0.0
27/05/2016,4266220,92057940000,608.11(0.62 %),7543240,194132170000,3277020,102074230000,0,0.0
30/05/2016,6581720,143606424000,614.5(1.05 %),9503150,236755156000,2921430,93148732000,0,0.0
31/05/2016,2990230,84034760000,618.44(0.64 %),8878550,229577801000,5888320,145543041000,0,0.0
01/06/2016,740710,15149537000,619.86(0.24 %),8212320,214099297000,7471610,198949760000,0,0.0
02/06/2016,3327958,104198433000,623.37(0.57 %),9113990,224258858000,5786032,120060425000,0,0.0
03/06/2016,-518380,27852780000,621.88(-0.24 %),6217670,340946790000,6736050,313094010000,0,0.0
06/06/2016,-8346073,-218523300000,620.05(-0.29 %),5323367,158596240000,13669440,377119540000,0,0.0
07/06/2016,3246200,92783220000,624.65(0.74 %),8454240,343004080000,5208040,250220860000,0,0.0
08/06/2016,7625990,173086940000,627.87(0.52 %),13001725,528135640000,5375735,355048700000,0,0.0
09/06/2016,5120450,131517010000,631.26(0.54 %),8600710,273403310000,3480260,141886300000,0,0.0
10/06/2016,9849049,194231980000,629.84(-0.22 %),14166380,335336160000,4317331,141104180000,0,0.0
13/06/2016,-1662510,-86275510000,623.58(-0.99 %),9031360,305599470000,10693870,391874980000,0,0.0
14/06/2016,-254410,-15926050000,625.43(0.30 %),5665160,164544500000,5919570,180470550000,0,0.0
15/06/2016,-627460,-15564730000,627.02(0.25 %),5120690,148574650000,5748150,164139380000,0,0.0
16/06/2016,-4759470,-23779830000,625.11(-0.30 %),7108340,219646130000,11867810,243425960000,0,0.0
17/06/2016,-28619860,-426322380000,619.25(-0.94 %),15091720,455235650000,43711580,881558030000,0,0.0
20/06/2016,2516760,69416290000,626.46(1.16 %),7695883,251857020000,5179123,182440730000,0,0.0
21/06/2016,2947800,83444110000,628(0.25 %),8420900,370733950000,5473100,287289840000,0,0.0
22/06/2016,1388880,35746180000,626.41(-0.25 %),7435480,374300030000,6046600,338553850000,0,0.0
23/06/2016,-1206940,-79734910000,632.27(0.94 %),4986250,216482120000,6193190,296217030000,0,0.0
24/06/2016,810550,-22651200000,620.77(-1.82 %),9288900,294566180000,8478350,317217380000,0,0.0
27/06/2016,1475530,16112320000,621.27(0.08 %),5100520,259080400000,3624990,242968080000,0,0.0
28/06/2016,2540710,26263390000,622.2(0.15 %),6188730,244665780000,3648020,218402390000,0,0.0
29/06/2016,1885470,-11918710000,630.12(1.27 %),6523494,238373130000,4638024,250291840000,0,0.0
30/06/2016,2163520,62452540000,632.26(0.34 %),5814346,231207330000,3650826,168754790000,0,0.0
01/07/2016,2114940,66547250000,640.3(1.27 %),7503954,372756040000,5389014,306208790000,0,0.0
04/07/2016,1412050,-15023570000,647.96(1.20 %),10675759,524499980000,9263709,539523550000,0,0.0
05/07/2016,3783680,63069680000,650.88(0.45 %),8455400,240826960000,4671720,177757280000,0,0.0
06/07/2016,41390,-24276130000,649.46(-0.22 %),4923669,147382710000,4882279,171658840000,0,0.0
07/07/2016,1775870,49720770000,661.12(1.80 %),5250360,182981800000,3474490,133261030000,0,0.0
08/07/2016,1240304,3888560000,658.68(-0.37 %),13172462,823175390000,11932158,819286830000,0,0.0
11/07/2016,4595620,146922310000,652.26(-0.97 %),9852980,350966000000,5257360,204043690000,0,0.0
12/07/2016,4172750,71207130000,658.9(1.02 %),13782357,462742720000,9609607,391535590000,0,0.0
13/07/2016,3450090,76313480000,675.12(2.46 %),20082780,637675630000,16632690,561362150000,0,0.0
14/07/2016,6783720,117975110000,666.69(-1.25 %),16009560,389875580000,9225840,271900470000,0,0.0
15/07/2016,1364583,11035130000,664.56(-0.32 %),13932292,973224380000,12567709,962189250000,0,0.0
18/07/2016,689240,27439350000,673.5(1.35 %),9102530,274481880000,8413290,247042530000,0,0.0
19/07/2016,5415030,89508640000,667.76(-0.85 %),11025150,284747230000,5610120,195238590000,0,0.0
20/07/2016,7264060,28613780000,660.26(-1.12 %),12598440,228452930000,5334380,199839150000,0,0.0
21/07/2016,287580,-82439280000,659.57(-0.10 %),8024660,289451250000,7737080,371890530000,0,0.0
22/07/2016,1609130,44018890000,649.87(-1.47 %),8128610,276907540000,6519480,232888650000,0,0.0
25/07/2016,2859210,98847820000,649.3(-0.09 %),6895270,279660520000,4036060,180812700000,0,0.0
26/07/2016,3212570,147289740000,648.59(-0.11 %),7147370,273021680000,3934800,125731940000,0,0.0
27/07/2016,-730160,114535410000,656.11(1.16 %),8853120,325435020000,9583280,210899610000,0,0.0
28/07/2016,-494025,-7893480000,657.14(0.16 %),7625990,245500370000,8120015,253393850000,0,0.0
29/07/2016,2126960,61357700000,652.23(-0.75 %),7971230,305411200000,5844270,244053500000,0,0.0
01/08/2016,1153100,-10593000000,648.38(-0.59 %),6522450,296914940000,5369350,307507940000,0,0.0
02/08/2016,-517098,27791510000,636.05(-1.90 %),13374179,413603750000,13891277,385812240000,0,0.0
03/08/2016,6478910,174208970000,631.61(-0.70 %),8689410,256027900000,2210500,81818930000,0,0.0
04/08/2016,-725500,43543530000,631.94(0.05 %),7682100,324831240000,8407600,281287710000,0,0.0
05/08/2016,-1827430,-15148740000,627.39(-0.72 %),6575790,273184190000,8403220,288332930000,0,0.0
08/08/2016,-4884340,-130619670000,629.46(0.33 %),4889090,171837600000,9773430,302457270000,0,0.0
09/08/2016,-7445390,-119842720000,637.34(1.25 %),5734190,272718220000,13179580,392560940000,0,0.0
10/08/2016,-3550130,-82859610000,648.33(1.72 %),5016114,234913420000,8566244,317773030000,0,0.0
11/08/2016,416070,39577350000,660.24(1.84 %),10016840,420432970000,9600770,380855620000,0,0.0
12/08/2016,-833770,-72975210000,655.71(-0.69 %),6075090,365365170000,6908860,438340380000,0,0.0
15/08/2016,-6372550,-207380930000,659.47(0.57 %),3735340,160152540000,10107890,367533470000,0,0.0
16/08/2016,-6093600,-207670660000,658.11(-0.21 %),4598700,181704820000,10692300,389375480000,0,0.0
17/08/2016,-1630330,-154851280000,660.51(0.36 %),12440170,361721490000,14070500,516572770000,0,0.0
18/08/2016,-6853490,-250304310000,660.65(0.02 %),9243240,492041470000,16096730,742345780000,0,0.0
19/08/2016,-2650740,-258555180000,662.28(0.25 %),6579370,254495830000,9230110,513051010000,0,0.0
22/08/2016,-4582516,-130386340000,657.68(-0.69 %),7379593,256634300000,11962109,387020640000,0,0.0
23/08/2016,-4778450,-177794250000,659.16(0.23 %),8225980,228434920000,13004430,406229170000,0,0.0
24/08/2016,-2930730,-98706020000,660.77(0.24 %),5082690,156733380000,8013420,255439400000,0,0.0
25/08/2016,-2249340,-67108290000,658.5(-0.34 %),5282847,190101960000,7532187,257210250000,0,0.0
26/08/2016,-74060,-94201210000,667.75(1.40 %),4399040,96191650000,4473100,190392860000,0,0.0
29/08/2016,-479470,52020670000,669.44(0.25 %),4947170,298396930000,5426640,246376260000,0,0.0
30/08/2016,-726560,-116824000000,672.67(0.48 %),8029230,346116250000,8755790,462940250000,0,0.0
31/08/2016,-588970,-30715120000,674.63(0.29 %),8669370,521905870000,9258340,552620990000,0,0.0
01/09/2016,-4997550,-187499090000,669.19(-0.80 %),8231498,577182310000,13229048,764681400000,0,0.0
05/09/2016,-10710620,-287259280000,664.55(-0.69 %),7617720,450812340000,18328340,738071620000,0,0.0
06/09/2016,-4145120,-144234200000,663.9(-0.10 %),16006495,804549580000,20151615,948783780000,0,0.0
07/09/2016,-1989240,-258633410000,661.28(-0.39 %),10960160,456122710000,12949400,714756120000,0,0.0
08/09/2016,-2562200,-82691210000,666.07(0.72 %),14582850,714670990000,17145050,797362200000,0,0.0
09/09/2016,-5769650,-206682430000,666.88(0.12 %),11679729,544878980000,17449379,751561410000,0,0.0
12/09/2016,-7608750,-171057120000,659.76(-1.07 %),5459440,283969460000,13068190,455026580000,0,0.0
13/09/2016,-2323010,-117068850000,659.72(-0.01 %),9599740,479629760000,11922750,596698610000,0,0.0
14/09/2016,-1104880,-43065390000,656.64(-0.47 %),4644850,180209550000,5749730,223274940000,0,0.0
15/09/2016,-3884040,-149009660000,656.18(-0.07 %),6903680,232518640000,10787720,381528300000,0,0.0
16/09/2016,-79457110,-1468261190000,651.31(-0.74 %),29160130,1703054060000,108617240,3171315250000,0,0.0
19/09/2016,392010,-20611570000,657.89(1.01 %),6068800,262486630000,5676790,283098200000,0,0.0
20/09/2016,-2185860,-67548750000,663.37(0.83 %),10428120,630956910000,12613980,698505660000,0,0.0
21/09/2016,6599220,385725870000,668.48(0.77 %),13167050,670262190000,6567830,284536320000,0,0.0
22/09/2016,243990,20014800000,671.38(0.43 %),8242300,606338560000,7998310,586323760000,0,0.0
23/09/2016,2095290,85016360000,674.09(0.40 %),38303110,1897771700000,36207820,1812755340000,0,0.0
26/09/2016,-1129196,-8787220000,677.04(0.44 %),23706845,1030861660000,24836041,1039648880000,0,0.0
27/09/2016,-5514620,-102603560000,684.89(1.16 %),5384360,212649330000,10898980,315252890000,0,0.0
28/09/2016,-4718910,-36546760000,686.72(0.27 %),10847328,502320540000,15566238,538867300000,0,0.0
29/09/2016,-445780,34766470000,688.55(0.27 %),5175140,316733940000,5620920,281967470000,0,0.0
30/09/2016,3092070,62950160000,685.73(-0.41 %),10026020,292483170000,6933950,229533010000,0,0.0
03/10/2016,-5404470,-152640010000,683.05(-0.39 %),4043578,187347570000,9448048,339987580000,0,0.0
04/10/2016,-4656900,-69924110000,684.2(0.17 %),7845270,289557230000,12502170,359481340000,0,0.0
05/10/2016,-616800,2894600000,687.04(0.42 %),8937380,254955370000,9554180,252060770000,0,0.0
06/10/2016,-4207320,70763700000,687.32(0.04 %),8135560,313377640000,12342880,242613940000,0,0.0
07/10/2016,-10205010,-130215010000,683.95(-0.49 %),6103330,238007290000,16308340,368222300000,0,0.0
10/10/2016,-5078707,-31505460000,674.19(-1.43 %),4581240,191322000000,9659947,222827460000,0,0.0
11/10/2016,-1346560,3838630000,682.36(1.21 %),5363950,271795390000,6710510,267956760000,0,0.0
12/10/2016,2332890,91728760000,682.45(0.01 %),6134270,243006340000,3801380,151277580000,0,0.0
13/10/2016,-492880,-32829240000,685.23(0.41 %),7254870,217847760000,7747750,250677000000,0,0.0
14/10/2016,9084800,342452340000,687(0.26 %),16707673,578925130000,7622873,236472790000,0,0.0
17/10/2016,-3172760,-55370100000,680.95(-0.88 %),5182300,148990090000,8355060,204360190000,0,0.0
18/10/2016,-4190360,-41810800000,682.02(0.16 %),8394370,289700390000,12584730,331511190000,0,0.0
19/10/2016,-153640,43655300000,688.89(1.01 %),7060290,270897520000,7213930,227242220000,0,0.0
20/10/2016,-1319030,-26941280000,686.39(-0.36 %),5401436,223171600000,6720466,250112880000,0,0.0
21/10/2016,1942320,-8710230000,684.83(-0.23 %),7340150,185638550000,5397830,194348780000,0,0.0
24/10/2016,874950,-31962200000,678.02(-0.99 %),5721450,223122110000,4846500,255084310000,0,0.0
25/10/2016,-3663200,-28754640000,676.18(-0.27 %),5394330,228193670000,9057530,256948310000,0,0.0
26/10/2016,-351200,10418900000,673.61(-0.38 %),4397996,204442830000,4749196,194023930000,0,0.0
27/10/2016,-1870780,-19957470000,676.9(0.49 %),3524372,147317910000,5395152,167275380000,0,0.0
28/10/2016,1126610,82424800000,682.25(0.79 %),9438800,334521830000,8312190,252097030000,0,0.0
31/10/2016,-1872140,53414190000,675.8(-0.95 %),10443907,359591030000,12316047,306176840000,0,0.0
01/11/2016,263270,11533440000,676.6(0.12 %),4537850,170463090000,4274580,158929650000,0,0.0
02/11/2016,-5857213,-46109080000,671.4(-0.77 %),6548280,242557160000,12405493,288666240000,0,0.0
03/11/2016,935890,84541630000,667.63(-0.56 %),6693860,295228680000,5757970,210687050000,0,0.0
04/11/2016,624630,33633780000,666.73(-0.13 %),3676131,225834560000,3051501,192200780000,0,0.0
07/11/2016,1322340,-3867610000,674.14(1.11 %),4989380,191183700000,3667040,195051310000,0,0.0
08/11/2016,1875060,101109450000,676.46(0.34 %),9585795,298925890000,7710735,197816440000,0,0.0
09/11/2016,1700360,125484360000,670.26(-0.92 %),7826190,384874500000,6125830,259390140000,0,0.0
10/11/2016,-3484710,-84698130000,678.17(1.18 %),7078089,292535890000,10562799,377234020000,0,0.0
11/11/2016,-3720120,-72268430000,679.2(0.15 %),5220073,215830830000,8940193,288099260000,0,0.0
14/11/2016,-11900830,-266835130000,673.05(-0.91 %),7328150,250327560000,19228980,517162690000,0,0.0
15/11/2016,-2439430,-120777460000,674.26(0.18 %),7498489,253445940000,9937919,374223400000,0,0.0
16/11/2016,-770410,20082110000,674.6(0.05 %),4848240,278395280000,5618650,258313170000,0,0.0
17/11/2016,-7067950,-48328520000,674.57(0.00 %),6371060,450166630000,13439010,498495150000,0,0.0
18/11/2016,-4398180,-157926840000,673.25(-0.20 %),6206790,264827150000,10604970,422753990000,0,0.0
21/11/2016,-3704030,-126335800000,674.29(0.15 %),4365670,230930090000,8069700,357265890000,0,0.0
22/11/2016,-2241630,-89361820000,681.91(1.13 %),4069970,294453510000,6311600,383815330000,0,0.0
23/11/2016,-367210,-68518690000,683.16(0.18 %),4903470,203740700000,5270680,272259390000,0,0.0
24/11/2016,-3466643,-223145450000,678.18(-0.73 %),4381227,99879980000,7847870,323025430000,0,0.0
25/11/2016,-3719280,-292674660000,675.87(-0.34 %),5911950,175007020000,9631230,467681680000,0,0.0
28/11/2016,-11725110,-386937290000,665.29(-1.57 %),5516560,239493120000,17241670,626430410000,0,0.0
29/11/2016,-10190900,-255650510000,658.26(-1.06 %),6392010,454101750000,16582910,709752260000,0,0.0
30/11/2016,-3139238,348837090000,665.07(1.03 %),13013171,928675920000,16152409,579838830000,0,0.0
01/12/2016,-5346030,-179085310000,666.54(0.22 %),7125620,205204570000,12471650,384289880000,0,0.0
02/12/2016,-3208610,-140008760000,665.14(-0.21 %),17772890,564498220000,20981500,704506980000,0,0.0
05/12/2016,-3062810,-12796720000,660.21(-0.74 %),7223550,324002240000,10286360,336798960000,0,0.0
06/12/2016,-6390410,-160820570000,651.49(-1.32 %),4781693,188598280000,11172103,349418850000,0,0.0
07/12/2016,-2031590,-131942020000,653.53(0.31 %),7797280,245671940000,9828870,377613960000,0,0.0
08/12/2016,-210620,-192963630000,658.89(0.82 %),9637710,256996700000,9848330,449960330000,0,0.0
09/12/2016,-6153643,-377874440000,663.07(0.63 %),7168920,572115710000,13322563,949990150000,0,0.0
12/12/2016,-2114150,124501960000,659.7(-0.51 %),6651120,407209080000,8765270,282707120000,0,0.0
13/12/2016,-3417670,14215620000,654.66(-0.76 %),7884570,373663950000,11302240,359448330000,0,0.0
14/12/2016,-5622420,-249570000,665.14(1.60 %),10440855,344762700000,16063275,345012270000,0,0.0
15/12/2016,-2966400,-25779740000,665.92(0.12 %),5202270,235260220000,8168670,261039960000,0,0.0
16/12/2016,-37761530,-230338250000,675.16(1.39 %),26926220,909681870000,64687750,1140020120000,0,0.0
19/12/2016,449240,-5980150000,674.33(-0.12 %),4977690,153434300000,4528450,159414450000,0,0.0
20/12/2016,-3429590,-157980360000,662.66(-1.73 %),4749670,252897960000,8179260,410878320000,0,0.0
21/12/2016,3748170,80370720000,666.94(0.65 %),12681660,501415330000,8933490,421044610000,0,0.0
22/12/2016,1033590,-12450000000,664.15(-0.42 %),6441010,301244650000,5407420,313694650000,0,0.0
23/12/2016,-1358221,5566600000,664.37(0.03 %),8512231,356003590000,9870452,350436990000,0,0.0
26/12/2016,-7020185,-320035960000,662.45(-0.29 %),4548444,178102740000,11568629,498138700000,0,0.0
27/12/2016,8018020,133997400000,663.86(0.21 %),12643490,290551380000,4625470,156553980000,0,0.0
28/12/2016,-1827610,-79512650000,663.5(-0.05 %),6616428,191028280000,8444038,270540930000,0,0.0
29/12/2016,429580,26715350000,664.72(0.18 %),6642520,366177060000,6212940,339461710000,0,0.0
30/12/2016,2160704,490268370000,664.87(0.02 %),8688486,830226340000,6527782,339957970000,0,0.0
03/01/2017,58770,11805560000,672.01(1.07 %),5000420,165583230000,4941650,153777670000,0,0.0
04/01/2017,3642950,109556870000,674.7(0.40 %),6851410,263813640000,3208460,154256770000,0,0.0
05/01/2017,174450,15859600000,675.81(0.16 %),9091562,269611541600,8917112,253751941600,0,0.0
06/01/2017,435821,126149407300,679.8(0.59 %),16916055,829518940000,16480234,703369532700,0,0.0
09/01/2017,706690,66311606000,682.57(0.41 %),6601460,341776286000,5894770,275464680000,0,0.0
10/01/2017,-1593170,-14617690000,681.07(-0.22 %),7583718,314741640000,9176888,329359330000,0,0.0
11/01/2017,1018820,44522330000,687.16(0.89 %),8022540,302105900000,7003720,257583570000,0,0.0
12/01/2017,-5626473,-182979670000,686.96(-0.03 %),6646389,214375590000,12272862,397355260000,0,0.0
13/01/2017,-277480,2513770000,685.06(-0.28 %),8498268,266683060000,8775748,264169290000,0,0.0
16/01/2017,-1247180,32855770000,677.94(-1.04 %),5964230,393055570000,7211410,360199800000,0,0.0
17/01/2017,-2526640,-26817870000,684.71(1.00 %),11281980,592188530000,13808620,619006400000,0,0.0
18/01/2017,-1551440,2138490000,683.28(-0.21 %),7658130,437141750000,9209570,435003260000,0,0.0
19/01/2017,-4893640,16023140000,682.31(-0.14 %),8431650,527997950000,13325290,511974810000,0,0.0
20/01/2017,4177480,211283390000,686.26(0.58 %),11365980,505903970000,7188500,294620580000,0,0.0
23/01/2017,-1052150,5900560000,687.15(0.13 %),7020715,394903650000,8072865,389003090000,0,0.0
24/01/2017,646150,182807850000,691.36(0.61 %),7533770,431748670000,6887620,248940820000,0,0.0
25/01/2017,-1038320,56693516000,697.28(0.86 %),11137994,614737796000,12176314,558044280000,0,0.0
02/02/2017,-3141980,-7824600000,703.18(0.85 %),5849630,409542320000,8991610,417366920000,0,0.0
03/02/2017,-6276510,4813934000,700.35(-0.40 %),7099840,302265324000,13376350,297451390000,0,0.0
06/02/2017,-4108590,3458760000,700.04(-0.04 %),7741655,362603480000,11850245,359144720000,0,0.0
07/02/2017,-2967100,509210000,701.91(0.27 %),12312615,685100530000,15279715,684591320000,0,0.0
08/02/2017,-2482840,-35496560000,702.04(0.02 %),9332471,390811230000,11815311,426307790000,0,0.0
09/02/2017,85980,55205480000,700.65(-0.20 %),11326272,518504400000,11240292,463298920000,0,0.0
10/02/2017,-2427250,11026210000,703.78(0.45 %),8758270,603156930000,11185520,592130720000,0,0.0
13/02/2017,-1542650,17854660000,705.9(0.30 %),5980220,256274070000,7522870,238419410000,0,0.0
14/02/2017,-1157090,-770230000,706.26(0.05 %),6309001,395397350000,7466091,396167580000,0,0.0
15/02/2017,1547610,111155680000,711.57(0.75 %),12320952,492123410000,10773342,380967730000,0,0.0
16/02/2017,4680180,179742230000,709.35(-0.31 %),12922060,425630240000,8241880,245888010000,0,0.0
17/02/2017,-1230960,-36587340000,707.83(-0.21 %),10445850,387918090000,11676810,424505430000,0,0.0
20/02/2017,5430460,105995850000,710.59(0.39 %),11334440,273793200000,5903980,167797350000,0,0.0
21/02/2017,5196700,188037550000,716.55(0.84 %),13429150,726365200000,8232450,538327650000,0,0.0
22/02/2017,-336478,-24776920000,717.24(0.10 %),9393400,337414670000,9729878,362191590000,0,0.0
23/02/2017,-1558200,-29758290000,716.87(-0.05 %),7352660,304970930000,8910860,334729220000,0,0.0
24/02/2017,866230,64088100000,714.47(-0.33 %),5545570,230533490000,4679340,166445390000,0,0.0
27/02/2017,-3801945,-60057380000,717.44(0.42 %),7438260,327959460000,11240205,388016840000,0,0.0
28/02/2017,-920310,20298590000,710.79(-0.93 %),6137270,279692730000,7057580,259394140000,0,0.0
01/03/2017,-9651240,-5627610000,709.52(-0.18 %),10875380,562449460000,20526620,568077070000,0,0.0
02/03/2017,1224685,125079677000,707.51(-0.28 %),11958810,450497240000,10734125,325417563000,0,0.0
03/03/2017,1050730,147646110000,712.62(0.72 %),7375590,386322610000,6324860,238676500000,0,0.0
06/03/2017,-3261730,22322350000,716.29(0.52 %),8871960,397988150000,12133690,375665800000,0,0.0
07/03/2017,-2482870,-113045064800,716.54(0.03 %),9603290,365422020000,12086160,478467084800,0,0.0
08/03/2017,-897370,1778990000,716.6(0.01 %),7676680,305429460000,8574050,303650470000,0,0.0
09/03/2017,-5410291,-64389000800,715.8(-0.11 %),8609580,310462300000,14019871,374851300800,0,0.0
10/03/2017,-3932910,-32120320000,712.21(-0.50 %),6751290,260336910000,10684200,292457230000,0,0.0
13/03/2017,2168980,267502990000,710.17(-0.29 %),9564770,623283490000,7395790,355780500000,0,0.0
14/03/2017,-895409,32409950000,714.71(0.64 %),6885181,347715060000,7780590,315305110000,0,0.0
15/03/2017,-1516400,15843280000,713.14(-0.22 %),7812780,306844360000,9329180,291001080000,0,0.0
16/03/2017,-137550,194518660000,714.92(0.25 %),11628300,507642190000,11765850,313123530000,0,0.0
17/03/2017,-62572580,-280000260000,710.54(-0.61 %),29758418,1264540690000,92330998,1544540950000,0,0.0
20/03/2017,1148730,142959819000,715.07(0.64 %),7161890,434984889000,6013160,292025070000,0,0.0
21/03/2017,14625580,313100965000,716.18(0.16 %),22874772,565311015000,8249192,252210050000,0,0.0
22/03/2017,-3203610,20299450000,712.94(-0.45 %),6426340,271154710000,9629950,250855260000,0,0.0
23/03/2017,2037720,265744070000,719.56(0.93 %),15438366,654183550000,13400646,388439480000,0,0.0
24/03/2017,545724,189544010000,722.14(0.36 %),11765960,899040700000,11220236,709496690000,0,0.0
27/03/2017,5297690,180521680000,723.52(0.19 %),13225030,436994080000,7927340,256472400000,0,0.0
28/03/2017,-1003810,69715920000,719.26(-0.59 %),7911840,358415160000,8915650,288699240000,0,0.0
29/03/2017,590408,171583640000,720.47(0.17 %),8183953,472789540000,7593545,301205900000,0,0.0
30/03/2017,3507640,264107200000,723.86(0.47 %),8918580,475582600000,5410940,211475400000,0,0.0
31/03/2017,1179230,158039060000,722.31(-0.21 %),7586520,398576050000,6407290,240536990000,0,0.0
03/04/2017,-689970,66228140000,722.38(0.01 %),5957800,313012000000,6647770,246783860000,0,0.0
04/04/2017,1729720,264536480000,724.14(0.24 %),11367120,602022930000,9637400,337486450000,0,0.0
05/04/2017,1700090,87379020000,723.22(-0.13 %),13156860,420716620000,11456770,333337600000,0,0.0
07/04/2017,-1845330,-196887340000,727.95(0.65 %),39135434,1763463760000,40980764,1960351100000,0,0.0
10/04/2017,7292810,299484110000,729.87(0.26 %),14931300,595999220000,7638490,296515110000,0,0.0
11/04/2017,8034471,319750767000,731.33(0.20 %),13765790,567107300000,5731319,247356533000,0,0.0
12/04/2017,5830970,202750940000,725.58(-0.79 %),11694220,465489200000,5863250,262738260000,0,0.0
13/04/2017,17454700,997294690000,724.35(-0.17 %),27467494,1399458990000,10012794,402164300000,0,0.0
14/04/2017,401720,46039220000,718.45(-0.81 %),3810280,183842080000,3408560,137802860000,0,0.0
17/04/2017,1648740,119422920000,710.83(-1.06 %),5443800,278651800000,3795060,159228880000,0,0.0
18/04/2017,8665668,238950136000,714.93(0.58 %),19328740,761994120000,10663072,523043984000,0,0.0
19/04/2017,2187330,103261219000,716.77(0.26 %),8512740,303194220000,6325410,199933001000,0,0.0
20/04/2017,-5342500,-29841130000,712.66(-0.57 %),4993380,219898450000,10335880,249739580000,0,0.0
21/04/2017,6440559,2306630000,712.41(-0.04 %),70811345,2678776770000,64370786,2676470140000,0,0.0
24/04/2017,232120,88462090000,709.39(-0.42 %),6655540,346351920000,6423420,257889830000,0,0.0
25/04/2017,-14660,64280240000,707.58(-0.26 %),5592420,230308530000,5607080,166028290000,0,0.0
26/04/2017,-973950,29534340000,710.04(0.35 %),6779580,296356490000,7753530,266822150000,0,0.0
27/04/2017,975521,108467770000,716.53(0.91 %),13290731,581865880000,12315210,473398110000,0,0.0
28/04/2017,-3959200,-19049590000,717.73(0.17 %),13670757,931331550000,17629957,950381140000,0,0.0
03/05/2017,-48295825,-263436380000,719.54(0.25 %),8618590,309152420000,56914415,572588800000,0,0.0
04/05/2017,2384770,59414090000,722.02(0.34 %),18357838,475897700000,15973068,416483610000,0,0.0
05/05/2017,-1550750,-32617120000,720(-0.28 %),5619054,185785910000,7169804,218403030000,0,0.0
08/05/2017,288209,40704980000,718.86(-0.16 %),9414189,480025360000,9125980,439320380000,0,0.0
09/05/2017,-3994460,-82960930000,722.11(0.45 %),5528390,268876040000,9522850,351836970000,0,0.0
10/05/2017,2583820,90918860000,724.31(0.30 %),8907090,308224090000,6323270,217305230000,0,0.0
11/05/2017,1734280,140264580000,724.99(0.09 %),8914218,365972760000,7179938,225708180000,0,0.0
12/05/2017,-2028430,-17975270000,725.37(0.05 %),8047237,493822830000,10075667,511798100000,0,0.0
15/05/2017,-2489590,-17544790000,725.35(0.00 %),5590660,223103330000,8080250,240648120000,0,0.0
16/05/2017,-1777800,-60895450000,725.03(-0.04 %),11612700,359893980000,13390500,420789430000,0,0.0
17/05/2017,1832680,107173420000,727.2(0.30 %),8178050,391922150000,6345370,284748730000,0,0.0
18/05/2017,1661770,82243440000,726.99(-0.03 %),12411946,523697640000,10750176,441454200000,0,0.0
19/05/2017,3125460,183096730000,733.82(0.94 %),10005290,529358390000,6879830,346261660000,0,0.0
22/05/2017,13263859,476139110000,744.1(1.40 %),20848608,753476860000,7584749,277337750000,0,0.0
23/05/2017,5874450,159501720000,740.93(-0.43 %),14515972,442471210000,8641522,282969490000,0,0.0
24/05/2017,-1662660,-184503700000,742.74(0.24 %),11376030,441474910000,13038690,625978610000,0,0.0
25/05/2017,-913160,-30685700000,741.91(-0.11 %),13636440,739834280000,14549600,770519980000,0,0.0
26/05/2017,3545560,189706840000,743.41(0.20 %),9235305,414939210000,5689745,225232370000,0,0.0
29/05/2017,2081020,142724430000,746.25(0.38 %),9647550,405609360000,7566530,262884930000,0,0.0
30/05/2017,4900520,74510460000,738.21(-1.08 %),10719190,304050270000,5818670,229539810000,0,0.0
31/05/2017,6224950,215230900000,737.82(-0.05 %),18430010,983342600000,12205060,768111700000,0,0.0
01/06/2017,1203050,30025020000,741.8(0.54 %),6829050,259823930000,5626000,229798910000,0,0.0
02/06/2017,1850320,58903780000,738.81(-0.40 %),11646530,582160320000,9796210,523256540000,0,0.0
05/06/2017,-792880,-29583090000,743.49(0.63 %),6463470,244660520000,7256350,274243610000,0,0.0
06/06/2017,5321110,168068810000,751.31(1.05 %),9081690,323934700000,3760580,155865890000,0,0.0
07/06/2017,424040,36082866000,753.46(0.29 %),9149780,437604530000,8725740,401521664000,0,0.0
08/06/2017,709910,52189820000,750.13(-0.44 %),7971740,336695500000,7261830,284505680000,0,0.0
09/06/2017,1405030,38027010000,749.72(-0.05 %),6791005,257624340000,5385975,219597330000,0,0.0
12/06/2017,590860,32196150000,751.09(0.18 %),8089160,287631320000,7498300,255435170000,0,0.0
13/06/2017,2740653,74784860000,756.89(0.77 %),10632480,376924920000,7891827,302140060000,0,0.0
14/06/2017,7246160,272867900000,760.77(0.51 %),13578284,541140610000,6332124,268272710000,0,0.0
15/06/2017,7259300,255321870000,760.57(-0.03 %),14374760,507017840000,7115460,251695970000,0,0.0
16/06/2017,-20624793,-125583805700,761.24(0.09 %),41699307,1624700294300,62324100,1750284100000,0,0.0
19/06/2017,-456666,105432953200,766.83(0.73 %),10741121,508908193200,11197787,403475240000,0,0.0
20/06/2017,3031790,60950995000,767.99(0.15 %),10473140,372080290000,7441350,311129295000,0,0.0
21/06/2017,2500010,59160860000,767.41(-0.08 %),10293440,417590860000,7793430,358430000000,0,0.0
22/06/2017,1115550,49852500000,766.3(-0.14 %),18656720,548176670000,17541170,498324170000,0,0.0
23/06/2017,2236360,141641890000,769.01(0.35 %),7683380,329369200000,5447020,187727310000,0,0.0
26/06/2017,2298600,87274000000,772.52(0.46 %),10128190,336975790000,7829590,249701790000,0,0.0
27/06/2017,2799094,111620890000,767.51(-0.65 %),11908640,419184500000,9109546,307563610000,0,0.0
28/06/2017,2595890,96399090000,769.04(0.20 %),7121080,251420830000,4525190,155021740000,0,0.0
29/06/2017,2904950,93749400000,771.75(0.35 %),6498250,225913040000,3593300,132163640000,0,0.0
30/06/2017,9126787,394042470500,776.47(0.61 %),16928049,688012710000,7801262,293970239500,0,0.0
03/07/2017,5320410,119735210000,778.88(0.31 %),10573340,411223880000,5252930,291488670000,0,0.0
04/07/2017,1621901,22603730000,775.54(-0.43 %),7152801,239247700000,5530900,216643970000,0,0.0
05/07/2017,-443581,1638636000,778.32(0.36 %),6766640,316062460000,7210221,314423824000,0,0.0
06/07/2017,2322820,126133100000,782.65(0.56 %),11966980,496974180000,9644160,370841080000,0,0.0
07/07/2017,-1587470,-75861825000,775.73(-0.88 %),26128754,779106055000,27716224,854967880000,0,0.0
10/07/2017,1115600,108851500000,766.56(-1.18 %),10825050,447628040000,9709450,338776540000,0,0.0
11/07/2017,1693960,75406920000,769.36(0.37 %),29675980,951763950000,27982020,876357030000,0,0.0
12/07/2017,6471440,204964590000,774.17(0.63 %),26506820,883651650000,20035380,678687060000,0,0.0
13/07/2017,-4142080,90838068000,778.3(0.53 %),38799534,1050284080000,42941614,959446012000,0,0.0
14/07/2017,-2096570,38807080000,777.6(-0.09 %),7397430,315115290000,9494000,276308210000,0,0.0
17/07/2017,-6204480,-115288290000,768.91(-1.12 %),22048670,747451260000,28253150,862739550000,0,0.0
18/07/2017,-40768,38980870000,767.49(-0.18 %),25375132,858484440000,25415900,819503570000,0,0.0
19/07/2017,-3753414,-27847756000,771.3(0.50 %),27346460,906457690000,31099874,934305446000,0,0.0
20/07/2017,-1987800,53980580000,768.41(-0.37 %),11470910,477596210000,13458710,423615630000,0,0.0
21/07/2017,805400,46329530000,761.86(-0.85 %),11873217,434152710000,11067817,387823180000,0,0.0
24/07/2017,4989050,171195620000,759.74(-0.28 %),13429399,483614890000,8440349,312419270000,0,0.0
25/07/2017,23640147,1359435400000,767.27(0.99 %),30216967,1561282360000,6576820,201846960000,0,0.0
26/07/2017,519770,29042840000,773.88(0.86 %),8943160,290703800000,8423390,261660960000,0,0.0
27/07/2017,321070,51241450000,771.5(-0.31 %),7160680,264364670000,6839610,213123220000,0,0.0
28/07/2017,1884880,116564530000,777.09(0.72 %),19839040,577933650000,17954160,461369120000,0,0.0
31/07/2017,7078420,247204740000,783.55(0.83 %),17025671,665445840000,9947251,418241100000,0,0.0
01/08/2017,2341830,96096200000,786.81(0.42 %),11797150,434495520000,9455320,338399320000,0,0.0
02/08/2017,994750,118084610000,786.23(-0.07 %),13408460,524806160000,12413710,406721550000,0,0.0
03/08/2017,3231100,162143080000,788.49(0.29 %),12839890,491138100000,9608790,328995020000,0,0.0
04/08/2017,2426610,74599760000,788.68(0.02 %),7964880,244706250000,5538270,170106490000,0,0.0
07/08/2017,2062680,86927170000,792.98(0.55 %),9440250,353598150000,7377570,266670980000,0,0.0
08/08/2017,1743960,103975630000,791.57(-0.18 %),10668200,455680910000,8924240,351705280000,0,0.0
09/08/2017,388988,-21460198000,773.66(-2.26 %),8160540,283141960000,7771552,304602158000,0,0.0
10/08/2017,276250,44116490000,773.43(-0.03 %),5290810,193395680000,5014560,149279190000,0,0.0
11/08/2017,1172420,71462670000,772.08(-0.17 %),6638770,254279630000,5466350,182816960000,0,0.0
14/08/2017,535740,63914930000,776.17(0.53 %),5887640,266660550000,5351900,202745620000,0,0.0
15/08/2017,-1350450,-46996790000,771.06(-0.66 %),5458410,201507570000,6808860,248504360000,0,0.0
16/08/2017,116430,26794380000,773.57(0.33 %),6901178,216075390000,6784748,189281010000,0,0.0
17/08/2017,36105190,1459221110000,767.59(-0.77 %),47866667,1856566340000,11761477,397345230000,0,0.0
18/08/2017,-2111960,-20964630000,768.97(0.18 %),5475165,237248490000,7587125,258213120000,0,0.0
21/08/2017,-2013920,-50736820000,768.79(-0.02 %),7442824,391096540000,9456744,441833360000,0,0.0
22/08/2017,3180690,59838550000,761.26(-0.98 %),9697630,273614590000,6516940,213776040000,0,0.0
23/08/2017,-2742890,52483710000,765.98(0.62 %),7742580,335243240000,10485470,282759530000,0,0.0
24/08/2017,-6785980,48611800000,769.77(0.49 %),15655020,621685260000,22441000,573073460000,0,0.0
25/08/2017,-408260,31011180000,771.63(0.24 %),7607150,223449880000,8015410,192438700000,0,0.0
28/08/2017,1169390,66507380000,777.26(0.73 %),8486995,269256100000,7317605,202748720000,0,0.0
29/08/2017,-5274346,-138256520000,774.03(-0.42 %),7428550,283665140000,12702896,421921660000,0,0.0
30/08/2017,-212840,49385750000,778.65(0.60 %),6413190,276317590000,6626030,226931840000,0,0.0
31/08/2017,1173120,115069480000,782.76(0.53 %),12604530,520945820000,11431410,405876340000,0,0.0
01/09/2017,1585170,100758630000,788.73(0.76 %),6421160,244935750000,4835990,144177120000,0,0.0
05/09/2017,1957980,59780500000,792.31(0.45 %),10731320,387194920000,8773340,327414420000,0,0.0
06/09/2017,-1333360,-52475010000,793.55(0.16 %),8953990,300882480000,10287350,353357490000,0,0.0
07/09/2017,-574420,-84090980000,796.72(0.40 %),12168880,337768380000,12743300,421859360000,0,0.0
08/09/2017,796530,4915610000,801.2(0.56 %),6879090,234164380000,6082560,229248770000,0,0.0
11/09/2017,2095370,80874570000,797.47(-0.47 %),11753470,508782900000,9658100,427908330000,0,0.0
12/09/2017,-3979030,-68669340000,799.94(0.31 %),10360490,454944530000,14339520,523613870000,0,0.0
13/09/2017,28970,-12193030000,802.78(0.36 %),9514280,465249700000,9485310,477442730000,0,0.0
14/09/2017,-7344610,-114923426000,806.32(0.44 %),7924170,345292004000,15268780,460215430000,0,0.0
15/09/2017,-16991713,-268463200000,805.82(-0.06 %),23860910,1079394540000,40852623,1347857740000,0,0.0
18/09/2017,-766740,-66073480000,807.87(0.25 %),8438860,284437890000,9205600,350511370000,0,0.0
19/09/2017,-2548293,28742440000,805.93(-0.24 %),15535762,523304070000,18084055,494561630000,0,0.0
20/09/2017,1386640,9947206000,805.86(-0.01 %),12441378,430445140000,11054738,420497934000,0,0.0
21/09/2017,1303570,-11406950000,803.93(-0.24 %),9408170,327849700000,8104600,339256650000,0,0.0
22/09/2017,-25996,2819655600,807.13(0.40 %),10528354,318723490000,10554350,315903834400,0,0.0
25/09/2017,-1152414,-56575631800,805.58(-0.19 %),8245250,241811720000,9397664,298387351800,0,0.0
26/09/2017,1626618,29000670000,805.35(-0.03 %),8449030,260543410000,6822412,231542740000,0,0.0
27/09/2017,1649040,61201170000,803.77(-0.20 %),8129302,323594070000,6480262,262392900000,0,0.0
28/09/2017,5949710,145036090000,804.82(0.13 %),11948932,362404370000,5999222,217368280000,0,0.0
29/09/2017,1195296,48868380000,804.42(-0.05 %),7231450,317794170000,6036154,268925790000,0,0.0
02/10/2017,908500,45638450000,802.23(-0.27 %),3754430,162785500000,2845930,117147050000,0,0.0
03/10/2017,-427000,-5893620000,798(-0.53 %),8162360,288255330000,8589360,294148950000,0,0.0
04/10/2017,929560,47964490000,805.66(0.96 %),3966240,163652600000,3036680,115688110000,0,0.0
05/10/2017,-9168860,-285869770000,805.23(-0.05 %),6388514,284637850000,15557374,570507620000,0,0.0
06/10/2017,755340,-1323510000,807.8(0.32 %),8131420,328415850000,7376080,329739360000,0,0.0
09/10/2017,-884800,-47612420000,808.96(0.14 %),3416170,104836140000,4300970,152448560000,0,0.0
10/10/2017,-2706230,-65292300000,810.65(0.21 %),4476800,192670560000,7183030,257962860000,0,0.0
11/10/2017,-1924160,-10280800000,813.95(0.41 %),8478870,339092060000,10403030,349372860000,0,0.0
12/10/2017,-125790,46628290000,815.87(0.24 %),7834570,341721830000,7960360,295093540000,0,0.0
13/10/2017,-1464280,9682460000,820.95(0.62 %),5198840,268898760000,6663120,259216300000,0,0.0
16/10/2017,8443960,220727900000,819.43(-0.19 %),15186860,553219600000,6742900,332491700000,0,0.0
17/10/2017,-499280,-24489080000,828.29(1.08 %),9815440,366008610000,10314720,390497690000,0,0.0
18/10/2017,-332200,-32963950000,827.72(-0.07 %),12469086,442373470000,12801286,475337420000,0,0.0
19/10/2017,-6544510,-141735010000,828.93(0.15 %),4914640,186818570000,11459150,328553580000,0,0.0
20/10/2017,-1109356,-104043550000,826.84(-0.25 %),8746170,369430450000,9855526,473474000000,0,0.0
23/10/2017,-813510,-90444370000,820.04(-0.82 %),8391650,334837180000,9205160,425281550000,0,0.0
24/10/2017,-1556940,-32226600000,825.24(0.63 %),29941316,3112875210000,31498256,3145101810000,0,0.0
25/10/2017,-4956323,-159763890000,830.69(0.66 %),11803305,709286480000,16759628,869050370000,0,0.0
26/10/2017,-2275143,112577800000,830.11(-0.07 %),6712966,444994870000,8988109,332417070000,0,0.0
27/10/2017,-1405690,9910740000,840.37(1.24 %),5572270,208274170000,6977960,198363430000,0,0.0
30/10/2017,3031660,206791830000,845.2(0.57 %),18158160,718356240000,15126500,511564410000,0,0.0
31/10/2017,2015540,14518610000,837.28(-0.94 %),14112970,447392930000,12097430,432874320000,0,0.0
01/11/2017,4544285,233552690000,842.71(0.65 %),19691750,694967580000,15147465,461414890000,0,0.0
02/11/2017,4589430,216207360000,833.09(-1.14 %),13501280,436492590000,8911850,220285230000,0,0.0
03/11/2017,16583080,509232640000,843.73(1.28 %),29484950,855734510000,12901870,346501870000,0,0.0
06/11/2017,519070,23602544000,849.09(0.64 %),27372266,2729880895000,26853196,2706278351000,0,0.0
07/11/2017,141140756,5706931230000,850.33(0.15 %),409895026,16622638230000,268754270,10915707000000,0,0.0
08/11/2017,-1024460,15957900000,859.7(1.10 %),13764020,587361780000,14788480,571403880000,0,0.0
09/11/2017,5093140,386036650000,860.4(0.08 %),14698250,783669750000,9605110,397633100000,0,0.0
10/11/2017,8925990,1188424250000,868.21(0.91 %),19712332,1859033070000,10786342,670608820000,0,0.0
13/11/2017,3204978,286156810000,879.34(1.28 %),48885515,7458322820000,45680537,7172166010000,0,0.0
14/11/2017,-917550,134498990000,880.9(0.18 %),37506056,3571600240000,38423606,3437101250000,0,0.0
15/11/2017,998532,-25533930500,882.59(0.19 %),28765962,2441222359500,27767430,2466756290000,0,0.0
16/11/2017,1526151,306649267700,892.8(1.16 %),30004507,2766559237700,28478356,2459909970000,0,0.0
17/11/2017,-6462120,-228828950000,890.69(-0.24 %),21671903,1390866340000,28134023,1619695290000,0,0.0
20/11/2017,-479840,-45853490000,903.55(1.44 %),22217350,1693697830000,22697190,1739551320000,0,0.0
21/11/2017,2473480,30249018000,918.3(1.63 %),18069350,834624588000,15595870,804375570000,0,0.0
22/11/2017,5357850,32584520000,932.66(1.56 %),27539279,2097304100000,22181429,2064719580000,0,0.0
23/11/2017,-3494585,-57049565000,933.7(0.11 %),10292890,584071890000,13787475,641121455000,0,0.0
24/11/2017,-5096070,-102219010000,935.57(0.20 %),17296290,1638315980000,22392360,1740534990000,0,0.0
27/11/2017,8844380,282546030000,938.61(0.32 %),15130947,610138930000,6286567,327592900000,0,0.0
28/11/2017,56434565,1203318390000,941.21(0.28 %),77320192,2822630290000,20885627,1619311900000,0,0.0
29/11/2017,11225820,298673880000,952.14(1.16 %),21379850,798813360000,10154030,500139480000,0,0.0
30/11/2017,2889710,36423880000,949.93(-0.23 %),16557120,1041570980000,13667410,1005147100000,0,0.0
01/12/2017,-442090,96198319000,960.33(1.09 %),10275410,540659339000,10717500,444461020000,0,0.0
04/12/2017,828070,-14874770000,970.02(1.01 %),20571190,868374620000,19743120,883249390000,0,0.0
05/12/2017,6693648,154640860000,953.3(-1.72 %),17636568,1058628180000,10942920,903987320000,0,0.0
06/12/2017,-10038810,-570716750000,947.64(-0.59 %),10077620,415281450000,20116430,985998200000,0,0.0
07/12/2017,-2115268,-186019360000,938.65(-0.95 %),9384091,429551030000,11499359,615570390000,0,0.0
08/12/2017,-9434210,-509859210000,940.16(0.16 %),10682360,771561780000,20116570,1281420990000,0,0.0
11/12/2017,-1067340,-9818980000,917.45(-2.42 %),11118710,502035850000,12186050,511854830000,0,0.0
12/12/2017,-2339310,-163129230000,927.25(1.07 %),15195070,656332430000,17534380,819461660000,0,0.0
13/12/2017,365940,21242380000,924.4(-0.31 %),14978054,558778380000,14612114,537536000000,0,0.0
14/12/2017,-748920,-60705530000,935.85(1.24 %),7464980,418181020000,8213900,478886550000,0,0.0
15/12/2017,-8366390,-254381900000,935.16(-0.07 %),28481430,1193757690000,36847820,1448139590000,0,0.0
18/12/2017,2857570,162097710000,958.06(2.45 %),12204169,704943300000,9346599,542845590000,0,0.0
19/12/2017,9228100,269167120000,951.42(-0.69 %),16119584,722149500000,6891484,452982380000,0,0.0
20/12/2017,6798730,176576460000,953.51(0.22 %),15009499,555512940000,8210769,378936480000,0,0.0
21/12/2017,7821230,225450120000,946.06(-0.78 %),15381170,682150320000,7559940,456700200000,0,0.0
22/12/2017,7495120,240032470000,952.32(0.66 %),30924410,4008989210000,23429290,3768956740000,0,0.0
25/12/2017,-1237680,-95286670000,958.31(0.63 %),2729210,106679200000,3966890,201965870000,0,0.0
26/12/2017,2864080,176798460000,965.93(0.80 %),9396050,404342240000,6531970,227543780000,0,0.0
27/12/2017,6439880,282131500000,968.46(0.26 %),15823715,724969380000,9383835,442837880000,0,0.0
28/12/2017,6611270,231352450000,976.72(0.85 %),14009100,636131930000,7397830,404779480000,0,0.0
29/12/2017,10070710,1146141160000,984.24(0.77 %),26044280,1671516130000,15973570,525374970000,0,0.0
02/01/2018,6112530,266259050000,995.77(1.17 %),12304450,546913430000,6191920,280654380000,0,0.0
03/01/2018,3782040,234250400000,1005.67(0.99 %),18848080,847027640000,15066040,612777240000,0,0.0
04/01/2018,1935200,316146010000,1019.75(1.40 %),17866230,1014830530000,15931030,698684520000,0,0.0
05/01/2018,9506150,393896550000,1012.65(-0.70 %),20265356,1068942200000,10759206,675045650000,0,0.0
08/01/2018,12469923,622414830000,1022.9(1.01 %),28233563,1228631980000,15763640,606217150000,0,0.0
09/01/2018,4686120,182776890000,1033.56(1.04 %),25719870,1172972540000,21033750,990195650000,0,0.0
10/01/2018,11581350,496506990000,1038.11(0.44 %),30916131,1491299750000,19334781,994792760000,0,0.0
11/01/2018,7330680,432381070000,1048.17(0.97 %),23190840,1217929180000,15860160,785548110000,0,0.0
12/01/2018,18938860,896064490000,1050.11(0.19 %),30885480,1527889040000,11946620,631824550000,0,0.0
15/01/2018,7613650,448869540000,1063.47(1.27 %),22757502,1197068110000,15143852,748198570000,0,0.0
16/01/2018,4732880,326057580000,1062.96(-0.05 %),20243770,1118229200000,15510890,792171620000,0,0.0
17/01/2018,7144190,378340190000,1034.69(-2.66 %),26082180,1334820830000,18937990,956480640000,0,0.0
18/01/2018,11712330,425588880000,1050.25(1.50 %),23300140,1131090460000,11587810,705501580000,0,0.0
19/01/2018,14333420,523430890000,1062.07(1.13 %),27834890,1427711500000,13501470,904280610000,0,0.0
22/01/2018,10857670,450715349500,1087.42(2.39 %),22365280,1151887993100,11507610,701172643600,0,0.0
23/01/2018,800,6990000,0(0.00 %),1300,11340000,500,4350000,0,0.0
24/01/2018,0,0,0(0.00 %),0,0,0,0,0,0.0
25/01/2018,22854082,767769207300,1104.57(1.58 %),63080610,2886003769210,40226528,2118234561910,0,0.0
26/01/2018,11155090,456808653500,1115.64(1.00 %),28054470,1390089891000,16899380,933281237500,0,0.0
29/01/2018,4520347,-275710893560,1109.8(-0.52 %),24188530,1098749146440,19668183,1374460040000,0,0.0
30/01/2018,8854950,-80946923800,1110.56(0.07 %),28873230,1268630394810,20018280,1349577318610,0,0.0
31/01/2018,2806900,222593472600,1110.36(-0.02 %),27171208,1596438252130,24364308,1373844779530,0,0.0
01/02/2018,4637190,186570889800,1099.67(-0.96 %),28078427,1383968174750,23441237,1197397284950,0,0.0
02/02/2018,6341769,200003626700,1105.04(0.49 %),21505909,1070448265180,15164140,870444638480,0,0.0
05/02/2018,3573874,73306443700,1048.71(-5.10 %),26359234,1685681467440,22785360,1612375023740,0,0.0
06/02/2018,92307350,4113216320100,1011.6(-3.54 %),131365450,6359010659830,39058100,2245794339730,0,0.0
07/02/2018,-3966940,-224108433300,1040.55(2.86 %),13824980,693291681100,17791920,917400114400,0,0.0
08/02/2018,9171374,447537229300,1023.25(-1.66 %),21707417,1364465157880,12536043,916927928580,0,0.0
09/02/2018,-6454882,-290180795500,1003.94(-1.89 %),26466888,1203688509900,32921770,1493869305400,0,0.0
12/02/2018,-11432660,-466963416300,1041.79(3.77 %),16247673,967385660980,27680333,1434349077280,0,0.0
13/02/2018,-16881990,-637912274800,1059.73(1.72 %),12218150,640158282800,29100140,1278070557600,0,0.0
21/02/2018,-1290499,-57101813700,1087.15(2.59 %),21985927,1261044619738,23276426,1318146433438,0,0.0
22/02/2018,2101450,155445620000,1076.03(-1.02 %),18917610,938953488320,16816160,783507868320,0,0.0
23/02/2018,-7360550,-227693910000,1102.85(2.49 %),12441183,677273230000,19801733,904967140000,0,0.0
26/02/2018,-4466980,-185098170000,1114.53(1.06 %),14364220,797446460000,18831200,982544630000,0,0.0
27/02/2018,-5186530,-160732640000,1119.61(0.46 %),13645040,691718400000,18831570,852451040000,0,0.0
28/02/2018,-7007860,-377646050000,1121.54(0.17 %),20306950,1396383120000,27314810,1774029170000,0,0.0
01/03/2018,-3813320,-167288630000,1115.79(-0.51 %),10459570,549037700000,14272890,716326330000,0,0.0
02/03/2018,-3662610,-115102650000,1121.21(0.49 %),12576810,674237900000,16239420,789340550000,0,0.0
05/03/2018,-5739200,-150860810000,1093.48(-2.47 %),17913320,1533613650000,23652520,1684474460000,0,0.0
06/03/2018,1399917,277526570000,1120.29(2.45 %),21296240,1150323240000,19896323,872796670000,0,0.0
07/03/2018,6222750,105587082900,1112.26(-0.72 %),26485666,1331942055478,20262916,1226354972578,0,0.0
08/03/2018,-3719630,-124389350000,1124.15(1.07 %),13157960,745487300000,16877590,869876650000,0,0.0
09/03/2018,-613384,-73874050000,1123.41(-0.07 %),20042390,1154649540000,20655774,1228523590000,0,0.0
12/03/2018,12512295,681006617000,1126.29(0.26 %),29154176,1462403361760,16641881,781396744760,0,0.0
13/03/2018,1217730,170074890000,1133.31(0.62 %),22040910,1186592330000,20823180,1016517440000,0,0.0
14/03/2018,-638290,-181855810000,1138.09(0.42 %),18874040,742288560000,19512330,924144370000,0,0.0
15/03/2018,1941440,25662310000,1138.76(0.06 %),14566300,736743310000,12624860,711081000000,0,0.0
16/03/2018,-25335480,-1099014920000,1150.19(1.00 %),53341450,3066221750000,78676930,4165236670000,0,0.0
19/03/2018,-790720,130289780000,1159.22(0.79 %),20668470,1130380520000,21459190,1000090740000,0,0.0
20/03/2018,-8057490,-178007440000,1159.39(0.01 %),10083900,645917710000,18141390,823925150000,0,0.0
21/03/2018,3589220,246967930000,1169.36(0.86 %),22552577,1300151010000,18963357,1053183080000,0,0.0
22/03/2018,698330,218086350000,1172.36(0.26 %),19110610,878082320000,18412280,659995970000,0,0.0
23/03/2018,2850720,260078050000,1153.59(-1.60 %),18746312,1030605280000,15895592,770527230000,0,0.0
26/03/2018,-3793980,-93940920000,1171.22(1.53 %),12307550,769421100000,16101530,863362020000,0,0.0
27/03/2018,-5205180,-327946870000,1171.73(0.04 %),12674311,681127500000,17879491,1009074370000,0,0.0
28/03/2018,3281030,122163760000,1172.24(0.04 %),27313131,1516871470000,24032101,1394707710000,0,0.0
29/03/2018,2637258,-60193780000,1167.03(-0.44 %),18335796,1028229400000,15698538,1088423180000,0,0.0
30/03/2018,6437820,335094400000,1174.46(0.64 %),19216713,1289878110000,12778893,954783710000,0,0.0
02/04/2018,866180,79116950000,1196.61(1.89 %),12100130,803996250000,11233950,724879300000,0,0.0
03/04/2018,-4214624,-316478520000,1188.29(-0.70 %),23731535,1367802920000,27946159,1684281440000,0,0.0
04/04/2018,5713920,165723570000,1191.54(0.27 %),38066451,1756865200000,32352531,1591141630000,0,0.0
05/04/2018,3214590,31046850000,1193.17(0.14 %),16690440,828278980000,13475850,797232130000,0,0.0
06/04/2018,1597730,35093250000,1199.96(0.57 %),16643920,864037100000,15046190,828943850000,0,0.0
09/04/2018,6055996,325886400000,1204.33(0.36 %),27387730,1400199520000,21331734,1074313120000,0,0.0
10/04/2018,-446270,133616180000,1198.12(-0.52 %),33997834,1846902340000,34444104,1713286160000,0,0.0
11/04/2018,-2118410,-220693390000,1167.11(-2.59 %),34959046,1795140940000,37077456,2015834330000,0,0.0
12/04/2018,-1839110,-65726350000,1173.02(0.51 %),18374472,993610210000,20213582,1059336560000,0,0.0
13/04/2018,-1427240,12782800000,1157.14(-1.35 %),13636780,876254210000,15064020,863471410000,0,0.0
16/04/2018,2014500,119326910000,1148.49(-0.75 %),15785100,849773880000,13770600,730446970000,0,0.0
17/04/2018,-4144670,-286355960000,1153.28(0.42 %),20495580,967189580000,24640250,1253545540000,0,0.0
18/04/2018,-1832490,-52736460000,1138.53(-1.28 %),16903750,1006106270000,18736240,1058842730000,0,0.0
19/04/2018,-3307510,-393710020000,1094.63(-3.86 %),16841753,905563860000,20149263,1299273880000,0,0.0
20/04/2018,48007572,3113673690000,1119.86(2.30 %),72699996,4653479760000,24692424,1539806070000,0,0.0
23/04/2018,1877130,-34775820000,1076.78(-3.85 %),16524499,925939230000,14647369,960715050000,0,0.0
24/04/2018,-5885710,-651794040000,1080.74(0.37 %),15231920,963265160000,21117630,1615059200000,0,0.0
26/04/2018,-544620,-266232050000,1044.86(-3.32 %),24141455,1472915880000,24686075,1739147930000,0,0.0
27/04/2018,-1669420,112597910000,1050.26(0.52 %),28090615,1471977930000,29760035,1359380020000,0,0.0
02/05/2018,-4955510,-363912380000,1029.08(-2.02 %),23087748,1453212080000,28043258,1817124460000,0,0.0
03/05/2018,-12300900,-772000410000,1026.46(-0.25 %),27241245,1436466820000,39542145,2208467230000,0,0.0
04/05/2018,-13182090,-653306040000,1026.8(0.03 %),18038591,995346910000,31220681,1648652950000,0,0.0
07/05/2018,-7807120,-376963130000,1062.26(3.45 %),22638048,1030805610000,30445168,1407768740000,0,0.0
08/05/2018,-3348312,-160589890000,1060.45(-0.17 %),34192896,1404411190000,37541208,1565001080000,0,0.0
09/05/2018,-5881390,-250532030000,1056.97(-0.33 %),18264025,1131700350000,24145415,1382232380000,0,0.0
10/05/2018,-1773440,-10646384200,1028.87(-2.66 %),18074762,1470747724368,19848202,1481394108568,0,0.0
11/05/2018,-6953500,-202180520000,1044.85(1.55 %),8141690,636149770000,15095190,838330290000,0,0.0
14/05/2018,-1560520,-102236250000,1066.98(2.12 %),10891870,616087230000,12452390,718323480000,0,0.0
15/05/2018,-457405,-137430360000,1073.5(0.61 %),13347284,659852550000,13804689,797282910000,0,0.0
16/05/2018,8989479,-84843260605,1054.62(-1.76 %),21478839,637355101395,12489360,722198362000,0,0.0
17/05/2018,-3277085,-229018570000,1030.64(-2.27 %),8251290,412416560000,11528375,641435130000,0,0.0
18/05/2018,-1835810,-124219687200,1040.54(0.96 %),15135230,758640254600,16971040,882859941800,0,0.0
21/05/2018,-8240450,-425048650000,1014.98(-2.46 %),8192230,378700300000,16432680,803748950000,0,0.0
22/05/2018,-9372880,-615126250000,985.91(-2.86 %),18144765,810324830000,27517645,1425451080000,0,0.0
23/05/2018,-8434550,-761553340000,988.94(0.31 %),17126150,1775507790000,25560700,2537061130000,0,0.0
24/05/2018,-5527810,-166235020000,985.92(-0.31 %),17875879,979218910000,23403689,1145453930000,0,0.0
25/05/2018,-15708328,-528636480000,963.9(-2.23 %),13573890,739595340000,29282218,1268231820000,0,0.0
28/05/2018,-5388230,-81944244800,931.75(-3.34 %),17104600,1128759697500,22492830,1210703942300,0,0.0
29/05/2018,-285280,-4369490000,952.18(2.19 %),14853520,728439810000,15138800,732809300000,0,0.0
30/05/2018,-7359440,-371283150000,948.5(-0.39 %),12575580,697967220000,19935020,1069250370000,0,0.0
31/05/2018,-8554990,-696637100000,971.25(2.40 %),17281720,1069066270000,25836710,1765703370000,0,0.0
01/06/2018,-813350,70871500000,992.87(2.23 %),19674000,1060992490000,20487350,990120990000,0,0.0
04/06/2018,-3841540,10168820000,1013.78(2.11 %),13624660,817135460000,17466200,806966640000,0,0.0
05/06/2018,-3023850,-14647350000,1022.74(0.88 %),14316641,908253570000,17340491,922900920000,0,0.0
06/06/2018,-374250,-23153480000,1034.5(1.15 %),9665290,604210350000,10039540,627363830000,0,0.0
07/06/2018,3178320,244224480000,1036.69(0.21 %),14803930,953949400000,11625610,709724920000,0,0.0
08/06/2018,-1191670,3974280000,1039.01(0.22 %),7834830,536625480000,9026500,532651200000,0,0.0
11/06/2018,-3053150,-119301510000,1039.02(0.00 %),13093790,850931550000,16146940,970233060000,0,0.0
12/06/2018,-4586680,-289734390000,1020.76(-1.76 %),17361140,916825250000,21947820,1206559640000,0,0.0
13/06/2018,-556140,48214030000,1030.53(0.96 %),7954080,461160020000,8510220,412945990000,0,0.0
14/06/2018,-25830343,-572453900000,1015.72(-1.44 %),11606827,597952720000,37437170,1170406620000,0,0.0
15/06/2018,-21886380,-521157720000,1016.51(0.08 %),29120603,1540739950000,51006983,2061897670000,0,0.0
18/06/2018,-7225100,-401288767300,987.34(-2.87 %),7923700,380300483060,15148800,781589250360,0,0.0
19/06/2018,-3450080,-141474431600,962.16(-2.55 %),21201250,1136205459800,24651330,1277679891400,0,0.0
20/06/2018,-3190390,-138518659700,980.95(1.95 %),13156360,626130541200,16346750,764649200900,0,0.0
21/06/2018,1533800,122688946770,969.4(-1.18 %),11704130,685951286770,10170330,563262340000,0,0.0
22/06/2018,3547670,147070886900,983.17(1.42 %),13486880,758677794000,9939210,611606907100,0,0.0
25/06/2018,2535540,69639714900,990.52(0.75 %),7868160,373375544200,5332620,303735829300,0,0.0
26/06/2018,1000040,57948569700,983.02(-0.76 %),8474330,330481902340,7474290,272533332640,0,0.0
27/06/2018,-9761370,-129860572100,968.91(-1.44 %),6960567,336177198800,16721937,466037770900,0,0.0
28/06/2018,-157500,22619358300,957.35(-1.19 %),10541490,592571125680,10698990,569951767380,0,0.0
29/06/2018,-2855960,-180907679800,960.78(0.36 %),14309770,834212297100,17165730,1015119976900,0,0.0
02/07/2018,7403490,237673423100,947.15(-1.42 %),19201410,923999163350,11797920,686325740250,0,0.0
03/07/2018,-11787590,-349971479700,906.01(-4.34 %),17420370,785053462250,29207960,1135024941950,0,0.0
04/07/2018,-11170850,-500132308900,914.99(0.99 %),8850897,486958687350,20021747,987090996250,0,0.0
05/07/2018,-2520422,-231023673448,899.4(-1.70 %),10098550,507188938650,12618972,738212612098,0,0.0
06/07/2018,-8544180,-362554080400,917.51(2.01 %),13543640,495194321540,22087820,857748401940,0,0.0
09/07/2018,-6140880,-146969376700,915.12(-0.26 %),7563580,328752925210,13704460,475722301910,0,0.0
10/07/2018,-2624800,-82961520100,911.12(-0.44 %),12468450,647479723420,15093250,730441243520,0,0.0
11/07/2018,1453630,43462005700,893.16(-1.97 %),19431880,846942641000,17978250,803480635300,0,0.0
12/07/2018,-1344050,-61153379100,898.51(0.60 %),5931300,197235772300,7275350,258389151400,0,0.0
13/07/2018,-1583694,-48405691177,909.72(1.25 %),9381560,390662592350,10965254,439068283527,0,0.0
16/07/2018,-1233380,-88376337100,911.11(0.15 %),12678640,963740370040,13912020,1052116707140,0,0.0
17/07/2018,-1549270,-180715455800,921.27(1.12 %),11320520,438420631670,12869790,619136087470,0,0.0
18/07/2018,530030,-151037966000,942.39(2.29 %),17737437,751039840700,17207407,902077806700,0,0.0
19/07/2018,3899970,-52390108200,943.97(0.17 %),19728049,770603698916,15828079,822993807116,0,0.0
20/07/2018,144709,-49933376062,933.39(-1.12 %),17999940,808735964900,17855231,858669340962,0,0.0
23/07/2018,1843040,70299719700,936.74(0.36 %),15715750,651452740370,13872710,581153020670,0,0.0
24/07/2018,-9218220,-416617579000,934.08(-0.28 %),9853270,447740584900,19071490,864358163900,0,0.0
25/07/2018,-7822910,-199511154400,927.58(-0.70 %),9216920,453492907770,17039830,653004062170,0,0.0
26/07/2018,-2195330,24269898500,930.16(0.28 %),10656510,514730263600,12851840,490460365100,0,0.0
27/07/2018,936910,12357534900,935.52(0.58 %),8566190,406177172910,7629280,393819638010,0,0.0
30/07/2018,336770,-42045671900,949.73(1.52 %),6939030,361886724500,6602260,403932396400,0,0.0
31/07/2018,1640770,-69283980900,956.39(0.70 %),11232410,457517058300,9591640,526801039200,0,0.0
01/08/2018,-2765640,-237492151100,952.77(-0.38 %),10341880,485388450530,13107520,722880601630,0,0.0
02/08/2018,-1842140,-155754795200,953.55(0.08 %),14604090,662078272320,16446230,817833067520,0,0.0
03/08/2018,-10057820,-404887533000,959.6(0.63 %),20549530,849513838590,30607350,1254401371590,0,0.0
06/08/2018,-9051980,-389356985100,960.23(0.07 %),14831074,1023532893860,23883054,1412889878960,0,0.0
07/08/2018,250860,-91357802140,956.79(-0.36 %),22527670,1520749857060,22276810,1612107659200,0,0.0
08/08/2018,-1396240,-169001529000,966.27(0.99 %),10870636,482815824950,12266876,651817353950,0,0.0
09/08/2018,-170630,-45828464900,963.5(-0.29 %),11434034,557969506520,11604664,603797971420,0,0.0
10/08/2018,-2526180,-59320517600,968.47(0.52 %),11338736,539488750170,13864916,598809267770,0,0.0
13/08/2018,2439910,33612943200,978.04(0.99 %),14034330,724904589470,11594420,691291646270,0,0.0
14/08/2018,-908980,6673266200,978.27(0.02 %),8237950,443610028200,9146930,436936762000,0,0.0
15/08/2018,-954370,-31976804900,961.37(-1.73 %),5165583,307348697750,6119953,339325502650,0,0.0
16/08/2018,-6603433,-322089047620,964.28(0.30 %),11567158,496609081820,18170591,818698129440,0,0.0
17/08/2018,1185300,62545628800,968.88(0.48 %),12073180,575379386040,10887880,512833757240,0,0.0
20/08/2018,-4190670,-86766965900,969.62(0.08 %),6330817,422813520850,10521487,509580486750,0,0.0
21/08/2018,-698370,148701817400,979.21(0.99 %),6706820,498129493920,7405190,349427676520,0,0.0
22/08/2018,-245439,49434643600,982.15(0.30 %),9545951,506102478400,9791390,456667834800,0,0.0
23/08/2018,-5318860,-122990262600,987.36(0.53 %),8651298,471811059200,13970158,594801321800,0,0.0
24/08/2018,-190113,-39937855600,987.05(-0.03 %),13255837,730896414050,13445950,770834269650,0,0.0
27/08/2018,-2026300,32675844600,991.92(0.49 %),8898020,594345142900,10924320,561669298300,0,0.0
28/08/2018,4842260,283125649100,995.19(0.33 %),13667460,723586428000,8825200,440460778900,0,0.0
29/08/2018,-4752970,-138660990900,988.17(-0.71 %),8175787,378404154250,12928757,517065145150,0,0.0
30/08/2018,-4949760,-52600649500,998.07(1.00 %),17169348,883845155078,22119108,936445804578,0,0.0
31/08/2018,-526560,-47423847200,989.54(-0.85 %),14537700,1079357970950,15064260,1126781818150,0,0.0
04/09/2018,-4582349,-13970851800,975.94(-1.37 %),6714650,343586408420,11296999,357557260220,0,0.0
05/09/2018,-4246970,-226011550200,968.44(-0.77 %),6326250,328206247500,10573220,554217797700,0,0.0
06/09/2018,-1959642,-84890711600,958.19(-1.06 %),7993150,410664489400,9952792,495555201000,0,0.0
07/09/2018,3335200,151273151200,968.9(1.12 %),11047990,495462175600,7712790,344189024400,0,0.0
10/09/2018,1984530,129354149500,970.34(0.15 %),15583152,711524395500,13598622,582170246000,0,0.0
11/09/2018,7864740,489206790000,985.06(1.52 %),23913312,1230148520000,16048572,740941730000,0,0.0
12/09/2018,3464290,174352130000,987.01(0.20 %),11751650,599277740000,8287360,424925610000,0,0.0
13/09/2018,-1913916,-55032682000,987.95(0.10 %),11054620,520706080000,12968536,575738762000,0,0.0
14/09/2018,2808670,132280410000,991.34(0.34 %),13883660,691026040000,11074990,558745630000,0,0.0
17/09/2018,423030,58364570000,987.61(-0.38 %),10989738,732768580000,10566708,674404010000,0,0.0
18/09/2018,-4588250,-96052060000,993.49(0.60 %),11113129,718070370000,15701379,814122430000,0,0.0
19/09/2018,2485740,63914340000,995.54(0.21 %),15217900,587169840000,12732160,523255500000,0,0.0
20/09/2018,348070,9411410900,1004.74(0.92 %),14668440,901751389900,14320370,892339979000,0,0.0
21/09/2018,-18250141,-782300971700,1002.97(-0.18 %),46701950,2956563543900,64952091,3738864515600,0,0.0
24/09/2018,-650250,46631157900,1011.29(0.65 %),8428980,510050645800,9079230,463419487900,0,0.0
25/09/2018,1634460,43802918820,1010.74(-0.05 %),5600200,215955361710,3965740,172152442890,0,0.0
26/09/2018,-651080,29852852480,1009.61(-0.11 %),5385220,251767358920,6036300,221914506440,0,0.0
27/09/2018,4273335,101378638700,1015.37(0.57 %),19253610,775656956650,14980275,674278317950,0,0.0
28/09/2018,14118000,211830113100,1017.13(0.17 %),33097722,1389082038700,18979722,1177251925600,0,0.0
01/10/2018,6547080,102410247670,1012.88(-0.42 %),17496600,531140154720,10949520,428729907050,0,0.0
02/10/2018,-1152130,124452927000,1018.79(0.58 %),19977680,1030364920300,21129810,905911993300,0,0.0
03/10/2018,1123790,-49800272400,1020.4(0.16 %),10336750,412308942780,9212960,462109215180,0,0.0
04/10/2018,-8531550,-424974466500,1023.62(0.32 %),11930433,470797089600,20461983,895771556100,0,0.0
05/10/2018,-6694710,-348908817000,1008.39(-1.49 %),24508622,1521046814600,31203332,1869955631600,0,0.0
08/10/2018,5922150,-94260419800,996.12(-1.22 %),15135409,476348681100,9213259,570609100900,0,0.0
09/10/2018,-2584180,-102664250660,996.19(0.01 %),6842790,282042761830,9426970,384707012490,0,0.0
10/10/2018,-7294460,-339909016800,993.96(-0.22 %),9651680,363623868010,16946140,703532884810,0,0.0
11/10/2018,-3037890,-267662960400,945.89(-4.84 %),14599195,593509740400,17637085,861172700800,0,0.0
12/10/2018,11519462,274368715700,970.08(2.56 %),24174822,853024425320,12655360,578655709620,0,0.0
15/10/2018,3548990,70132171600,951.64(-1.90 %),18581440,579831791860,15032450,509699620260,0,0.0
16/10/2018,1445090,-2207104700,963.37(1.23 %),19326189,1141207606540,17881099,1143414711240,0,0.0
17/10/2018,1205690,-79706815600,971.6(0.85 %),11689070,549021512580,10483380,628728328180,0,0.0
18/10/2018,3761370,93131015600,963.47(-0.84 %),11656310,436708138550,7894940,343577122950,0,0.0
19/10/2018,-7940380,-213060166200,958.36(-0.53 %),6364700,386344969000,14305080,599405135200,0,0.0
22/10/2018,-1176790,-84007946300,953.51(-0.51 %),11303700,521631904400,12480490,605639850700,0,0.0
23/10/2018,-453190,-75814382300,939.68(-1.45 %),13792570,597342976460,14245760,673157358760,0,0.0
24/10/2018,-854620,-119761890000,922.73(-1.80 %),9752532,383273070000,10607152,503034960000,0,0.0
25/10/2018,-3077970,-163138020000,910.17(-1.36 %),10986050,457801660000,14064020,620939680000,0,0.0
26/10/2018,2503930,29240330000,900.82(-1.03 %),11723760,461345710000,9219830,432105380000,0,0.0
29/10/2018,-793550,-49424280000,888.82(-1.33 %),9078706,337498420000,9872256,386922700000,0,0.0
30/10/2018,-1833740,-88561630000,888.69(-0.01 %),9355643,325386750000,11189383,413948380000,0,0.0
31/10/2018,-3883670,-168007220500,914.76(2.93 %),16885270,818018279950,20768940,986025500450,0,0.0
01/11/2018,24913624,2138278097300,907.96(-0.74 %),39923739,2777135967500,15010115,638857870200,0,0.0
02/11/2018,-10331198,-260121136222,924.86(1.86 %),17493175,560548010660,27824373,820669146882,0,0.0
05/11/2018,2073651,58316230000,925.53(0.07 %),11063930,508686910000,8990279,450370680000,0,0.0
06/11/2018,-794729,10984359050,922.05(-0.38 %),7764540,340312847700,8559269,329328488650,0,0.0
07/11/2018,957710,85992180000,922.16(0.01 %),14078100,499771320000,13120390,413779140000,0,0.0
08/11/2018,1431870,33610610000,926.28(0.45 %),7454665,275662300000,6022795,242051690000,0,0.0
09/11/2018,3784300,152623810000,914.29(-1.29 %),9354420,371916840000,5570120,219293030000,0,0.0
12/11/2018,-1456810,-235547670000,918.12(0.42 %),8632480,288259850000,10089290,523807520000,0,0.0
13/11/2018,-550510,-82736660000,905.38(-1.39 %),11193120,360397710000,11743630,443134370000,0,0.0
14/11/2018,-2779598,-12376580000,900.93(-0.49 %),11831930,473133600000,14611528,485510180000,0,0.0
15/11/2018,-4994580,-369823470000,897.15(-0.42 %),7615660,371637340000,12610240,741460810000,0,0.0
16/11/2018,-3667006,-128127230000,898.19(0.12 %),8875930,357746440000,12542936,485873670000,0,0.0
19/11/2018,48120,-93784247300,916.06(1.99 %),8335140,275412587100,8287020,369196834400,0,0.0
20/11/2018,-1101497,-79464938700,919.02(0.32 %),14198187,784679337214,15299684,864144275914,0,0.0
21/11/2018,-2889410,-180592900000,922.56(0.39 %),13207250,499332670000,16096660,679925570000,0,0.0
22/11/2018,-276950,-72309790000,924.42(0.20 %),16522785,517040610000,16799735,589350400000,0,0.0
23/11/2018,3685288,126035200000,917.97(-0.70 %),13255462,400507560000,9570174,274472360000,0,0.0
26/11/2018,-2040280,56201370000,921.03(0.33 %),8259212,464778810000,10299492,408577440000,0,0.0
27/11/2018,1740860,88299720000,923.12(0.23 %),12018194,693554460000,10277334,605254740000,0,0.0
28/11/2018,264150,57342200000,930.2(0.77 %),12340550,533804560000,12076400,476462360000,0,0.0
29/11/2018,893390,95039030000,926.79(-0.37 %),9108040,473564710000,8214650,378525680000,0,0.0
30/11/2018,87843,-16188980000,926.54(-0.03 %),13763642,631013810000,13675799,647202790000,0,0.0
03/12/2018,4088540,140596140000,951.59(2.70 %),14716750,592627020000,10628210,452030880000,0,0.0
04/12/2018,113549,33395830000,958.84(0.76 %),12143710,626569380000,12030161,593173550000,0,0.0
05/12/2018,-186780,-13542630000,957.14(-0.18 %),13187883,554448880000,13374663,567991510000,0,0.0
06/12/2018,-3023700,-56865480000,954.82(-0.24 %),8457500,390626380000,11481200,447491860000,0,0.0
07/12/2018,-2298440,-101386670000,958.59(0.39 %),7718540,326275700000,10016980,427662370000,0,0.0
10/12/2018,-302800,-73664870000,955.89(-0.28 %),8984180,374648010000,9286980,448312880000,0,0.0
11/12/2018,-385360,-71723340000,954.58(-0.14 %),9741890,347592120000,10127250,419315460000,0,0.0
12/12/2018,2217310,-6522640000,961.28(0.70 %),22207320,783054560000,19990010,789577200000,0,0.0
13/12/2018,-712041,-92169250000,960.25(-0.11 %),15869530,732285960000,16581571,824455210000,0,0.0
14/12/2018,1607859,14500050000,952.04(-0.85 %),10366450,319629510000,8758591,305129460000,0,0.0
17/12/2018,1227758,-9572870000,933.65(-1.93 %),17107490,605801080000,15879732,615373950000,0,0.0
18/12/2018,7248610,389652730000,927.25(-0.69 %),19774490,907364670000,12525880,517711940000,0,0.0
19/12/2018,-3805260,-159124170000,919.24(-0.86 %),11397120,400004880000,15202380,559129050000,0,0.0
20/12/2018,-3313830,-89051910000,918.24(-0.11 %),12082100,433683450000,15395930,522735360000,0,0.0
21/12/2018,-5668710,-313245890000,912.26(-0.65 %),26698710,947431880000,32367420,1260677770000,0,0.0
24/12/2018,1239770,56728480800,908.56(-0.41 %),9425150,352788215100,8185380,296059734300,0,0.0
25/12/2018,394060,46168968200,897.94(-1.17 %),7728110,243028938400,7334050,196859970200,0,0.0
26/12/2018,2993680,118963281200,891.75(-0.69 %),13642280,515387254600,10648600,396423973400,0,0.0
27/12/2018,2416620,169540920000,900.81(1.02 %),16015068,582547540000,13598448,413006620000,0,0.0
28/12/2018,10664640,389862610000,892.54(-0.92 %),20865850,819355330000,10201210,429492720000,0,0.0
02/01/2019,3361820,145442720000,891.75(-0.09 %),10057270,402729240000,6695450,257286520000,0,0.0
03/01/2019,916400,120090470000,878.22(-1.52 %),10862442,451059110000,9946042,330968640000,0,0.0
04/01/2019,-3544650,-87892260000,880.9(0.31 %),8366780,320238490000,11911430,408130750000,0,0.0
07/01/2019,-2616660,-54083253300,889.64(0.99 %),7784500,346680730060,10401160,400763983360,0,0.0
08/01/2019,-5731940,-128072324300,887.44(-0.25 %),10123640,370878523320,15855580,498950847620,0,0.0
09/01/2019,-506720,24648881200,896.99(1.08 %),13261350,502907614140,13768070,478258732940,0,0.0
10/01/2019,1730080,138806082800,898.3(0.15 %),13715182,535368561060,11985102,396562478260,0,0.0
11/01/2019,4209160,169645792600,902.71(0.49 %),10685819,414191590700,6476659,244545798100,0,0.0
14/01/2019,892260,38584067600,901.8(-0.10 %),8252980,332075466430,7360720,293491398830,0,0.0
15/01/2019,375360,49163146100,909.68(0.87 %),13734370,463631567300,13359010,414468421200,0,0.0
16/01/2019,6149010,591904148100,908.7(-0.11 %),14643750,950473713600,8494740,358569565500,0,0.0
17/01/2019,540320,24256171100,901.89(-0.75 %),9246180,376012465900,8705860,351756294800,0,0.0
18/01/2019,-1793145,-40647929000,902.3(0.05 %),39165365,1855494792640,40958510,1896142721640,0,0.0
21/01/2019,-1206320,-30446548000,911.05(0.97 %),6362260,312371861540,7568580,342818409540,0,0.0
22/01/2019,7442445,61133118600,906.55(-0.49 %),14972815,359967940700,7530370,298834822100,0,0.0
23/01/2019,3579220,14625515400,908.18(0.18 %),13351947,528912727380,9772727,514287211980,0,0.0
24/01/2019,1363940,-31664908400,908.79(0.07 %),12518880,610057188280,11154940,641722096680,0,0.0
25/01/2019,3755298,-31163466618,908.88(0.01 %),12643978,465027518601,8888680,496190985219,0,0.0
28/01/2019,5645388,112455261850,912.18(0.36 %),13223773,480350726320,7578385,367895464470,0,0.0
29/01/2019,4528960,145681004500,915.93(0.41 %),17451410,650184458480,12922450,504503453980,0,0.0
30/01/2019,3503506,80328448780,915.84(-0.01 %),19772416,774597476520,16268910,694269027740,0,0.0
31/01/2019,1720440,-127157189700,910.65(-0.57 %),19499210,680406863190,17778770,807564052890,0,0.0
01/02/2019,1777060,165883520000,908.67(-0.22 %),16534882,858015030000,14757822,692131510000,0,0.0
11/02/2019,1981780,10220729400,926.1(1.92 %),21259455,778606800725,19277675,768386071325,0,0.0
12/02/2019,3070772,70804810500,937.54(1.24 %),21290491,885222172920,18219719,814417362420,0,0.0
13/02/2019,8190780,237064255700,945.25(0.82 %),27396100,993197659270,19205320,756133403570,0,0.0
14/02/2019,20460393,1451093442400,952.34(0.75 %),32447553,2007745676590,11987160,556652234190,0,0.0
15/02/2019,4724180,98383117100,950.89(-0.15 %),20248940,739477751660,15524760,641094634560,0,0.0
18/02/2019,-1161470,-70332765700,961.3(1.09 %),15352580,651420201810,16514050,721752967510,0,0.0
19/02/2019,4077550,183195917200,964.35(0.32 %),18303780,899632817060,14226230,716436899860,0,0.0
20/02/2019,3877820,223001094500,970.58(0.65 %),21208680,1017479215460,17330860,794478120960,0,0.0
21/02/2019,792130,172519606900,987.57(1.75 %),20903120,978476321390,20110990,805956714490,0,0.0
22/02/2019,678909,33084132030,988.91(0.14 %),15222795,661694485910,14543886,628610353880,0,0.0
25/02/2019,-309270,100207383100,994.43(0.56 %),24006930,1049069679720,24316200,948862296620,0,0.0
26/02/2019,3426210,53158970400,987.06(-0.74 %),18812350,797910833500,15386140,744751863100,0,0.0
27/02/2019,-1774260,-48937829600,990.27(0.33 %),18231444,662573319470,20005704,711511149070,0,0.0
28/02/2019,-9823940,-350513024900,965.47(-2.50 %),15758470,756107994100,25582410,1106621019000,0,0.0
01/03/2019,-1550848,-103554967400,979.63(1.47 %),9878837,492751123790,11429685,596306091190,0,0.0
04/03/2019,-2282461,-149398797173,993.99(1.47 %),15546979,629465646887,17829440,778864444060,0,0.0
05/03/2019,2289720,46637284300,992.45(-0.15 %),30451516,1111917166570,28161796,1065279882270,0,0.0
06/03/2019,247196,21645540000,994.49(0.21 %),14625511,654230640000,14378315,632585100000,0,0.0
07/03/2019,-3267801,-54971768397,994.03(-0.05 %),14761269,757249057873,18029070,812220826270,0,0.0
08/03/2019,-1060398,-58867728708,985.25(-0.88 %),9537353,461949552062,10597751,520817280770,0,0.0
11/03/2019,-1913170,-39989325100,984.6(-0.07 %),12646520,554713875740,14559690,594703200840,0,0.0
12/03/2019,-449740,19017694420,1001.32(1.70 %),15156651,682910327070,15606391,663892632650,0,0.0
13/03/2019,2980650,87591080000,1005.41(0.41 %),18034305,688658110000,15053655,601067030000,0,0.0
14/03/2019,-2897185,-46101993380,1008.44(0.30 %),19505360,855522034710,22402545,901624028090,0,0.0
15/03/2019,-3710560,-218593370000,1004.12(-0.43 %),25753234,1328389590000,29463794,1546982960000,0,0.0
18/03/2019,-4615180,-107605583860,1011.86(0.77 %),17706700,723593309840,22321880,831198893700,0,0.0
19/03/2019,94002,170188192900,1006.59(-0.52 %),19158650,923124524940,19064648,752936332040,0,0.0
20/03/2019,971072,19225962700,1002.3(-0.43 %),85255682,3144197372380,84284610,3124971409680,0,0.0
21/03/2019,960070,98697537200,981.78(-2.05 %),12119910,603479834640,11159840,504782297440,0,0.0
22/03/2019,6313750,197716544100,988.71(0.71 %),37729030,1200839692680,31415280,1003123148580,0,0.0
25/03/2019,4781970,147593890000,970.07(-1.89 %),19264888,773018960000,14482918,625425070000,0,0.0
26/03/2019,-4949495,-143908740000,969.79(-0.03 %),13840675,575325500000,18790170,719234240000,0,0.0
27/03/2019,1801737,62530020000,975.91(0.63 %),14597192,583527000000,12795455,520996980000,0,0.0
28/03/2019,1611770,117448780000,982.98(0.72 %),18599520,794236920000,16987750,676788140000,0,0.0
29/03/2019,4720390,114273021200,980.76(-0.23 %),31184233,1117178878980,26463843,1002905857780,0,0.0
01/04/2019,1321890,98350040000,988.53(0.79 %),9544900,466482200000,8223010,368132160000,0,0.0
02/04/2019,3382330,257264480000,985.81(-0.28 %),16653280,794655130000,13270950,537390650000,0,0.0
03/04/2019,-143360,-80652510000,984.46(-0.14 %),13657600,428153300000,13800960,508805810000,0,0.0
04/04/2019,-899110,-33505360000,986.91(0.25 %),10333460,357934170000,11232570,391439530000,0,0.0
05/04/2019,-3316720,-86405940000,989.26(0.24 %),9993316,822999100000,13310036,909405040000,0,0.0
08/04/2019,2579140,144699420000,997.56(0.84 %),10990402,516208240000,8411262,371508820000,0,0.0
09/04/2019,-6413100,-277488000000,988.48(-0.91 %),9296980,558004610000,15710080,835492610000,0,0.0
10/04/2019,-152370,78195100000,981.91(-0.66 %),7896220,391164210000,8048590,312969110000,0,0.0
11/04/2019,-2885530,-70383270000,985.95(0.41 %),4766110,291068740000,7651640,361452010000,0,0.0
12/04/2019,-1390544,32623220000,982.9(-0.31 %),7398890,341761980000,8789434,309138760000,0,0.0
16/04/2019,2980540,176714360000,977.17(-0.58 %),12660740,572004910000,9680200,395290550000,0,0.0
17/04/2019,2059180,151177650000,972.1(-0.52 %),16077938,846101540000,14018758,694923890000,0,0.0
18/04/2019,2301210,171205720000,962.3(-1.01 %),8188030,394909990000,5886820,223704270000,0,0.0
19/04/2019,-1332070,-29835170000,966.21(0.41 %),3204780,118142100000,4536850,147977270000,0,0.0
22/04/2019,582920,72177760000,965.86(-0.04 %),6673120,356952140000,6090200,284774380000,0,0.0
23/04/2019,-6664600,-212804997400,968(0.22 %),11690700,810429240000,18355300,1023234237400,0,0.0
24/04/2019,5056660,205496340000,976.92(0.92 %),12740050,491745600000,7683390,286249260000,0,0.0
25/04/2019,-1460130,-10768450000,974.13(-0.29 %),15370270,502424090000,16830400,513192540000,0,0.0
26/04/2019,172100,21621680000,979.64(0.57 %),6527232,351014930000,6355132,329393250000,0,0.0
02/05/2019,-1224860,45500060000,978.5(-0.12 %),14121822,586405260000,15346682,540905200000,0,0.0
03/05/2019,287960,46439900000,974.14(-0.45 %),9406460,447710410150,9118500,401270510150,0,0.0
06/05/2019,1565740,77166730000,957.97(-1.66 %),7139700,341130350000,5573960,263963620000,0,0.0
07/05/2019,-4178890,-159289220000,957.56(-0.04 %),16246850,724975710000,20425740,884264930000,0,0.0
08/05/2019,-4536470,-97499400000,951.22(-0.66 %),12334760,546422820000,16871230,643922220000,0,0.0
09/05/2019,-4081710,-122255920000,947.01(-0.44 %),55775752,3783229860000,59857462,3905485780000,0,0.0
10/05/2019,-6421063,-223129510000,952.55(0.58 %),7682480,332159640000,14103543,555289150000,0,0.0
13/05/2019,-3179130,-111289870000,958.54(0.63 %),17061900,632626030000,20241030,743915900000,0,0.0
14/05/2019,-5848680,-184751410000,965.34(0.71 %),10100630,508661240000,15949310,693412650000,0,0.0
15/05/2019,-5279380,-179251830000,975.64(1.07 %),8967740,374768540000,14247120,554020370000,0,0.0
16/05/2019,-4269172,-190342353700,975.69(0.01 %),13558028,555052691740,17827200,745395045440,0,0.0
17/05/2019,793230,5056160000,976.48(0.08 %),12836210,491318360000,12042980,486262200000,0,0.0
20/05/2019,-3217700,-47203660000,987.13(1.09 %),6686120,440469330000,9903820,487672990000,0,0.0
21/05/2019,46150498,5591741160000,986.29(-0.09 %),61778523,6289528290000,15628025,697787130000,0,0.0
22/05/2019,1536310,-17252160000,983.78(-0.25 %),16434150,631141150000,14897840,648393310000,0,0.0
23/05/2019,-4646960,-105754980000,982.71(-0.11 %),39675076,1446638000000,44322036,1552392980000,0,0.0
24/05/2019,-8091790,-304721960000,970.03(-1.29 %),12302096,488046940000,20393886,792768900000,0,0.0
27/05/2019,645880,68244680000,975.14(0.53 %),9625940,596302420000,8980060,528057740000,0,0.0
28/05/2019,323693,11758910000,972(-0.32 %),18193370,785577790000,17869677,773818880000,0,0.0
29/05/2019,2162770,125627220000,971.54(-0.05 %),11666363,574119070000,9503593,448491850000,0,0.0
30/05/2019,-8472270,-762936910000,969.34(-0.23 %),16559989,650945640000,25032259,1413882550000,0,0.0
31/05/2019,5763310,202671420000,959.88(-0.98 %),11915442,532315310000,6152132,329643890000,0,0.0
03/06/2019,-4343292,-10706140000,946.47(-1.40 %),13741630,694040460000,18084922,704746600000,0,0.0
04/06/2019,2445030,113591780000,951.16(0.50 %),12157839,421998010000,9712809,308406230000,0,0.0
05/06/2019,7597467,26567360000,951.41(0.03 %),14080987,251954310000,6483520,225386950000,0,0.0
06/06/2019,-3909872,-135083140000,948.21(-0.34 %),9358627,580190730000,13268499,715273870000,0,0.0
07/06/2019,-3164080,-124151940000,958.28(1.06 %),8659612,413960600000,11823692,538112540000,0,0.0
10/06/2019,1796837,70514470000,962.9(0.48 %),14356553,481507010000,12559716,410992540000,0,0.0
11/06/2019,4696707,144599300000,962.07(-0.09 %),14416040,595202330000,9719333,450603030000,0,0.0
12/06/2019,-583930,-47296440000,954.17(-0.82 %),8275996,351908150000,8859926,399204590000,0,0.0
13/06/2019,-2581350,-84513070000,950.08(-0.43 %),6426250,373804340000,9007600,458317410000,0,0.0
14/06/2019,-5547560,-66715940000,953.61(0.37 %),9999380,507640410000,15546940,574356350000,0,0.0
17/06/2019,854790,88298820000,946.95(-0.70 %),14716517,708490950000,13861727,620192130000,0,0.0
18/06/2019,-91630,-1183950000,944.01(-0.31 %),19593440,687661590000,19685070,688845540000,0,0.0
19/06/2019,1585430,16223690000,949.69(0.60 %),18391890,752185500000,16806460,735961810000,0,0.0
20/06/2019,-1766080,-67391270000,959.18(1.00 %),13906850,521047490000,15672930,588438760000,0,0.0
21/06/2019,-21311710,-366841530000,959.2(0.00 %),56613045,1649188070000,77924755,2016029600000,0,0.0
24/06/2019,-6566820,-105672860000,962.85(0.38 %),10109130,404649430000,16675950,510322290000,0,0.0
25/06/2019,-3620140,-84998590000,960.13(-0.28 %),11822719,529003950000,15442859,614002540000,0,0.0
26/06/2019,2950500,149053670000,959.13(-0.10 %),12924610,593307190000,9974110,444253520000,0,0.0
27/06/2019,-439330,7925620000,943.11(-1.67 %),10459300,459538580000,10898630,451612960000,0,0.0
28/06/2019,2217260,158312240000,949.94(0.72 %),15326197,778740830000,13108937,620428590000,0,0.0
01/07/2019,-4585712,-108521610000,965.61(1.65 %),7389770,435021580000,11975482,543543190000,0,0.0
02/07/2019,-7895860,-48621030000,961.98(-0.38 %),12227526,575699870000,20123386,624320900000,0,0.0
03/07/2019,-10152737,-8985180000,960.39(-0.17 %),22492136,480808370000,32644873,489793550000,0,0.0
04/07/2019,650980,64440900000,973.04(1.32 %),10336846,407990080000,9685866,343549180000,0,0.0
05/07/2019,2303000,88861410000,975.34(0.24 %),11056668,501392200000,8753668,412530790000,0,0.0
08/07/2019,4187440,178858490000,966.35(-0.92 %),14041070,568937000000,9853630,390078510000,0,0.0
09/07/2019,2086748,129721590000,969.05(0.28 %),24331002,1476678380000,22244254,1346956790000,0,0.0
10/07/2019,3180540,181342770000,973.65(0.47 %),12236068,576051900000,9055528,394709130000,0,0.0
11/07/2019,1653780,117327480000,978.63(0.51 %),14086576,502139990000,12432796,384812510000,0,0.0
12/07/2019,6998650,327983270000,975.4(-0.33 %),12630600,587742180000,5631950,259758910000,0,0.0
15/07/2019,-1789440,-647241600,972.53(-0.29 %),5564920,238541169820,7354360,239188411420,0,0.0
16/07/2019,7513913,455791820000,982.11(0.99 %),18051460,940507490000,10537547,484715670000,0,0.0
17/07/2019,948060,209712890000,982.57(0.05 %),10218810,515689870000,9270750,305976980000,0,0.0
18/07/2019,-1149680,83705230000,976.05(-0.66 %),10313663,556362380000,11463343,472657150000,0,0.0
19/07/2019,-1095657,139614770000,982.34(0.64 %),15033543,686360010000,16129200,546745240000,0,0.0
22/07/2019,2908225,159658890000,982.04(-0.03 %),13719835,504844850000,10811610,345185960000,0,0.0
23/07/2019,-2805720,48722290000,989.46(0.76 %),18063553,968993720000,20869273,920271430000,0,0.0
24/07/2019,-2099985,189483340000,988.41(-0.11 %),9554980,552320100000,11654965,362836760000,0,0.0
25/07/2019,-3680774,46590010000,994.95(0.66 %),12022563,535946990000,15703337,489356980000,0,0.0
26/07/2019,328600,68534610000,993.35(-0.16 %),8633320,339617540000,8304720,271082930000,0,0.0
29/07/2019,-2022728,9010190000,997.94(0.46 %),9282212,380027940000,11304940,371017750000,0,0.0
30/07/2019,-3494243,-171077730000,986.02(-1.19 %),7743500,334063770000,11237743,505141500000,0,0.0
31/07/2019,2278430,12101550000,991.66(0.57 %),22299294,1631440580000,20020864,1619339030000,0,0.0
01/08/2019,-4101034,-89781683100,997.39(0.58 %),8395720,364836086300,12496754,454617769400,0,0.0
02/08/2019,-3460423,-184669076200,991.1(-0.63 %),8647740,376361463500,12108163,561030539700,0,0.0
05/08/2019,-5637770,-228057520000,973.15(-1.81 %),8992550,421885770000,14630320,649943290000,0,0.0
06/08/2019,-6101260,-208281950000,964.61(-0.88 %),15620613,1290173340000,21721873,1498455290000,0,0.0
07/08/2019,-8387027,-1873874600000,965.93(0.14 %),10679472,4767353100000,19066499,6641227700000,0,0.0
08/08/2019,-5085830,-100229570000,975.24(0.96 %),37763601,1605434140000,42849431,1705663710000,0,0.0
09/08/2019,-2871432,-58633910000,974.34(-0.09 %),8930328,352588700000,11801760,411222610000,0,0.0
12/08/2019,690610,12327470000,975.31(0.10 %),11852710,493492330000,11162100,481164860000,0,0.0
13/08/2019,-7454240,-295135470000,966.83(-0.87 %),11763640,443424700000,19217880,738560170000,0,0.0
14/08/2019,-5792300,-208892580000,968.91(0.22 %),10062180,398089040000,15854480,606981620000,0,0.0
15/08/2019,-2324200,-64788870000,979.38(1.08 %),5185200,191889780000,7509400,256678650000,0,0.0
16/08/2019,-8832110,-182936610000,980(0.06 %),7635739,323738030000,16467849,506674640000,0,0.0
19/08/2019,6515500,881790810000,981.03(0.11 %),14640690,1190985230000,8125190,309194420000,0,0.0
20/08/2019,-3118295,-79027850000,984.67(0.37 %),8628689,440619050000,11746984,519646900000,0,0.0
21/08/2019,2820403,129378730000,994.38(0.99 %),17224012,669809730000,14403609,540431000000,0,0.0
22/08/2019,-2851680,-68141520000,997.26(0.29 %),7450410,291467870000,10302090,359609390000,0,0.0
23/08/2019,-4791445,-192782920000,992.45(-0.48 %),5835248,279357240000,10626693,472140160000,0,0.0
26/08/2019,-5135394,-114100430000,982.88(-0.96 %),5524940,239056020000,10660334,353156450000,0,0.0
27/08/2019,-815970,-76650690000,976.79(-0.62 %),23989410,763439590000,24805380,840090280000,0,0.0
28/08/2019,1326945,33707610000,977.26(0.05 %),11176701,378025560000,9849756,344317950000,0,0.0
29/08/2019,-1983420,5160460000,978.59(0.14 %),8161609,364080210000,10145029,358919750000,0,0.0
30/08/2019,-302240,31959450000,984.06(0.56 %),13424860,470982650000,13727100,439023200000,0,0.0
03/09/2019,-872275,-1794350000,979.36(-0.48 %),13475791,471594380000,14348066,473388730000,0,0.0
04/09/2019,-4026950,-37034330000,977.63(-0.18 %),12171690,470517640000,16198640,507551970000,0,0.0
05/09/2019,-4512600,-119816670000,976.79(-0.09 %),5841117,287076200000,10353717,406892870000,0,0.0
06/09/2019,3376649,298997730000,974.08(-0.28 %),11038453,539586010000,7661804,240588280000,0,0.0
09/09/2019,1973630,360620570000,974.12(0.00 %),7592650,565393300000,5619020,204772730000,0,0.0
10/09/2019,-1750360,54355578200,970.26(-0.40 %),10457480,429538850180,12207840,375183271980,0,0.0
11/09/2019,-16539,-3066960000,969.31(-0.10 %),8537605,303810420000,8554144,306877380000,0,0.0
12/09/2019,-1569990,-56915120000,976.07(0.70 %),7467110,223849140000,9037100,280764260000,0,0.0
13/09/2019,-279824,-27383380000,987.22(1.14 %),10455150,378489180000,10734974,405872560000,0,0.0
16/09/2019,-2524980,-44634150000,989.86(0.27 %),9894530,518800260000,12419510,563434410000,0,0.0
17/09/2019,-22072910,-181864960000,996.74(0.70 %),17114595,778550090000,39187505,960415050000,0,0.0
18/09/2019,1324900,72553590000,995.15(-0.16 %),23146176,952832790000,21821276,880279200000,0,0.0
19/09/2019,1413380,21765940000,997.1(0.20 %),17899557,536078600000,16486177,514312660000,0,0.0
20/09/2019,-16619310,-352879130000,990.36(-0.68 %),21845410,1441767340000,38464720,1794646470000,0,0.0
23/09/2019,-1552330,12323810000,985.75(-0.47 %),14431706,803937640000,15984036,791613830000,0,0.0
24/09/2019,-1439430,-16235270000,988.13(0.24 %),7159500,360841690000,8598930,377076960000,0,0.0
25/09/2019,-3700860,-71461960000,987.3(-0.08 %),5317810,182040580000,9018670,253502540000,0,0.0
26/09/2019,-3955220,-81124090000,990.75(0.35 %),7517001,294650150000,11472221,375774240000,0,0.0
27/09/2019,-3724230,-10871880000,997.84(0.72 %),15747893,620368770000,19472123,631240650000,0,0.0
30/09/2019,-2087360,-73518970000,996.56(-0.13 %),10083216,341166800000,12170576,414685770000,0,0.0
01/10/2019,-6574880,-136712460000,999.59(0.30 %),12592250,370316950000,19167130,507029410000,0,0.0
02/10/2019,-9856654,-336293310000,991.19(-0.84 %),16570051,512433420000,26426705,848726730000,0,0.0
03/10/2019,-16398704,-199559520000,992.45(0.13 %),8675770,323174000000,25074474,522733520000,0,0.0
04/10/2019,-9049312,-252305670000,987.59(-0.49 %),6834270,253360440000,15883582,505666110000,0,0.0
07/10/2019,-3324700,-45225880000,983.09(-0.46 %),7687360,302105730000,11012060,347331610000,0,0.0
08/10/2019,-768130,-15041040000,988.22(0.52 %),7802490,252283170000,8570620,267324210000,0,0.0
09/10/2019,9960,-6667450000,987.83(-0.04 %),7606987,264048650000,7597027,270716100000,0,0.0
10/10/2019,-2229650,-85542680000,987.38(-0.05 %),8984658,352885330000,11214308,438428010000,0,0.0
11/10/2019,-3405860,-70241419200,991.84(0.45 %),11766230,547756828140,15172090,617998247340,0,0.0
14/10/2019,-598900,22190140000,993.57(0.17 %),9158590,350193800000,9757490,328003660000,0,0.0
15/10/2019,-4994970,-157932360000,993.05(-0.05 %),11003050,475550760000,15998020,633483120000,0,0.0
16/10/2019,-2593850,-76593700000,994.46(0.14 %),11054070,451831270000,13647920,528424970000,0,0.0
17/10/2019,-2138710,-26693280000,989.82(-0.47 %),8529352,377417010000,10668062,404110290000,0,0.0
18/10/2019,-579010,32320090000,989.2(-0.06 %),8926580,347259970000,9505590,314939880000,0,0.0
21/10/2019,-3405860,-70241420000,983.56(-0.57 %),11766230,547756830000,15172090,617998250000,0,0.0
22/10/2019,440590,19494520000,987.19(0.37 %),12288920,467320560000,11848330,447826040000,0,0.0
23/10/2019,-1403140,-7866890800,987.79(0.06 %),14078134,492144681600,15481274,500011572400,0,0.0
24/10/2019,-5653880,-88137590000,993.6(0.59 %),8722230,365048450000,14376110,453186040000,0,0.0
25/10/2019,-1776050,-27067400000,996.57(0.30 %),11083344,401367500000,12859394,428434900000,0,0.0
28/10/2019,888470,14834420000,996.48(-0.01 %),8251500,297963840000,7363030,283129420000,0,0.0
29/10/2019,-2791270,-84668850000,995.87(-0.06 %),8143190,374002540000,10934460,458671390000,0,0.0
30/10/2019,-34070,-59326460000,1000.89(0.50 %),10006000,396775720000,10040070,456102180000,0,0.0
31/10/2019,-1350670,-111062540000,998.82(-0.21 %),16785390,773965680000,18136060,885028220000,0,0.0
01/11/2019,3328950,250782280000,1015.59(1.68 %),18053170,868842730000,14724220,618060450000,0,0.0
04/11/2019,946890,59976600000,1022.43(0.67 %),13281260,605072110000,12334370,545095510000,0,0.0
05/11/2019,3239400,30767280000,1024.34(0.19 %),17914732,779358840000,14675332,748591560000,0,0.0
06/11/2019,243850,-120322570000,1024.91(0.06 %),14546610,549994400000,14302760,670316970000,0,0.0
07/11/2019,5378770,126763390000,1024.03(-0.09 %),17499130,636352550000,12120360,509589160000,0,0.0
08/11/2019,1271750,583270000,1022.49(-0.15 %),12344390,466771230000,11072640,466187960000,0,0.0
11/11/2019,2014910,1667590000,1016.75(-0.56 %),13560020,427949660000,11545110,426282070000,0,0.0
12/11/2019,1989080,-143416340000,1018.33(0.16 %),13218300,417538700000,11229220,560955040000,0,0.0
13/11/2019,-26724800,-763885780000,1012.77(-0.55 %),47812715,1536784790000,74537515,2300670570000,0,0.0
14/11/2019,3312380,51546070000,1012.3(-0.05 %),10878950,310347530000,7566570,258801460000,0,0.0
15/11/2019,-1598000,-172204340000,1010.03(-0.22 %),12975220,1471825280000,14573220,1644029620000,0,0.0
18/11/2019,-1068050,-108218260000,1002.91(-0.70 %),9288900,312621050000,10356950,420839310000,0,0.0
19/11/2019,623600,-32941600000,1008.35(0.54 %),28378948,757906050000,27755348,790847650000,0,0.0
20/11/2019,1336550,-16288300000,1000.56(-0.77 %),14122880,611400820000,12786330,627689120000,0,0.0
21/11/2019,-12127935,-335355270000,987.89(-1.27 %),21848089,763954610000,33976024,1099309880000,0,0.0
22/11/2019,786640,-29269820000,977.78(-1.02 %),25800471,1326292110000,25013831,1355561930000,0,0.0
25/11/2019,586180,-5441010000,976.35(-0.15 %),10474646,335355040000,9888466,340796050000,0,0.0
26/11/2019,-6957851,-202386110000,976.79(0.05 %),23224442,807622180000,30182293,1010008290000,0,0.0
27/11/2019,886650,61412080000,978.17(0.14 %),14867914,422585960000,13981264,361173880000,0,0.0
28/11/2019,-29520,35776370000,970.39(-0.80 %),9832780,384852500000,9862300,349076130000,0,0.0
29/11/2019,3491490,63740910000,970.75(0.04 %),14567505,653768890000,11076015,590027980000,0,0.0
02/12/2019,-1720805,-12965080000,959.31(-1.18 %),11064880,433411070000,12785685,446376150000,0,0.0
03/12/2019,-4701570,-246999690000,953.43(-0.61 %),20828256,721750600000,25529826,968750290000,0,0.0
04/12/2019,-1061960,-204969760000,965.9(1.31 %),21826680,722998050000,22888640,927967810000,0,0.0
05/12/2019,164850,-43532400000,963.27(-0.27 %),10866470,547850150000,10701620,591382550000,0,0.0
06/12/2019,2306040,-43005080000,963.56(0.03 %),10126890,304666630000,7820850,347671710000,0,0.0
09/12/2019,2468280,62152990000,966.06(0.26 %),15627330,533609310000,13159050,471456320000,0,0.0
10/12/2019,-1859450,-152238140000,960.3(-0.60 %),14665801,507975750000,16525251,660213890000,0,0.0
11/12/2019,-5902882,-174448870000,961.78(0.15 %),15305099,512755040000,21207981,687203910000,0,0.0
12/12/2019,-5433540,-172228670000,968.17(0.66 %),14055070,434237420000,19488610,606466090000,0,0.0
13/12/2019,-1802780,-40644100000,966.18(-0.21 %),9513320,346123680000,11316100,386767780000,0,0.0
16/12/2019,4314320,80411550000,961.47(-0.49 %),20528790,674641120000,16214470,594229570000,0,0.0
17/12/2019,-4350590,-43812290000,954.03(-0.77 %),16054996,646526160000,20405586,690338450000,0,0.0
18/12/2019,-3065040,-47600140000,951.13(-0.30 %),17923090,751584710000,20988130,799184850000,0,0.0
19/12/2019,3436670,162511320000,952.26(0.12 %),21082680,799154650000,17646010,636643330000,0,0.0
20/12/2019,-6425980,-348373570000,956.41(0.44 %),21799940,800973440000,28225920,1149347010000,0,0.0
23/12/2019,-1092780,28700530000,959.43(0.32 %),12397730,432867330000,13490510,404166800000,0,0.0
24/12/2019,817510,19241610000,958.88(-0.06 %),11141446,392943210000,10323936,373701600000,0,0.0
25/12/2019,-905140,-11556580000,960.92(0.21 %),4874990,129265030000,5780130,140821610000,0,0.0
26/12/2019,4855560,65348070000,958.59(-0.24 %),13883180,362123130000,9027620,296775060000,0,0.0
27/12/2019,1638880,22882440000,963.51(0.51 %),11593310,385695890000,9954430,362813450000,0,0.0
30/12/2019,2991790,68804470000,965.03(0.16 %),9691230,290253060000,6699440,221448590000,0,0.0
31/12/2019,-3546940,-141740900000,960.99(-0.42 %),9060758,200212530000,12607698,341953430000,0,0.0
02/01/2020,-223310,-38954860000,966.67(0.59 %),5294340,144429910000,5517650,183384770000,0,0.0
03/01/2020,2699100,138645940000,965.14(-0.16 %),11445330,330192440000,8746230,191546500000,0,0.0
06/01/2020,2045020,6276560000,955.79(-0.97 %),10660156,358758810000,8615136,352482250000,0,0.0
07/01/2020,-2025000,-67651250000,958.88(0.32 %),8490733,300341060000,10515733,367992310000,0,0.0
08/01/2020,-12737294,-187727220000,948.98(-1.03 %),55107520,1324528830000,67844814,1512256050000,0,0.0
09/01/2020,1397123,141982550000,960.15(1.18 %),15804910,637336210000,14407787,495353660000,0,0.0
10/01/2020,20948666,1072799450000,968.54(0.87 %),35409986,1635691520000,14461320,562892070000,0,0.0
13/01/2020,1305230,48808590000,965.84(-0.28 %),13093903,519404990000,11788673,470596400000,0,0.0
14/01/2020,10963794,237381970000,967(0.12 %),24396674,737272250000,13432880,499890280000,0,0.0
15/01/2020,-1765280,-43645530000,967.56(0.06 %),10103530,387918410000,11868810,431563940000,0,0.0
16/01/2020,-3313840,29243700000,974.31(0.70 %),12838750,448876700000,16152590,419633000000,0,0.0
17/01/2020,-3992480,26542810000,978.96(0.48 %),10841010,369013280000,14833490,342470470000,0,0.0
20/01/2020,1612050,517327850000,978.63(-0.03 %),12894060,1048036570000,11282010,530708720000,0,0.0
21/01/2020,-962230,2003511800,986.37(0.79 %),14965760,579828678320,15927990,577825166520,0,0.0
22/01/2020,3817210,80115270000,991.46(0.52 %),20874800,781767860000,17057590,701652590000,0,0.0
30/01/2020,-1638710,-165441170000,959.58(-3.22 %),19993910,845435560000,21632620,1010876730000,0,0.0
31/01/2020,-570000,-28538300000,936.62(-2.39 %),12861080,505211810000,13431080,533750110000,0,0.0
03/02/2020,2878690,29658830000,928.14(-0.91 %),18377650,689196530000,15498960,659537700000,0,0.0
04/02/2020,-11956720,-232504440000,929.09(0.10 %),20060490,773208860000,32017210,1005713300000,0,0.0
05/02/2020,-10708180,-205346340000,925.91(-0.34 %),20004938,1061102290000,30713118,1266448630000,0,0.0
06/02/2020,-3048500,-198472770000,938.54(1.36 %),18784879,703885120000,21833379,902357890000,0,0.0
07/02/2020,-5648640,-112569170000,940.75(0.24 %),16520760,724138130000,22169400,836707300000,0,0.0
10/02/2020,1646650,35361300000,930.73(-1.07 %),11523267,381523470000,9876617,346162170000,0,0.0
11/02/2020,-1449250,-42430880000,934.67(0.42 %),12722410,468077020000,14171660,510507900000,0,0.0
12/02/2020,-1935190,-74479070000,937.68(0.32 %),35336110,964217120000,37271300,1038696190000,0,0.0
13/02/2020,-2807010,-103764370000,938.24(0.06 %),21291450,1625946020000,24098460,1729710390000,0,0.0
14/02/2020,-3360220,-107090930000,937.45(-0.08 %),26008780,866276440000,29369000,973367370000,0,0.0
17/02/2020,-3535620,-125670190000,934.77(-0.29 %),8139940,320736170000,11675560,446406360000,0,0.0
18/02/2020,-8619080,-279694970000,927.93(-0.73 %),13242944,444227340000,21862024,723922310000,0,0.0
19/02/2020,-8245577,-494086260000,928.76(0.09 %),18531480,1087975930000,26777057,1582062190000,0,0.0
20/02/2020,-11708500,-272467280000,938.13(1.01 %),7993890,280885820000,19702390,553353100000,0,0.0
21/02/2020,-3521140,-339149760000,933.09(-0.54 %),8975095,609823720000,12496235,948973480000,0,0.0
24/02/2020,-11834523,467660000,903.34(-3.19 %),17774723,772805280000,29609246,772337620000,0,0.0
25/02/2020,-10138087,-108998920000,909.67(0.70 %),17845890,613900610000,27983977,722899530000,0,0.0
26/02/2020,-6078900,-227475000000,895.97(-1.51 %),8322180,339044090000,14401080,566519090000,0,0.0
27/02/2020,-8296080,-282513161920,898.44(0.28 %),13800879,633570441580,22096959,916083603500,0,0.0
28/02/2020,-12531182,-339452030000,882.19(-1.81 %),17183925,1133461750000,29715107,1472913780000,0,0.0
02/03/2020,-12902210,-330474040000,884.43(0.25 %),7191670,314815077320,20093880,645289117320,0,0.0
03/03/2020,-11970700,-296456240000,890.61(0.70 %),13408836,555711730000,25379536,852167970000,0,0.0
04/03/2020,-12935550,-389068340000,889.37(-0.14 %),10076760,504202410000,23012310,893270750000,0,0.0
05/03/2020,-1429520,-8649260000,893.31(0.44 %),13080130,427650100000,14509650,436299360000,0,0.0
06/03/2020,-1091640,-21568170000,891.44(-0.21 %),15163990,452784940000,16255630,474353110000,0,0.0
09/03/2020,-4315040,-220991310000,835.49(-6.28 %),17040353,579622420000,21355393,800613730000,0,0.0
10/03/2020,-9777520,-277593850000,837.5(0.24 %),13341670,534038610000,23119190,811632460000,0,0.0
11/03/2020,-11519420,-196978290000,811.35(-3.12 %),12630360,615894000000,24149780,812872290000,0,0.0
12/03/2020,-13812100,-426202550000,769.25(-5.19 %),16469619,643165190000,30281719,1069367740000,0,0.0
13/03/2020,-25489300,-655151650000,761.78(-0.97 %),16330330,526594360000,41819630,1181746010000,0,0.0
16/03/2020,-13775284,-384481570000,747.86(-1.83 %),33631030,822471100000,47406314,1206952670000,0,0.0
17/03/2020,-20809140,-514731730000,745.78(-0.28 %),9515603,292421710000,30324743,807153440000,0,0.0
18/03/2020,-26107360,-554684570000,747.66(0.25 %),15134730,432262170000,41242090,986946740000,0,0.0
19/03/2020,-22709670,-621515890000,725.94(-2.91 %),9884920,382396370000,32594590,1003912260000,0,0.0
20/03/2020,-39771750,-923077550000,709.73(-2.23 %),19288140,689159830000,59059890,1612237380000,0,0.0
23/03/2020,-16382820,-378022820000,666.59(-6.08 %),14068420,493213650000,30451240,871236470000,0,0.0
24/03/2020,-30026480,-660165690000,659.21(-1.11 %),9973476,366324320000,39999956,1026490010000,0,0.0
25/03/2020,-13346310,-325109710000,690.25(4.71 %),24740440,620692400000,38086750,945802110000,0,0.0
26/03/2020,-3258100,-44075830000,694.21(0.57 %),21718900,823655270000,24977000,867731100000,0,0.0
27/03/2020,-177330,55335130000,696.06(0.27 %),22390070,648450850000,22567400,593115720000,0,0.0
30/03/2020,-5535070,-164452080000,662.26(-4.86 %),16841210,525099620000,22376280,689551700000,0,0.0
31/03/2020,-15889770,-399596190000,662.53(0.04 %),12271820,330745690000,28161590,730341880000,0,0.0
01/04/2020,-8982790,-126736190000,680.23(2.67 %),18186490,385305500000,27169280,512041690000,0,0.0
03/04/2020,-23069470,-369818730000,701.8(3.17 %),11030642,349952160000,34100112,719770890000,0,0.0
06/04/2020,-20839807,-644641160000,736.75(4.98 %),12380910,230545400000,33220717,875186560000,0,0.0
07/04/2020,-12145560,-349337800000,746.69(1.35 %),16767410,559466240000,28912970,908804040000,0,0.0
08/04/2020,-17689870,-216603020000,748.02(0.18 %),21017440,562778180000,38707310,779381200000,0,0.0
09/04/2020,-15528030,-290637030000,760.33(1.65 %),17253845,502748720000,32781875,793385750000,0,0.0
10/04/2020,-4861750,-60315800000,757.94(-0.31 %),13168033,425979220000,18029783,486295020000,0,0.0
13/04/2020,-5398253,-241755580000,765.79(1.04 %),22039645,534316710000,27437898,776072290000,0,0.0
14/04/2020,-8734760,-160911240000,767.41(0.21 %),17861620,418333420000,26596380,579244660000,0,0.0
15/04/2020,-4395520,-184970670000,777.22(1.28 %),14007490,358281690000,18403010,543252360000,0,0.0
16/04/2020,-4516716,-177642960000,780.7(0.45 %),19554320,507907080000,24071036,685550040000,0,0.0
17/04/2020,-15036870,-396005020000,789.6(1.14 %),17553260,553204660000,32590130,949209680000,0,0.0
20/04/2020,-14839660,-344817790000,794.97(0.68 %),16564730,398940480000,31404390,743758270000,0,0.0
21/04/2020,-9688060,-178797670000,766.84(-3.54 %),20050951,862669020000,29739011,1041466690000,0,0.0
22/04/2020,-10254430,-309410660000,768.92(0.27 %),18854770,512284620000,29109200,821695280000,0,0.0
23/04/2020,-10466210,-304670650000,773.91(0.65 %),13850440,291178680000,24316650,595849330000,0,0.0
24/04/2020,-12146250,-341615460000,776.66(0.36 %),11814200,333192530000,23960450,674807990000,0,0.0
27/04/2020,-21631960,-461439950000,770.77(-0.76 %),7307370,217021900000,28939330,678461850000,0,0.0
28/04/2020,-16081770,-395907450000,767.21(-0.46 %),10488350,291099580000,26570120,687007030000,0,0.0
04/05/2020,-11746530,-87418000000,762.47(-0.86 %),14005596,509068920000,25752126,596486920000,0,0.0
05/05/2020,-9500390,-111525350000,764.16(0.22 %),12229260,535482100000,21729650,647007450000,0,0.0
06/05/2020,-48050938,-2380616620000,782.59(2.41 %),18019800,634204160000,66070738,3014820780000,0,0.0
07/05/2020,-8537250,-117904840000,796.54(1.78 %),13947300,580329680000,22484550,698234520000,0,0.0
08/05/2020,-291773,54961870000,813.73(2.16 %),28765810,895938830000,29057583,840976960000,0,0.0
11/05/2020,-28171075,-429304190000,828.33(1.79 %),16988900,572345450000,45159975,1001649640000,0,0.0
12/05/2020,-1791832,115237470000,835.32(0.84 %),19946240,678821290000,21738072,563583820000,0,0.0
13/05/2020,-4835886,8764300000,834.21(-0.13 %),17398260,726510070000,22234146,717745770000,0,0.0
14/05/2020,33405057,2325579240000,832.4(-0.22 %),59323002,3033700200000,25917945,708120960000,0,0.0
15/05/2020,-10193020,-143964320000,827.03(-0.65 %),12775346,631230820000,22968366,775195140000,0,0.0
18/05/2020,-7641310,-120041100000,837.01(1.21 %),15759840,520551700000,23401150,640592800000,0,0.0
19/05/2020,-7346009,-142716000000,845.92(1.06 %),34028590,1949742470000,41374599,2092458470000,0,0.0
20/05/2020,-5571990,48747700000,852.91(0.83 %),14401350,549910210000,19973340,501162510000,0,0.0
21/05/2020,-8021704,-98139080000,862.73(1.15 %),12721760,505028730000,20743464,603167810000,0,0.0
22/05/2020,-3528833,37063480000,852.74(-1.16 %),20129260,667924460000,23658093,630860980000,0,0.0
25/05/2020,-4808220,-45556730000,859.04(0.74 %),15507630,828481940000,20315850,874038670000,0,0.0
26/05/2020,-3558000,-42424620000,869.13(1.17 %),12708210,452646360000,16266210,495070980000,0,0.0
27/05/2020,-9122340,-115139970000,857.48(-1.34 %),13553440,469354070000,22675780,584494040000,0,0.0
28/05/2020,5409223,268834930000,861.39(0.46 %),21868100,692831920000,16458877,423996990000,0,0.0
29/05/2020,-17038300,-159506848800,864.47(0.36 %),17304040,648504279570,34342340,808011128370,0,0.0
01/06/2020,650090,31408540000,878.67(1.12 %),16259760,511144020000,15609670,479735480000,0,0.0
02/06/2020,-4272850,43494020000,874.8(-0.44 %),22546910,721165460000,26819760,677671440000,0,0.0
03/06/2020,-303390,63690490000,881.17(0.73 %),17277650,603543140000,17581040,539852650000,0,0.0
04/06/2020,-3121147,-24195680000,883.9(0.31 %),19220220,597922950000,22341367,622118630000,0,0.0
05/06/2020,-4225440,-41245860000,886.22(0.26 %),17736078,503735860000,21961518,544981720000,0,0.0
08/06/2020,-451430,172269050000,899.92(1.55 %),20615786,636535460000,21067216,464266410000,0,0.0
09/06/2020,-8054530,-300262120000,899.43(-0.05 %),15005999,395751090000,23060529,696013210000,0,0.0
10/06/2020,-4241135,48801400000,900.68(-0.27 %),26727220,883761830000,30968355,834960430000,0,0.0
11/06/2020,-6644560,124233590000,867.37(-3.70 %),23590960,801169520000,30235520,676935930000,0,0.0
12/06/2020,-5840501,-247254652600,863.52(-0.44 %),22484110,583767194380,28324611,831021846980,0,0.0
15/06/2020,190670556,14854057699000,832.47(-3.60 %),219034756,15563780207100,28364200,709722508100,0,0.0
16/06/2020,768790,51272200000,856.13(2.84 %),24142380,687185920000,23373590,635913720000,0,0.0
17/06/2020,-72390,72813600000,854.44(-0.20 %),11952200,429153960000,12024590,356340360000,0,0.0
18/06/2020,-2007690,-130940850000,855.27(0.10 %),17178210,613257770000,19185900,744198620000,0,0.0
19/06/2020,-2228345,-77857060000,868.56(1.55 %),27300744,1029505010000,29529089,1107362070000,0,0.0
22/06/2020,-3780318,-21688190000,871.28(0.31 %),10945965,480906520000,14726283,502594710000,0,0.0
23/06/2020,-5028002,-129386570000,868.2(-0.35 %),17842590,593661940000,22870592,723048510000,0,0.0
24/06/2020,-932370,3347370000,859.71(-0.98 %),12273730,431629020000,13206100,428281650000,0,0.0
25/06/2020,289830,-69601580000,854.59(-0.60 %),14119430,314150100000,13829600,383751680000,0,0.0
26/06/2020,-7537760,-19361610000,851.98(-0.31 %),12531200,438565580000,20068960,457927190000,0,0.0
29/06/2020,-5702855,-168086560000,829.36(-2.65 %),14068940,356995430000,19771795,525081990000,0,0.0
30/06/2020,-3634976,-65039510000,825.11(-0.51 %),14031130,383555830000,17666106,448595340000,0,0.0
01/07/2020,3797310,138549700000,843.49(2.23 %),34828532,990350880000,31031222,851801180000,0,0.0
02/07/2020,-9300910,-181361650000,842.38(-0.13 %),12445180,529512850000,21746090,710874500000,0,0.0
03/07/2020,479350,171701000000,847.61(0.62 %),16321616,568242880000,15842266,396541880000,0,0.0
06/07/2020,-2364483,14044790000,861.16(1.60 %),16513958,680493420000,18878441,666448630000,0,0.0
07/07/2020,-451130,58227240000,863.42(0.26 %),24208899,861553030000,24660029,803325790000,0,0.0
08/07/2020,-9262746,-313152960000,864.5(0.13 %),10367288,386230370000,19630034,699383330000,0,0.0
09/07/2020,-4209530,-159570260000,876.46(1.38 %),17945968,729282300000,22155498,888852560000,0,0.0
10/07/2020,-6485870,-160883450000,871.21(-0.60 %),21825904,803716880000,28311774,964600330000,0,0.0
13/07/2020,-7368210,-82807730000,868.72(-0.29 %),18490142,560725870000,25858352,643533600000,0,0.0
14/07/2020,-5117118,-72155120000,868.11(-0.07 %),7944634,282369060000,13061752,354524180000,0,0.0
15/07/2020,-6445000,-138217670000,869.91(0.21 %),11524690,538638250000,17969690,676855920000,0,0.0
16/07/2020,-4589670,-57846160000,876.83(0.80 %),13258189,536992870000,17847859,594839030000,0,0.0
17/07/2020,1371320,-1454810000,872.02(-0.55 %),10884220,304409990000,9512900,305864800000,0,0.0
20/07/2020,-10752980,-237766560000,861.4(-1.22 %),9318250,329588480000,20071230,567355040000,0,0.0
21/07/2020,-11834530,-303422800000,861.69(0.03 %),16146240,575393200000,27980770,878816000000,0,0.0
22/07/2020,-5478940,-148008830000,855.08(-0.77 %),10839770,363846980000,16318710,511855810000,0,0.0
23/07/2020,-6198550,-105993950000,856.75(0.20 %),10627070,409838460000,16825620,515832410000,0,0.0
24/07/2020,7549620,226099009200,829.16(-3.22 %),24344220,675468457420,16794600,449369448220,0,0.0
27/07/2020,17213570,266633940000,785.17(-5.31 %),28796188,716815170000,11582618,450181230000,0,0.0
28/07/2020,11275500,196466950000,813.36(3.59 %),24471350,631527180000,13195850,435060230000,0,0.0
29/07/2020,9093276,225476880000,790.84(-2.77 %),22897136,618438770000,13803860,392961890000,0,0.0
30/07/2020,-1663785,9625160000,801.13(1.30 %),13526141,471591160000,15189926,461966000000,0,0.0
31/07/2020,-4903990,-130492920000,798.39(-0.34 %),15788880,449556820000,20692870,580049740000,0,0.0
03/08/2020,4640010,12386080000,814.65(2.04 %),15703350,385540690000,11063340,373154610000,0,0.0
04/08/2020,-4449510,-115443860000,827.57(1.59 %),13854069,410527940000,18303579,525971800000,0,0.0
05/08/2020,608550,-1173910000,837.8(1.24 %),17364810,529882130000,16756260,531056040000,0,0.0
06/08/2020,-1195610,6186740000,840.04(0.27 %),13278500,372968620000,14474110,366781880000,0,0.0
07/08/2020,-5473030,-97930710000,841.46(0.17 %),10493950,362971010000,15966980,460901720000,0,0.0
10/08/2020,-4442114,-203171440000,843.2(0.21 %),14605984,370063350000,19048098,573234790000,0,0.0
11/08/2020,-7646460,-125376510000,843.08(-0.01 %),14042880,465640350000,21689340,591016860000,0,0.0
12/08/2020,-8602730,-96665190000,846.92(0.46 %),11008930,360434250000,19611660,457099440000,0,0.0
13/08/2020,-7085510,-135044250000,855.05(0.96 %),11354030,439433510000,18439540,574477760000,0,0.0
14/08/2020,-14371820,-212792260000,850.74(-0.50 %),7816480,276956940000,22188300,489749200000,0,0.0
17/08/2020,-3559720,-83797130000,850.15(-0.07 %),4219430,127520790000,7779150,211317920000,0,0.0
18/08/2020,-5820440,-286695200000,846.43(-0.44 %),10616200,269475210000,16436640,556170410000,0,0.0
19/08/2020,338450,-16823170000,851.21(0.56 %),10706590,291920740000,10368140,308743910000,0,0.0
20/08/2020,10333220,1436720190000,848.21(-0.35 %),35172460,2128021380000,24839240,691301190000,0,0.0
21/08/2020,-5136078,-263799440000,854.78(0.77 %),13995571,395254060000,19131649,659053500000,0,0.0
24/08/2020,-10231250,-414945910000,868.68(1.63 %),18691151,595905660000,28922401,1010851570000,0,0.0
25/08/2020,-13064410,-485450530000,874.12(0.63 %),9620930,319942230000,22685340,805392760000,0,0.0
26/08/2020,-11848760,-369968550000,873.47(-0.07 %),15175640,555197680000,27024400,925166230000,0,0.0
27/08/2020,-8942947,-355669690000,874.71(0.14 %),14690950,580508230000,23633897,936177920000,0,0.0
28/08/2020,-46216228,-1257978730000,878.98(0.49 %),11993350,504933600000,58209578,1762912330000,0,0.0
31/08/2020,-13992329,-287048550000,881.65(0.30 %),12581590,472655380000,26573919,759703930000,0,0.0
01/09/2020,-3087512,-200125700000,891.73(1.06 %),20988374,589894970000,24075886,790020670000,0,0.0
03/09/2020,11427566,356860810000,903.97(1.37 %),43734993,1383608840000,32307427,1026748030000,0,0.0
04/09/2020,133270,-14613030000,901.54(-0.27 %),29280790,1108834680000,29147520,1123447710000,0,0.0
08/09/2020,-7632097,-411046640000,890.14(0.21 %),15804943,520051770000,23437040,931098410000,0,0.0
09/09/2020,-5100200,-190550290000,889.32(-0.09 %),15615880,411699380000,20716080,602249670000,0,0.0
10/09/2020,50986456,4740882210000,888.82(-0.06 %),79734646,5677617710000,28748190,936735500000,0,0.0
11/09/2020,-13513690,-346879130000,888.97(0.02 %),16342530,546800380000,29856220,893679510000,0,0.0
14/09/2020,-15020126,-441391530000,894.57(0.63 %),14031210,397847910000,29051336,839239440000,0,0.0
15/09/2020,-9654655,-387467230000,896.26(0.19 %),14096320,434968210000,23750975,822435440000,0,0.0
16/09/2020,-7021630,-164372160000,897.47(0.14 %),8324410,235139290000,15346040,399511450000,0,0.0
17/09/2020,-6085940,-150159600000,894.04(-0.38 %),19733650,586971190000,25819590,737130790000,0,0.0
18/09/2020,-5525020,-107243280000,900.95(0.77 %),23109750,782296950000,28634770,889540230000,0,0.0
21/09/2020,-543040,90197110000,907.94(0.78 %),18054260,652069310000,18597300,561872200000,0,0.0
22/09/2020,1007160,36087350000,906.19(-0.19 %),15955740,496657280000,14948580,460569930000,0,0.0
23/09/2020,-24500,71138570000,912.5(0.70 %),18442027,546449600000,18466527,475311030000,0,0.0
24/09/2020,-3134130,-124651610000,908.58(-0.43 %),18581080,474001230000,21715210,598652840000,0,0.0
25/09/2020,-8654670,-161260120000,908.27(-0.03 %),8617910,273939860000,17272580,435199980000,0,0.0
28/09/2020,-9084970,-394795910000,912.5(0.47 %),15965380,373539620000,25050350,768335530000,0,0.0
29/09/2020,-19437654,-610234530000,903.98(-0.93 %),19561240,514956400000,38998894,1125190930000,0,0.0
30/09/2020,-6131430,-263035520000,905.21(0.14 %),9877222,236223520000,16008652,499259040000,0,0.0
01/10/2020,-9591638,-263415250000,914.09(0.44 %),8480340,302508840000,18071978,565924090000,0,0.0
02/10/2020,-12776170,-278450540000,909.91(-0.46 %),11422940,328241680000,24199110,606692220000,0,0.0
05/10/2020,-5060321,-233000320000,914.68(0.52 %),22650330,497648370000,27710651,730648690000,0,0.0
06/10/2020,1276132,-83229240000,915.67(0.11 %),23365320,761162400000,22089188,844391640000,0,0.0
07/10/2020,-6155997,-174767850000,919.72(0.44 %),15680630,452210280000,21836627,626978130000,0,0.0
08/10/2020,-5958490,-98428160000,918.84(-0.10 %),23134112,657779470000,29092602,756207630000,0,0.0
09/10/2020,-226857,-29707320000,924(0.56 %),17366180,451270440000,17593037,480977760000,0,0.0
12/10/2020,-13037806,-368473840000,925.83(0.20 %),16195670,486379240000,29233476,854853080000,0,0.0
13/10/2020,147900,-28645650000,929.86(0.44 %),14841711,507492390000,14693811,536138040000,0,0.0
14/10/2020,-18997150,-545797270000,940.18(1.11 %),66183391,5971532480000,85180541,6517329750000,0,0.0
15/10/2020,-8097270,-267104820000,942.76(0.27 %),31014147,1094740830000,39111417,1361845650000,0,0.0
16/10/2020,-11029230,-383126170000,943.3(0.06 %),28796480,849680440000,39825710,1232806610000,0,0.0
19/10/2020,-9744290,-354710480000,943.69(0.04 %),20969803,711418120000,30714093,1066128600000,0,0.0
20/10/2020,-32249224,-877492030000,944.42(0.08 %),25829137,753907670000,58078361,1631399700000,0,0.0
21/10/2020,-8745820,-361139670000,939.03(-0.57 %),22941160,609789740000,31686980,970929410000,0,0.0
22/10/2020,-13507790,-614830370000,949.9(1.16 %),27992051,547156480000,41499841,1161986850000,0,0.0
23/10/2020,-8841840,-252289760000,961.26(1.20 %),45388707,1173233320000,54230547,1425523080000,0,0.0
26/10/2020,-217288170,-8825250292030,950.8(-1.09 %),170323890,6076960134640,387612060,14902210426670,0,0.0
27/10/2020,-2730930,-184697540000,946.47(-0.46 %),34838651,936800210000,37569581,1121497750000,0,0.0
28/10/2020,-9616520,-497585060000,921.05(-2.69 %),22920589,692338440000,32537109,1189923500000,0,0.0
29/10/2020,963890,-334740380000,919.08(-0.21 %),19895090,588547460000,18931200,923287840000,0,0.0
30/10/2020,-14288020,-567483680000,925.47(0.70 %),16194510,598564900000,30482530,1166048580000,0,0.0
02/11/2020,-13767980,-511323370000,933.68(0.89 %),9990680,321656430000,23758660,832979800000,0,0.0
03/11/2020,-14963420,-653475090000,935.41(0.19 %),11035189,386961590000,25998609,1040436680000,0,0.0
04/11/2020,-18173743,-625814300000,939.76(0.47 %),10463670,319712580000,28637413,945526880000,0,0.0
05/11/2020,-1553600,13361030000,937.75(-0.21 %),14066964,582058970000,15620564,568697940000,0,0.0
06/11/2020,-6820980,-154208660000,938.29(0.06 %),11659830,460386260000,18480810,614594920000,0,0.0
09/11/2020,-6308500,-231731660000,951.99(1.46 %),21171510,760968890000,27480010,992700550000,0,0.0
10/11/2020,-21720662,-753706990000,951.9(-0.01 %),19274175,659886960000,40994837,1413593950000,0,0.0
11/11/2020,-16618440,-586159970000,952.22(0.03 %),19595660,623864320000,36214100,1210024290000,0,0.0
12/11/2020,-4069989,-125991760000,959.28(0.74 %),14584120,430512370000,18654109,556504130000,0,0.0
13/11/2020,424400,216276990000,966.29(0.73 %),20807780,869335680000,20383380,653058690000,0,0.0
16/11/2020,-12377700,-415350870000,950.79(-1.60 %),20754521,706636940000,33132221,1121987810000,0,0.0
17/11/2020,-6259239,-127474940000,968.9(1.90 %),25042402,740419190000,31301641,867894130000,0,0.0
18/11/2020,4497420,479899440000,973.53(0.48 %),22921060,1009576670000,18423640,529677230000,0,0.0
20/11/2020,-472480,94183110000,990(0.69 %),21355990,731200660000,21828470,637017550000,0,0.0
23/11/2020,-1022850,160325580000,994.19(0.42 %),23517060,985436900000,24539910,825111320000,0,0.0
24/11/2020,1177588,126967160000,995.76(0.16 %),29086324,933124270000,27908736,806157110000,0,0.0
25/11/2020,-5702234,-163197940000,999.94(0.42 %),22283880,664965270000,27986114,828163210000,0,0.0
26/11/2020,-18183600,-528730350000,1005.97(0.60 %),21896922,662129690000,40080522,1190860040000,0,0.0
27/11/2020,-8197667,-151389509200,1010.22(0.42 %),32863631,1251840939660,41061298,1403230448860,0,0.0
30/11/2020,-8842584,-165123370000,1003.08(-0.71 %),24633750,1050404610000,33476334,1215527980000,0,0.0
01/12/2020,7758180,220268880000,1008.87(2.04 %),32709100,1059772160000,24950920,839503280000,0,0.0
02/12/2020,-60645754,-1020030390000,1014.32(0.54 %),33878930,1152768010000,94524684,2172798400000,0,0.0
03/12/2020,13420540,418068010000,1019.8(0.54 %),35918000,1143416980000,22497460,725348970000,0,0.0
04/12/2020,-3859826,-57316080000,1021.49(0.17 %),28453550,914496870000,32313376,971812950000,0,0.0
07/12/2020,5684900,206701250000,1029.98(0.83 %),24811760,796834980000,19126860,590133730000,0,0.0
08/12/2020,-5125540,-137694260000,1029.26(-0.07 %),22694830,729813220000,27820370,867507480000,0,0.0
09/12/2020,-1014500,39243750000,1039.13(0.96 %),23050540,824874040000,24065040,785630290000,0,0.0
10/12/2020,-3557984,97726400000,1030.91(-0.79 %),30162150,1193291290000,33720134,1095564890000,0,0.0
11/12/2020,-413463,473693540000,1045.96(1.46 %),26964267,1336617880000,27377730,862924340000,0,0.0
14/12/2020,-25545434,-643219040000,1064.09(1.73 %),27527200,1095214810000,53072634,1738433850000,0,0.0
15/12/2020,-29948804,-1020874290000,1055.27(-0.83 %),22724290,872130240000,52673094,1893004530000,0,0.0
16/12/2020,-13014815,-301043110000,1066.99(1.11 %),20329140,773159290000,33343955,1074202400000,0,0.0
17/12/2020,-26190140,-848038630000,1051.77(-1.43 %),19492210,769390930000,45682350,1617429560000,0,0.0
18/12/2020,1061890,9344670000,1067.46(1.49 %),41184540,1511102110000,40122650,1501757440000,0,0.0
21/12/2020,-4731190,39575350000,1081.08(1.28 %),23026340,812509300000,27757530,772933950000,0,0.0
22/12/2020,-6116830,-99943970000,1083.45(0.22 %),23521010,743280020000,29637840,843223990000,0,0.0
23/12/2020,-13016603,-188870540000,1078.9(-0.42 %),24578003,941845020000,37594606,1130715560000,0,0.0
24/12/2020,-5109532,-87954840000,1067.52(-1.05 %),19093030,657981220000,24202562,745936060000,0,0.0
25/12/2020,-3502590,-238643810000,1084.42(1.58 %),13924720,310650530000,17427310,549294340000,0,0.0
28/12/2020,-14021260,-430789500000,1091.33(2.23 %),19878890,632354800000,33900150,1063144300000,0,0.0
29/12/2020,-5809660,-390128940000,1099.49(0.75 %),22988220,749334250000,28797880,1139463190000,0,0.0
30/12/2020,-8027120,-318320440000,1097.54(-0.18 %),19024340,678043710000,27051460,996364150000,0,0.0
31/12/2020,6457240,139736276800,1103.87(0.58 %),16613980,474340712300,10156740,334604435500,0,0.0
04/01/2021,-11253934,-383690303800,1120.47(1.50 %),20342090,758053504400,31596024,1141743808200,0,0.0
05/01/2021,10399070,495433509000,1132.55(1.08 %),38290100,1459290910700,27891030,963857401700,0,0.0
06/01/2021,2424300,200027781000,1143.21(0.94 %),41385900,1844520292000,38961600,1644492511000,0,0.0
07/01/2021,-4743200,-366902450000,1156.49(1.16 %),35607000,1162697520000,40350200,1529599970000,0,0.0
08/01/2021,-9796093,-386534100000,1167.69(0.97 %),31312260,1158535540000,41108353,1545069640000,0,0.0
11/01/2021,-20692400,-437310500000,1184.89(1.47 %),34307700,1323370150000,55000100,1760680650000,0,0.0
12/01/2021,-14407782,-435293280000,1192.28(0.62 %),28958960,1194395970000,43366742,1629689250000,0,0.0
13/01/2021,-16041190,-538659020000,1186.05(-0.52 %),30576014,1295329660000,46617204,1833988680000,0,0.0
14/01/2021,20143970,862744840000,1187.4(0.11 %),53854700,2264751630000,33710730,1402006790000,0,0.0
15/01/2021,-27098733,-2154540030000,1194.2(0.57 %),30697175,1034938800000,57795908,3189478830000,0,0.0
18/01/2021,-22269800,-736024250000,1191.94(-0.19 %),26589100,1117325600000,48858900,1853349850000,0,0.0
19/01/2021,1345500,104690270000,1131(-5.11 %),57583448,2395190020000,56237948,2290499750000,0,0.0
20/01/2021,58728,68943150000,1134.68(0.33 %),53573660,2150278450000,53514932,2081335300000,0,0.0
21/01/2021,-6018200,-242737590000,1164.21(2.60 %),30924800,1191053110000,36943000,1433790700000,0,0.0
22/01/2021,-7988100,-237408690000,1166.78(0.22 %),37115500,1534141420000,45103600,1771550110000,0,0.0
25/01/2021,-13740358,-537528380000,1166.05(-0.06 %),29526300,1034480710000,43266658,1572009090000,0,0.0
26/01/2021,-10269200,-296022380000,1136.12(-2.57 %),23914200,914976350000,34183400,1210998730000,0,0.0
27/01/2021,1354700,19526120000,1097.17(-3.43 %),37273500,1381077310000,35918800,1361551190000,0,0.0
28/01/2021,18593390,470135710000,1023.94(-6.67 %),59726349,2616671790000,41132959,2146536080000,0,0.0
29/01/2021,20714600,1093299890000,1056.61(3.19 %),63253690,2596272350000,42539090,1502972460000,0,0.0
01/02/2021,2939400,122292210000,1035.51(-2.00 %),44466000,1603619710000,41526600,1481327500000,0,0.0
02/02/2021,-1566500,93095590000,1075.53(3.86 %),46754700,1753450440000,48321200,1660354850000,0,0.0
03/02/2021,-13048335,744394200000,1111.29(3.32 %),42659000,2339191440000,55707335,1594797240000,0,0.0
04/02/2021,-21336410,-107332980000,1112.19(0.08 %),29549100,1368759570000,50885510,1476092550000,0,0.0
05/02/2021,1504508,163651920000,1126.91(1.32 %),33149473,1487544220000,31644965,1323892300000,0,0.0
08/02/2021,-47242500,-1524727403000,1083.18(-3.88 %),23652500,1185177768800,70895000,2709905171800,0,0.0
09/02/2021,-16763570,-558475070000,1114.93(2.54 %),35831200,1549237410000,52594770,2107712480000,0,0.0
17/02/2021,15974300,599821560000,1155.78(3.66 %),36463006,1506887030000,20488706,907065470000,0,0.0
18/02/2021,-339660,459691620000,1174.38(1.61 %),36366271,1744647490000,36705931,1284955870000,0,0.0
19/02/2021,-8287896,-69846010000,1173.5(-0.07 %),23931940,1216901520000,32219836,1286747530000,0,0.0
22/02/2021,-19918840,-617816850000,1175.04(0.13 %),16474100,803275790000,36392940,1421092640000,0,0.0
23/02/2021,-39960126,-619895000000,1177.64(0.22 %),35719014,822596440000,75679140,1442491440000,0,0.0
24/02/2021,-20076700,-688324610000,1162.01(-1.33 %),14441530,643920000000,34518230,1332244610000,0,0.0
25/02/2021,-12433500,-475766950000,1165.43(0.29 %),16265400,729143950000,28698900,1204910900000,0,0.0
26/02/2021,-13430255,-474229820000,1168.47(0.26 %),24139891,1106542640000,37570146,1580772460000,0,0.0
01/03/2021,-905400,-213637620000,1186.17(1.51 %),36560300,1346727050000,37465700,1560364670000,0,0.0
02/03/2021,-22023194,-759078470000,1186.61(0.04 %),20813320,950112450000,42836514,1709190920000,0,0.0
03/03/2021,-12449460,-491496000000,1186.95(0.03 %),24734607,1254041480000,37184067,1745537480000,0,0.0
04/03/2021,-7874000,-283347780000,1168.52(-1.55 %),25577400,1136657370000,33451400,1420005150000,0,0.0
05/03/2021,-44163200,-1628104540000,1168.69(0.01 %),24168350,2204962600000,68331550,3833067140000,0,0.0
08/03/2021,-33453800,-1223582410000,1168.27(-0.04 %),18959362,811380250000,52413162,2034962660000,0,0.0
09/03/2021,-37161900,-1223096080000,1161.97(-0.54 %),18049203,903403840000,55211103,2126499920000,0,0.0
10/03/2021,-13102550,-478194610000,1170.08(0.70 %),125733300,4182366360000,138835850,4660560970000,0,0.0
11/03/2021,-8446770,-387549730000,1181.73(1.00 %),21330000,929873470000,29776770,1317423200000,0,0.0
12/03/2021,-2852494,-262965280000,1181.56(-0.01 %),24333500,1046083670000,27185994,1309048950000,0,0.0
15/03/2021,-9340700,-454531450000,1184.56(0.25 %),18076700,796050010000,27417400,1250581460000,0,0.0
16/03/2021,-8937000,-425949040000,1179.9(-0.39 %),15164280,646261820000,24101280,1072210860000,0,0.0
17/03/2021,-30368800,-1118762130000,1186.09(0.52 %),23155923,1026070150000,53524723,2144832280000,0,0.0
18/03/2021,-10232800,-384388430000,1200.94(1.25 %),22916600,932783370000,33149400,1317171800000,0,0.0
19/03/2021,-30164400,-1154224240000,1194.05(-0.57 %),56906824,2097530590000,87071224,3251754830000,0,0.0
22/03/2021,-7467131,-475474400000,1194.43(0.03 %),43374030,1201911370000,50841161,1677385770000,0,0.0
23/03/2021,-2610700,-338627900000,1183.45(-0.92 %),33253833,946202340000,35864533,1284830240000,0,0.0
24/03/2021,-14780309,-398902830000,1161.81(-1.83 %),19146300,837322610000,33926609,1236225440000,0,0.0
25/03/2021,-8657100,256614720000,1163.1(0.11 %),28478801,1645235560000,37135901,1388620840000,0,0.0
26/03/2021,-7647500,-372179850000,1162.21(-0.08 %),23896800,903524440000,31544300,1275704290000,0,0.0
29/03/2021,-2216500,-201390120000,1175.68(1.16 %),26963500,1140727970000,29180000,1342118090000,0,0.0
30/03/2021,-3556121,-6188594298425,1186.36(0.91 %),120764760,30304091362300,124320881,36492685660725,0,0.0
31/03/2021,-22530770,-5028481460000,1191.44(0.43 %),62974830,22499952961000,85505600,27528434421000,0,0.0
01/04/2021,-2241700,29494990000,1216.1(1.80 %),35444400,1764419620000,37686100,1734924630000,0,0.0
02/04/2021,18863827,678686180000,1224.45(0.69 %),32984127,1266127900000,14120300,587441720000,0,0.0
05/04/2021,-2413900,36056510000,1236.05(0.95 %),31062265,1486101050000,33476165,1450044540000,0,0.0
06/04/2021,-945780,-13803980000,1239.96(0.32 %),27597400,1291614100000,28543180,1305418080000,0,0.0
07/04/2021,-4532600,-153941800000,1242.38(0.20 %),25149000,1227286230000,29681600,1381228030000,0,0.0
08/04/2021,-613500,-16986310000,1234.89(-0.60 %),22182500,1079195390000,22796000,1096181700000,0,0.0
09/04/2021,27800400,2312929990000,1231.66(-0.26 %),57958395,3803651130000,30157995,1490721140000,0,0.0
12/04/2021,-2696300,-270224510000,1252.45(1.69 %),28240900,1386968340000,30937200,1657192850000,0,0.0
13/04/2021,-4135100,127692270000,1248.33(-0.33 %),35101180,2083380630000,39236280,1955688360000,0,0.0
14/04/2021,-21179874,-1210079080000,1255.87(0.60 %),23526900,1180856210000,44706774,2390935290000,0,0.0
15/04/2021,-19210700,-741556940000,1247.25(-0.69 %),23383500,1319523420000,42594200,2061080360000,0,0.0
16/04/2021,-8481970,-554870530000,1238.71(-0.68 %),25852060,1032088160000,34334030,1586958690000,0,0.0
19/04/2021,-14608460,-749358910000,1260.58(1.77 %),27745390,1218967590000,42353850,1968326500000,0,0.0
20/04/2021,-10427598,-588841040000,1268.28(0.61 %),36219554,1833179040000,46647152,2422020080000,0,0.0
22/04/2021,-19460963,-93522910000,1227.82(-3.19 %),31206486,2190794330000,50667449,2284317240000,0,0.0
23/04/2021,14039000,351025260000,1248.53(1.69 %),56886640,3352263600000,42847640,3001238340000,0,0.0
26/04/2021,-11087714,-282749290000,1215.77(-2.62 %),29805100,1856496170000,40892814,2139245460000,0,0.0
27/04/2021,8962100,389008590000,1219.75(0.33 %),38996200,1847884980000,30034100,1458876390000,0,0.0
28/04/2021,10361870,389141990000,1229.55(0.80 %),37326849,1736104150000,26964979,1346962160000,0,0.0
29/04/2021,-3264430,-389825510000,1239.39(0.80 %),31437600,1498062390000,34702030,1887887900000,0,0.0
04/05/2021,-16238469,-681610160000,1242.2(1.65 %),41455541,1889425380000,57694010,2571035540000,0,0.0
05/05/2021,-18107849,-788355220000,1256.43(1.15 %),22008300,874175790000,40116149,1662531010000,0,0.0
06/05/2021,-20681800,-1107743040000,1250.57(-0.47 %),30777900,1287523580000,51459700,2395266620000,0,0.0
07/05/2021,-7282192,-455343950000,1241.81(-0.70 %),33268600,1546909430000,40550792,2002253380000,0,0.0
10/05/2021,7621700,91612920000,1259.58(1.43 %),42711590,1920108930000,35089890,1828496010000,0,0.0
11/05/2021,-472419,-300448950000,1256.04(-0.28 %),34062100,1299050100000,34534519,1599499050000,0,0.0
12/05/2021,-6761100,-539615430000,1269.09(1.04 %),21948410,905395770000,28709510,1445011200000,0,0.0
13/05/2021,-21781416,-1131800380000,1261.99(-0.56 %),22870743,934321360000,44652159,2066121740000,0,0.0
14/05/2021,-34192300,-1654997970000,1266.36(0.35 %),11294130,592554450000,45486430,2247552420000,0,0.0
17/05/2021,-26755385,-1250944790000,1258.7(-0.60 %),22886300,1107066270000,49641685,2358011060000,0,0.0
18/05/2021,-11194600,-657454830000,1252.68(-0.48 %),21282300,1000236610000,32476900,1657691440000,0,0.0
19/05/2021,-7503272,-295169990000,1262.49(0.78 %),28205962,1256404030000,35709234,1551574020000,0,0.0
20/05/2021,-14325965,-528556080000,1278.22(1.25 %),21180422,1135607380000,35506387,1664163460000,0,0.0
21/05/2021,-5997995,-294200690000,1283.93(0.45 %),32985400,2149014890000,38983395,2443215580000,0,0.0
24/05/2021,-5634200,-393303530000,1297.98(1.09 %),21236900,989613410000,26871100,1382916940000,0,0.0
25/05/2021,-289833,-38786657000,1308.58(0.82 %),21677400,1108526929400,21967233,1147313586400,0,0.0
26/05/2021,3747700,87013550000,1316.7(0.62 %),24005800,1047455880000,20258100,960442330000,0,0.0
27/05/2021,734300,102024620000,1303.57(-1.00 %),29949624,1662033580000,29215324,1560008960000,0,0.0
28/05/2021,1291300,-27982500000,1320.46(1.30 %),25310900,1167354570000,24019600,1195337070000,0,0.0
31/05/2021,-36136091,-1596021810000,1328.05(0.57 %),23590706,1253738980000,59726797,2849760790000,0,0.0
01/06/2021,-8686409,-583564280000,1337.78(0.73 %),17827200,796419300000,26513609,1379983580000,0,0.0
02/06/2021,-19090900,-1227113330000,1340.78(0.22 %),27701805,1509534580000,46792705,2736647910000,0,0.0
03/06/2021,-14235800,-1044212180000,1364.28(1.75 %),33083070,1436369580000,47318870,2480581760000,0,0.0
04/06/2021,-26941855,-1621553450000,1374.05(0.72 %),34240100,1527165850000,61181955,3148719300000,0,0.0
07/06/2021,-15443800,-689399010000,1358.78(-1.11 %),30421600,1449915330000,45865400,2139314340000,0,0.0
08/06/2021,-10755938,-416307980000,1319.88(-2.86 %),33983100,1709272210000,44739038,2125580190000,0,0.0
09/06/2021,-20028308,-672647780000,1332.9(0.99 %),36460300,1557356890000,56488608,2230004670000,0,0.0
10/06/2021,-995300,221331870000,1323.58(-0.70 %),38316122,1995981530000,39311422,1774649660000,0,0.0
11/06/2021,7809500,555494240000,1351.74(2.13 %),38630933,1818529630000,30821433,1263035390000,0,0.0
14/06/2021,1405430,133684390000,1361.72(0.74 %),34729766,1659214180000,33324336,1525529790000,0,0.0
15/06/2021,103500,72359980000,1367.36(0.41 %),34902500,1774406860000,34799000,1702046880000,0,0.0
16/06/2021,-2589812,-109484760000,1356.52(-0.79 %),36886294,1706842790000,39476106,1816327550000,0,0.0
17/06/2021,-6073289,-132749150000,1359.92(0.25 %),31680060,1615530970000,37753349,1748280120000,0,0.0
18/06/2021,142595,354460470000,1377.77(1.31 %),49990000,2511107040000,49847405,2156646570000,0,0.0
21/06/2021,-25919900,-1105572230000,1372.63(-0.37 %),23006011,1161475310000,48925911,2267047540000,0,0.0
22/06/2021,-8377606,9956940000,1379.97(0.53 %),29943800,1808597670000,38321406,1798640730000,0,0.0
23/06/2021,1695700,154540920000,1376.87(-0.22 %),23062500,1308478070000,21366800,1153937150000,0,0.0
24/06/2021,3453027,152322990000,1379.72(0.21 %),23691800,1101691380000,20238773,949368390000,0,0.0
25/06/2021,-629190,130208570000,1390.12(0.75 %),24621400,1449718460000,25250590,1319509890000,0,0.0
28/06/2021,-6120477,-237888740000,1405.81(1.13 %),20040100,1089473880000,26160577,1327362620000,0,0.0
29/06/2021,-2595722,9834300000,1410.04(0.30 %),24568600,1444218620000,27164322,1434384320000,0,0.0
30/06/2021,11605135,1650840030000,1408.55(-0.11 %),35464912,2931092430000,23859777,1280252400000,0,0.0
01/07/2021,-1202500,-285827820000,1417.08(0.35 %),27428500,1334571900000,28631000,1620399720000,0,0.0
02/07/2021,16975110,1910862035000,1420.27(0.23 %),38492030,3027326148000,21516920,1116464113000,0,0.0
05/07/2021,-353800,-60353120000,1411.13(-0.64 %),32056828,1706287510000,32410628,1766640630000,0,0.0
06/07/2021,-35500,47746660000,1354.79(-3.99 %),33321883,1931728910000,33357383,1883982250000,0,0.0
07/07/2021,48486800,2106036440000,1388.55(2.49 %),77029660,3582643150000,28542860,1476606710000,0,0.0
08/07/2021,2294300,-160688690000,1374.68(-1.00 %),36388972,1915850180000,34094672,2076538870000,0,0.0
09/07/2021,23203224,879166880000,1347.14(-2.00 %),49723900,2647677800000,26520676,1768510920000,0,0.0
12/07/2021,42070700,1357573090000,1296.3(-3.77 %),71123800,3118019850000,29053100,1760446760000,0,0.0
13/07/2021,5026000,-155903320000,1297.54(0.10 %),33300900,1469701920000,28274900,1625605240000,0,0.0
14/07/2021,3463800,246122940000,1279.91(-1.36 %),44691380,2341869690000,41227580,2095746750000,0,0.0
15/07/2021,20047990,702017190000,1293.92(1.09 %),49188100,2254357900000,29140110,1552340710000,0,0.0
16/07/2021,-5652800,18249260000,1299.31(0.42 %),22724300,1433111390000,28377100,1414862130000,0,0.0
19/07/2021,1256000,72982660000,1243.51(-4.29 %),27743034,1370953630000,26487034,1297970970000,0,0.0
20/07/2021,-3362400,-375843810000,1273.29(2.39 %),38885400,1661572250000,42247800,2037416060000,0,0.0
21/07/2021,-21797628,-1433915190000,1270.79(-0.20 %),24387100,1402415380000,46184728,2836330570000,0,0.0
22/07/2021,-6586840,-596116090000,1293.67(1.80 %),25937771,1168864520000,32524611,1764980610000,0,0.0
23/07/2021,-4643296,-225921670000,1268.83(-1.92 %),25272715,1299699420000,29916011,1525621090000,0,0.0
26/07/2021,-3084752,-73576460000,1272.71(0.31 %),26011448,1288435780000,29096200,1362012240000,0,0.0
27/07/2021,6852300,260685370000,1276.93(0.33 %),40256000,2203972470000,33403700,1943287100000,0,0.0
28/07/2021,-762060,12936520000,1277.07(0.01 %),14373500,720423420000,15135560,707486900000,0,0.0
29/07/2021,-3161000,47100900000,1293.6(1.29 %),19226400,1001914820000,22387400,954813920000,0,0.0
30/07/2021,11102100,508900220000,1310.05(1.27 %),33902400,1855269050000,22800300,1346368830000,0,0.0
02/08/2021,6924170,273198670000,1314.22(0.32 %),28003000,1369918930000,21078830,1096720260000,0,0.0
03/08/2021,5602892,96075060000,1332.44(1.39 %),28408225,1297094440000,22805333,1201019380000,0,0.0
04/08/2021,17843244,767784020000,1334.74(0.17 %),38472300,1894347140000,20629056,1126563120000,0,0.0
05/08/2021,21414700,1130919000000,1345.55(0.81 %),44134080,2199837250000,22719380,1068918250000,0,0.0
06/08/2021,381200,30706500000,1341.45(-0.30 %),24849500,1095792800000,24468300,1065086300000,0,0.0
09/08/2021,-2122600,21508842000,1359.86(1.37 %),25745300,1341076810800,27867900,1319567968800,0,0.0
10/08/2021,-19485100,-605192100000,1362.43(0.19 %),22228700,1321548230000,41713800,1926740330000,0,0.0
11/08/2021,-12934355,-480249170000,1357.79(-0.34 %),22826200,1180262450000,35760555,1660511620000,0,0.0
12/08/2021,-2176510,-155486820000,1353.05(-0.35 %),20516840,988452850000,22693350,1143939670000,0,0.0
13/08/2021,-11404500,-767262640000,1357.05(0.30 %),28016946,1486442010000,39421446,2253704650000,0,0.0
16/08/2021,-18208800,-919281820000,1370.96(1.03 %),21622500,1123719930000,39831300,2043001750000,0,0.0
17/08/2021,-21150900,-1358977590000,1363.09(-0.57 %),18524700,964114040000,39675600,2323091630000,0,0.0
18/08/2021,-23729600,-1583510010000,1360.94(-0.16 %),16058708,829840290000,39788308,2413350300000,0,0.0
19/08/2021,-12969700,-667854850000,1374.85(1.02 %),53226345,2969493510000,66196045,3637348360000,0,0.0
20/08/2021,-18313740,-762752220000,1329.43(-3.30 %),24912200,1262694730000,43225940,2025446950000,0,0.0
23/08/2021,-2460410,-153690260000,1298.86(-2.30 %),29412600,1336591050000,31873010,1490281310000,0,0.0
24/08/2021,3260550,127360940000,1298.74(-0.01 %),32314755,1434122990000,29054205,1306762050000,0,0.0
25/08/2021,2709548,-37476570000,1309.55(0.83 %),23069183,1003479520000,20359635,1040956090000,0,0.0
26/08/2021,-4562682,-417761950000,1301.12(-0.64 %),27986400,1158483330000,32549082,1576245280000,0,0.0
27/08/2021,-961000,-388852800000,1313.2(0.93 %),25939200,1054281730000,26900200,1443134530000,0,0.0
30/08/2021,-2545500,-282977470000,1328.14(1.14 %),33068038,1539925310000,35613538,1822902780000,0,0.0
31/08/2021,1938400,-184002720000,1331.47(0.25 %),30403600,1461955170000,28465200,1645957890000,0,0.0
01/09/2021,1295600,-418269570000,1334.65(0.24 %),47977534,3493597390000,46681934,3911866960000,0,0.0
06/09/2021,6402149,-310659070000,1346.39(0.88 %),38771900,1523911080000,32369751,1834570150000,0,0.0
07/09/2021,-13756710,-810741670000,1341.9(-0.33 %),24856500,1217860370000,38613210,2028602040000,0,0.0
08/09/2021,-7136300,-570136189000,1333.61(-0.62 %),25584400,1214121657800,32720700,1784257846800,0,0.0
09/09/2021,-1725190,-397817370000,1343.98(0.78 %),24109400,1085093370000,25834590,1482910740000,0,0.0
10/09/2021,-9931200,-714357880000,1345.31(0.10 %),30274100,1740459790000,40205300,2454817670000,0,0.0
13/09/2021,-6914100,-394018530000,1341.43(-0.29 %),27311900,1543810730000,34226000,1937829260000,0,0.0
14/09/2021,-15408800,-736267990000,1339.7(-0.13 %),27168181,1421312510000,42576981,2157580500000,0,0.0
15/09/2021,104610,43761410000,1345.83(0.46 %),28320100,1611847530000,28215490,1568086120000,0,0.0
16/09/2021,-15711600,-1283078740000,1345.87(0.00 %),28585200,1594733010000,44296800,2877811750000,0,0.0
17/09/2021,-38754501,-1425458950000,1352.64(0.50 %),48532800,2718560570000,87287301,4144019520000,0,0.0
20/09/2021,1042000,57627250000,1350.48(-0.16 %),22216500,947968790000,21174500,890341540000,0,0.0
21/09/2021,-6469100,-249747050000,1339.84(-0.79 %),18302300,894203010000,24771400,1143950060000,0,0.0
22/09/2021,-12424800,-193591160000,1350.68(0.81 %),18006000,946236100000,30430800,1139827260000,0,0.0
23/09/2021,-9158200,-318298190000,1352.76(0.15 %),23071200,1141646950000,32229400,1459945140000,0,0.0
24/09/2021,8682463,155505130000,1351.17(-0.12 %),30157600,1206742200000,21475137,1051237070000,0,0.0
27/09/2021,-5847935,-228703700000,1324.99(-1.94 %),24193697,1367421740000,30041632,1596125440000,0,0.0
28/09/2021,16809643,494624850000,1339.31(1.08 %),37476400,1545027390000,20666757,1050402540000,0,0.0
29/09/2021,-13374027,-483056590000,1339.21(-0.01 %),15867900,697145260000,29241927,1180201850000,0,0.0
30/09/2021,-4396100,-127205910000,1342.06(0.21 %),25063200,1247980090000,29459300,1375186000000,0,0.0
01/10/2021,-13036100,-565877930000,1334.89(-0.53 %),115996267,4530071470000,129032367,5095949400000,0,0.0
04/10/2021,-9186600,-336405190000,1339.54(0.35 %),19020400,840163580000,28207000,1176568770000,0,0.0
05/10/2021,12854627,587305550000,1354.63(1.13 %),43981161,1951377040000,31126534,1364071490000,0,0.0
06/10/2021,-11745800,-503000730000,1362.82(0.60 %),20557819,963136730000,32303619,1466137460000,0,0.0
07/10/2021,-13258100,-547581863000,1365.99(0.23 %),20959960,853824645000,34218060,1401406508000,0,0.0
08/10/2021,-7252500,-107566030000,1372.73(0.49 %),17368600,878283720000,24621100,985849750000,0,0.0
11/10/2021,10343544,437367510000,1394.09(1.56 %),33260544,1432107950000,22917000,994740440000,0,0.0
12/10/2021,-1236900,-21549040000,1394.8(0.05 %),38342649,1995132730000,39579549,2016681770000,0,0.0
13/10/2021,-10571200,-557958950000,1391.91(-0.21 %),20012980,959613300000,30584180,1517572250000,0,0.0
14/10/2021,-9291684,-666294160000,1391.85(0.00 %),44829200,1794081500000,54120884,2460375660000,0,0.0
15/10/2021,-684500,70861950000,1392.7(0.06 %),29740500,1325424100000,30425000,1254562150000,0,0.0
18/10/2021,-12293400,-658250840000,1395.53(0.20 %),26506392,1148688510000,38799792,1806939350000,0,0.0
19/10/2021,-7656754,-485395460000,1395.33(-0.01 %),28242600,1420137010000,35899354,1905532470000,0,0.0
20/10/2021,-28465000,-1489039270000,1393.8(-0.11 %),22198494,1225675280000,50663494,2714714550000,0,0.0
21/10/2021,-17486100,-871263920000,1384.77(-0.65 %),21284900,1028601110000,38771000,1899865030000,0,0.0
22/10/2021,-12622700,-211712990000,1389.24(0.32 %),19128000,1060270270000,31750700,1271983260000,0,0.0
25/10/2021,-19582600,-1248587700000,1385.4(-0.28 %),21425435,960045740000,41008035,2208633440000,0,0.0
26/10/2021,1657700,-88465390000,1391.63(0.45 %),23193900,866821900000,21536200,955287290000,0,0.0
27/10/2021,20753416,987975110000,1423.02(2.26 %),49055200,2233694530000,28301784,1245719420000,0,0.0
28/10/2021,13030000,616376690000,1438.01(1.05 %),44599900,2054896050000,31569900,1438519360000,0,0.0
29/10/2021,-2958587,-92603980000,1444.27(0.44 %),33683900,1611895490000,36642487,1704499470000,0,0.0
01/11/2021,-20317900,-1211432690000,1438.97(-0.37 %),25842950,1113864200000,46160850,2325296890000,0,0.0
02/11/2021,-14111800,-1172285780000,1452.46(0.94 %),24670911,1010888710000,38782711,2183174490000,0,0.0
03/11/2021,1156000,280928445500,1444.3(-0.56 %),39059900,1816729145800,37903900,1535800700300,0,0.0
04/11/2021,-4259100,156014010000,1448.34(0.28 %),37893600,3341882130000,42152700,3185868120000,0,0.0
05/11/2021,5602900,225620720000,1456.51(0.56 %),28035000,1386128990000,22432100,1160508270000,0,0.0
08/11/2021,9458500,522267200000,1467.57(0.76 %),43707400,2045443050000,34248900,1523175850000,0,0.0
09/11/2021,-1601800,16646720000,1461.5(-0.41 %),42786400,1982481470000,44388200,1965834750000,0,0.0
10/11/2021,-23437348,-1058126375036,1465.02(0.24 %),21773080,851936296630,45210428,1910062671666,0,0.0
11/11/2021,-26918280,-1197759370000,1462.35(-0.18 %),23828002,1127849670000,50746282,2325609040000,0,0.0
12/11/2021,5128400,230267730000,1473.37(0.75 %),39005412,1598319290000,33877012,1368051560000,0,0.0
15/11/2021,-5344800,-50943682000,1476.57(0.22 %),31533400,1591640183000,36878200,1642583865000,0,0.0
16/11/2021,-6803500,-52342490000,1466.45(-0.69 %),33317900,1676176790000,40121400,1728519280000,0,0.0
17/11/2021,-8207916,-350515440000,1475.85(0.64 %),24827500,1341468350000,33035416,1691983790000,0,0.0
18/11/2021,-10772950,-466753790000,1469.83(-0.41 %),38753942,2140973780000,49526892,2607727570000,0,0.0
19/11/2021,-21786157,-837734060000,1452.35(-1.19 %),32893700,1516657440000,54679857,2354391500000,0,0.0
22/11/2021,6247390,494177200000,1447.25(-0.35 %),49543600,2052706980000,43296210,1558529780000,0,0.0
23/11/2021,3832629,163590870000,1463.63(1.13 %),30406400,1260656670000,26573771,1097065800000,0,0.0
24/11/2021,-22439300,-868527820000,1488.87(1.72 %),30561808,1546853430000,53001108,2415381250000,0,0.0
25/11/2021,-21841368,-916457780000,1500.81(0.80 %),31880586,1468567980000,53721954,2385025760000,0,0.0
26/11/2021,-50717000,-2071657900000,1493.03(-0.52 %),24553672,1647357040000,75270672,3719014940000,0,0.0
29/11/2021,-4746300,-345527220000,1484.84(-0.55 %),42085500,1929181820000,46831800,2274709040000,0,0.0
30/11/2021,-16505510,-554919340000,1478.44(-0.43 %),29016900,1703938550000,45522410,2258857890000,0,0.0
01/12/2021,-17182956,-1052380575600,1485.19(0.46 %),25544700,1079976825400,42727656,2132357401000,0,0.0
02/12/2021,-20502300,-695251350000,1482.05(-0.21 %),20939095,1174380420000,41441395,1869631770000,0,0.0
03/12/2021,-14041500,-423595850000,1443.32(-2.61 %),17042113,922728060000,31083613,1346323910000,0,0.0
06/12/2021,4225000,299308660000,1413.58(-2.06 %),36128800,1714769560000,31903800,1415460900000,0,0.0
07/12/2021,7369800,234475530000,1446.77(2.35 %),36414200,1609219430000,29044400,1374743900000,0,0.0
08/12/2021,-5288123,-103609930000,1452.87(0.42 %),20848800,1040528270000,26136923,1144138200000,0,0.0
09/12/2021,5970600,316867170000,1467.98(1.04 %),27294400,1205726660000,21323800,888859490000,0,0.0
10/12/2021,-11144800,-481689390000,1463.54(-0.30 %),20579707,854345490000,31724507,1336034880000,0,0.0
13/12/2021,-1758868,-54296800000,1476.21(0.87 %),28696221,1323431170000,30455089,1377727970000,0,0.0
14/12/2021,-24337025,-879408550000,1476.02(-0.01 %),23158700,1190392130000,47495725,2069800680000,0,0.0
15/12/2021,-11106112,-181674200000,1475.5(-0.04 %),22318300,1253555720000,33424412,1435229920000,0,0.0
16/12/2021,-4196900,-104918619000,1476.61(0.08 %),30566600,1340287134000,34763500,1445205753000,0,0.0
17/12/2021,-19674900,-663989840000,1479.79(0.22 %),57049800,3178951050000,76724700,3842940890000,0,0.0
20/12/2021,825300,-26870190000,1477.33(-0.17 %),27265380,1162121730000,26440080,1188991920000,0,0.0
21/12/2021,1142000,44928690000,1478.74(0.10 %),28589428,1485892180000,27447428,1440963490000,0,0.0
22/12/2021,1575253,204226790000,1477.67(-0.07 %),26001000,1273453930000,24425747,1069227140000,0,0.0
23/12/2021,-11493500,-632189270000,1456.96(-1.40 %),24221058,1272584420000,35714558,1904773690000,0,0.0
24/12/2021,-219600,40620700000,1477.03(1.38 %),22657200,994441770000,22876800,953821070000,0,0.0
27/12/2021,10852100,441088780000,1488.88(0.80 %),24746600,1060703250000,13894500,619614470000,0,0.0
28/12/2021,12041883,325461550000,1494.39(0.37 %),36338100,1465796610000,24296217,1140335060000,0,0.0
29/12/2021,6192300,247287380000,1485.82(-0.57 %),19117800,780069420000,12925500,532782040000,0,0.0
30/12/2021,1856602,49728800000,1485.97(0.01 %),16172100,660223440000,14315498,610494640000,0,0.0
31/12/2021,1482100,159071270000,1498.28(0.83 %),21573500,845440400000,20091400,686369130000,0,0.0
04/01/2022,11641000,434689730000,1525.58(1.82 %),38678800,1741665120000,27037800,1306975390000,0,0.0
05/01/2022,-1347300,-234464100000,1522.5(-0.20 %),29879500,1547139800000,31226800,1781603900000,0,0.0
06/01/2022,-3096970,-292225350000,1528.57(0.40 %),37394200,1983198310000,40491170,2275423660000,0,0.0
07/01/2022,-8866621,-452339510000,1528.48(-0.01 %),36928000,2197363260000,45794621,2649702770000,0,0.0
10/01/2022,-9027525,-468843060000,1503.71(-1.62 %),37111900,2072539960000,46139425,2541383020000,0,0.0
11/01/2022,1366800,121375520000,1492.31(-0.76 %),36218800,1585054400000,34852000,1463678880000,0,0.0
12/01/2022,5199800,466772140000,1510.51(1.22 %),35001300,1790193050000,29801500,1323420910000,0,0.0
13/01/2022,-3595100,-87494320000,1496.05(-0.96 %),29643100,1584864730000,33238200,1672359050000,0,0.0
14/01/2022,18064900,642922090000,1496.02(0.00 %),33429100,1433727650000,15364200,790805560000,0,0.0
17/01/2022,2343601,166742090000,1452.84(-2.89 %),40836700,1735554700000,38493099,1568812610000,0,0.0
18/01/2022,26932445,852529910000,1438.94(-0.96 %),51463700,2243606440000,24531255,1391076530000,0,0.0
19/01/2022,-31831681,-4821878950000,1442.79(0.27 %),33185590,1518664540000,65017271,6340543490000,0,0.0
20/01/2022,-944200,-144899570000,1465.3(1.56 %),28729600,1283598850000,29673800,1428498420000,0,0.0
21/01/2022,-30066162,-1092725820000,1472.89(0.52 %),28390700,1403304930000,58456862,2496030750000,0,0.0
24/01/2022,-7008220,-201529280000,1439.71(-2.25 %),29237300,1470863180000,36245520,1672392460000,0,0.0
25/01/2022,39457600,1335392695000,1479.58(2.77 %),64090200,2804762801000,24632600,1469370106000,0,0.0
26/01/2022,12572300,361319660000,1481.58(0.14 %),51220000,2303017000000,38647700,1941697340000,0,0.0
27/01/2022,10348100,159469420000,1470.76(-0.73 %),38477400,1666554650000,28129300,1507085230000,0,0.0
28/01/2022,12013600,358626301000,1478.96(0.56 %),67324700,2565816520700,55311100,2207190219700,0,0.0
07/02/2022,10568000,383596555200,1497.66(1.26 %),44431400,2150571639800,33863400,1766975084600,0,0.0
08/02/2022,-6921799,-325215760000,1500.99(0.22 %),23882700,1182624730000,30804499,1507840490000,0,0.0
09/02/2022,634600,830237000,1505.38(0.29 %),37094500,1941843752200,36459900,1941013515200,0,0.0
10/02/2022,-18563600,-954676000000,1506.79(0.09 %),47508620,2116155390000,66072220,3070831390000,0,0.0
11/02/2022,-9865098,-510310410000,1501.71(-0.34 %),42095247,3163505740000,51960345,3673816150000,0,0.0
14/02/2022,-9186138,-294023470000,1471.96(-1.98 %),22820300,1251792440000,32006438,1545815910000,0,0.0
15/02/2022,16543100,1005224752000,1492.75(1.41 %),39733200,2099259632000,23190100,1094034880000,0,0.0
16/02/2022,2770400,-236020000,1492.1(-0.04 %),41566317,1630471610000,38795917,1630707630000,0,0.0
17/02/2022,13949000,759428960000,1507.99(1.06 %),33026400,1737943970000,19077400,978515010000,0,0.0
18/02/2022,1194200,104881570000,1504.84(-0.21 %),25089600,1260987390000,23895400,1156105820000,0,0.0
21/02/2022,5907500,305076100000,1510.84(0.40 %),19879900,911385750000,13972400,606309650000,0,0.0
22/02/2022,-4648300,-98891880000,1503.47(-0.49 %),20092400,1116165690000,24740700,1215057570000,0,0.0
23/02/2022,3524300,169314130000,1512.3(0.59 %),21004450,1118443790000,17480150,949129660000,0,0.0
24/02/2022,-13474600,-99469020000,1494.85(-1.15 %),32265400,1722471190000,45740000,1821940210000,0,0.0
25/02/2022,2160575,-32890580000,1498.89(0.27 %),32006100,1422256700000,29845525,1455147280000,0,0.0
28/02/2022,-22678700,-933334260000,1490.13(-0.58 %),20008400,1041766150000,42687100,1975100410000,0,0.0
01/03/2022,-2057610,-241230640000,1498.78(0.58 %),24351400,1095790560000,26409010,1337021200000,0,0.0
02/03/2022,-24275900,-1084807230000,1485.52(-0.88 %),22023400,1063392430000,46299300,2148199660000,0,0.0
03/03/2022,11437204,559897530000,1505(1.31 %),34538370,1627020900000,23101166,1067123370000,0,0.0
04/03/2022,11734300,532081240000,1505.33(0.02 %),51000100,2538152650000,39265800,2006071410000,0,0.0
07/03/2022,-23497700,-1099706400000,1499.05(-0.42 %),24463600,1224777860000,47961300,2324484260000,0,0.0
08/03/2022,-27884662,-1388378640000,1473.71(-1.69 %),20188000,1060566940000,48072662,2448945580000,0,0.0
09/03/2022,-19506776,-995371050000,1473.74(0.00 %),18267570,1074169610000,37774346,2069540660000,0,0.0
10/03/2022,-13768000,-743853420000,1479.08(0.36 %),21496700,1148323630000,35264700,1892177050000,0,0.0
11/03/2022,-7487900,-513687150000,1466.54(-0.85 %),16997000,824267020000,24484900,1337954170000,0,0.0
14/03/2022,-11746876,-659461730000,1446.25(-1.38 %),30722800,1388357470000,42469676,2047819200000,0,0.0
15/03/2022,-6791030,-365924910000,1452.74(0.45 %),35518100,1780125190000,42309130,2146050100000,0,0.0
16/03/2022,-6040674,-258982870000,1459.33(0.45 %),22873603,1184648410000,28914277,1443631280000,0,0.0
17/03/2022,1706600,139862560000,1461.34(0.14 %),31567100,1517993980000,29860500,1378131420000,0,0.0
18/03/2022,-593200,-218498050000,1469.1(0.53 %),74443000,3481082510000,75036200,3699580560000,0,0.0
21/03/2022,25780900,1095139350000,1494.95(1.76 %),37088400,1670457220000,11307500,575317870000,0,0.0
22/03/2022,7408300,596296010000,1503.78(0.59 %),29140300,1688501120000,21732000,1092205110000,0,0.0
23/03/2022,12312875,914600070000,1502.34(-0.10 %),50808709,3423911400000,38495834,2509311330000,0,0.0
24/03/2022,-5680008,-103420200000,1498.26(-0.27 %),23620600,1408438730000,29300608,1511858930000,0,0.0
25/03/2022,-486400,-123391430000,1498.5(0.02 %),23409300,1172031240000,23895700,1295422670000,0,0.0
28/03/2022,-4493800,-119554820000,1483.18(-1.02 %),23114100,1273022800000,27607900,1392577620000,0,0.0
29/03/2022,2488490,99093300000,1497.76(0.98 %),26129170,1476068210000,23640680,1376974910000,0,0.0
30/03/2022,-2251500,63269910000,1490.51(-0.48 %),24109000,1467171850000,26360500,1403901940000,0,0.0
31/03/2022,1906200,347181810000,1492.15(0.11 %),20672700,1199244650000,18766500,852062840000,0,0.0
01/04/2022,10031554,469784432852,1516.44(1.81 %),25762200,1249973436500,15730646,780189003648,0,0.0
04/04/2022,-3475100,-9490930000,1524.7(0.54 %),21196850,1264649890000,24671950,1274140820000,0,0.0
05/04/2022,-6020300,-255615430000,1520.03(-0.31 %),15687400,775053720000,21707700,1030669150000,0,0.0
06/04/2022,-103600,93317030000,1522.9(0.19 %),25798100,1358911870000,25901700,1265594840000,0,0.0
07/04/2022,-13823000,-445743520000,1502.35(-1.35 %),21343230,1637995190000,35166230,2083738710000,0,0.0
08/04/2022,-10693424,-307890790000,1482(-1.35 %),19100700,1268649210000,29794124,1576540000000,0,0.0
12/04/2022,-11991500,-418900060000,1455.25(-1.80 %),22252390,1233604300000,34243890,1652504360000,0,0.0
13/04/2022,13954900,1482742780000,1477.2(1.51 %),33207800,2542609690000,19252900,1059866910000,0,0.0
14/04/2022,-7979500,-223800298000,1472.12(-0.34 %),15006600,829525071000,22986100,1053325369000,0,0.0
15/04/2022,-715586,99276140000,1458.56(-0.92 %),22674600,1241263970000,23390186,1141987830000,0,0.0
18/04/2022,1216800,-100694700000,1432.6(-1.78 %),29867000,1284834910000,28650200,1385529610000,0,0.0
19/04/2022,11039300,250564250000,1406.45(-4.46 %),40704578,2078476950000,29665278,1827912700000,0,0.0
20/04/2022,22896460,407702180000,1384.72(-1.55 %),44497100,1653061930000,21600640,1245359750000,0,0.0
21/04/2022,31451901,888978120000,1370.21(-2.58 %),56693900,2189373760000,25241999,1300395640000,0,0.0
22/04/2022,18312100,856559700000,1379.23(0.66 %),54255000,3078065890000,35942900,2221506190000,0,0.0
25/04/2022,3349528,205995220000,1310.92(-4.95 %),47918700,2100380630000,44569172,1894385410000,0,0.0
26/04/2022,36727900,1021673780000,1341.34(2.32 %),67908020,2676401010000,31180120,1654727230000,0,0.0
27/04/2022,-13498700,-270562320000,1353.77(0.93 %),29668506,1564271900000,43167206,1834834220000,0,0.0
28/04/2022,-13448900,-317265990000,1350.99(-0.21 %),22873000,1156228000000,36321900,1473493990000,0,0.0
29/04/2022,1797690,63028440000,1366.8(1.17 %),56334300,3731812360000,54536610,3668783920000,0,0.0
04/05/2022,-8310000,-308762920000,1348.68(-1.33 %),14003500,625330630000,22313500,934093550000,0,0.0
05/05/2022,5463700,298023180000,1360.68(0.89 %),30424740,1510658440000,24961040,1212635260000,0,0.0
06/05/2022,1349500,-24903050000,1329.26(-2.31 %),32054000,1376457770000,30704500,1401360820000,0,0.0
09/05/2022,11205780,536465850000,1269.62(-4.49 %),41354800,1786502780000,30149020,1250036930000,0,0.0
10/05/2022,23992588,779817690000,1293.56(1.89 %),50433100,1928709530000,26440512,1148891840000,0,0.0
11/05/2022,-3717400,-65091570000,1301.53(0.62 %),27159700,1202880720000,30877100,1267972290000,0,0.0
12/05/2022,-5381606,-76088360000,1238.84(-4.82 %),30656800,1556541580000,36038406,1632629940000,0,0.0
13/05/2022,-1264664,-41298210000,1182.77(-4.53 %),51853600,2058699270000,53118264,2099997480000,0,0.0
16/05/2022,10359000,221472110000,1171.95(-0.91 %),42945000,1456100400000,32586000,1234628290000,0,0.0
17/05/2022,-479700,-93634400000,1228.37(4.81 %),42443000,1438526250000,42922700,1532160650000,0,0.0
18/05/2022,307180,139563440000,1240.76(1.01 %),41952800,1594379940000,41645620,1454816500000,0,0.0
19/05/2022,-5515800,-123541460000,1241.64(0.07 %),37816185,1562483720000,43331985,1686025180000,0,0.0
20/05/2022,-12789300,-470978950000,1240.71(-0.07 %),19855900,744704600000,32645200,1215683550000,0,0.0
23/05/2022,-13929946,-520585640000,1218.81(-1.77 %),21162000,781893960000,35091946,1302479600000,0,0.0
24/05/2022,21379,176504400000,1233.38(1.20 %),30965900,1135875990000,30944521,959371590000,0,0.0
25/05/2022,1176359,4432480000,1268.43(2.84 %),28691900,1006472370000,27515541,1002039890000,0,0.0
26/05/2022,-14325500,-458831160000,1268.57(0.01 %),17123600,820697820000,31449100,1279528980000,0,0.0
27/05/2022,-147800,10154880000,1285.45(1.33 %),24774300,1091236160000,24922100,1081081280000,0,0.0
30/05/2022,12699000,633801640000,1293.92(0.66 %),32333200,2011065750000,19634200,1377264110000,0,0.0
31/05/2022,8328043,273271310000,1292.68(-0.10 %),36346000,1637923630000,28017957,1364652320000,0,0.0
01/06/2022,9473100,579546370000,1299.52(0.53 %),36002900,1754782810000,26529800,1175236440000,0,0.0
02/06/2022,-14928583,-493669750000,1288.62(-0.84 %),20226650,1044665160000,35155233,1538334910000,0,0.0
03/06/2022,-4507800,-174386496000,1287.98(-0.05 %),14797360,744362559000,19305160,918749055000,0,0.0
06/06/2022,-5300102,-26173170000,1290.01(0.16 %),37135340,1951122600000,42435442,1977295770000,0,0.0
07/06/2022,-6531315,-158595380000,1291.35(0.10 %),27098800,1411535050000,33630115,1570130430000,0,0.0
08/06/2022,8295900,273132130000,1307.91(1.28 %),31105600,1400467040000,22809700,1127334910000,0,0.0
09/06/2022,7502015,160053230000,1307.8(-0.01 %),27751100,1140795200000,20249085,980741970000,0,0.0
10/06/2022,2349300,116545650000,1284.08(-1.81 %),22431200,1004187540000,20081900,887641890000,0,0.0
13/06/2022,-4340400,90525750000,1227.04(-4.44 %),27811700,1253266700000,32152100,1162740950000,0,0.0
14/06/2022,9916100,314841140000,1230.31(0.27 %),35753200,1560913050000,25837100,1246071910000,0,0.0
15/06/2022,-8638200,-204687550000,1213.93(-1.33 %),32736000,1454742350000,41374200,1659429900000,0,0.0
16/06/2022,21007000,739428360000,1236.63(1.87 %),40434400,1633900450000,19427400,894472090000,0,0.0
17/06/2022,24584440,352011490000,1217.3(-1.56 %),78142900,2518050030000,53558460,2166038540000,0,0.0
20/06/2022,-25761050,-626173160000,1180.4(-3.03 %),30771919,1289750420000,56532969,1915923580000,0,0.0
21/06/2022,8517900,334885543000,1172.47(-0.67 %),49229900,1692732790000,40712000,1357847247000,0,0.0
22/06/2022,4194400,-20102890000,1169.27(-0.27 %),30166500,1199234870000,25972100,1219337760000,0,0.0
23/06/2022,9895416,321524880000,1188.88(1.68 %),32903425,1288336500000,23008009,966811620000,0,0.0
24/06/2022,-2290100,-66663280000,1185.48(-0.29 %),23382000,882515970000,25672100,949179250000,0,0.0
27/06/2022,12097400,250044260000,1202.82(1.46 %),29552400,1127315830000,17455000,877271570000,0,0.0
28/06/2022,6856100,172872010000,1218.1(1.27 %),34372400,1345753010000,27516300,1172881000000,0,0.0
29/06/2022,-962140,-39057910000,1218.09(0.00 %),30856608,1442311310000,31818748,1481369220000,0,0.0
30/06/2022,1083234,14376140000,1197.6(-1.68 %),25378700,956249640000,24295466,941873500000,0,0.0
01/07/2022,-4153100,-278317670000,1198.9(0.11 %),22471100,800291240000,26624200,1078608910000,0,0.0
04/07/2022,-2614100,-123562365000,1195.53(-0.28 %),16185100,729441357000,18799200,853003722000,0,0.0
05/07/2022,-6688959,-302518370000,1181.29(-1.19 %),21813300,845653200000,28502259,1148171570000,0,0.0
06/07/2022,-12920416,-548470010000,1149.61(-2.68 %),26433200,1061114300000,39353616,1609584310000,0,0.0
07/07/2022,13197400,498570560000,1166.48(1.47 %),27244800,1046797740000,14047400,548227180000,0,0.0
08/07/2022,-3717400,-11032083000,1171.31(0.41 %),27159700,661310573000,30877100,672342656000,0,0.0
11/07/2022,-2201000,-10673530000,1155.29(-1.37 %),16232200,653799300000,18433200,664472830000,0,0.0
12/07/2022,-7532300,-266533660000,1174.82(1.69 %),18459580,624878060000,25991880,891411720000,0,0.0
13/07/2022,-7275000,-327785830000,1173.92(-0.08 %),15488600,498086390000,22763600,825872220000,0,0.0
14/07/2022,5442580,159088020000,1182.17(0.70 %),18561500,656081840000,13118920,496993820000,0,0.0
15/07/2022,-5554490,-226544960000,1179.25(-0.25 %),22251840,732140400000,27806330,958685360000,0,0.0
18/07/2022,-1114300,-101960700000,1176.49(-0.23 %),18540660,695219760000,19654960,797180460000,0,0.0
19/07/2022,-10052140,-239233050000,1178.33(0.16 %),14690100,693721730000,24742240,932954780000,0,0.0
20/07/2022,6446660,142317882000,1194.14(1.34 %),25526140,970445150000,19079480,828127268000,0,0.0
21/07/2022,11979480,339374408000,1198.47(0.36 %),27321900,1099345191000,15342420,759970783000,0,0.0
22/07/2022,9905016,312309983400,1194.76(-0.31 %),32900725,990216290850,22995709,677906307450,0,0.0
25/07/2022,911900,102589793000,1188.5(-0.52 %),15755800,742662722850,14843900,640072929850,0,0.0
26/07/2022,1007800,-1090965000,1185.07(-0.29 %),12394400,506881711000,11386600,507972676000,0,0.0
27/07/2022,7596000,562650136000,1191.04(0.50 %),26602432,1256905401400,19006432,694255265400,0,0.0
28/07/2022,15634900,628695016000,1208.12(1.43 %),35788800,1471115779000,20153900,842420763000,0,0.0
29/07/2022,9093500,-60977199000,1206.33(-0.15 %),36875900,1518538783000,27782400,1579515982000,0,0.0
01/08/2022,24635600,616417780000,1231.35(1.84 %),41336800,1438934354000,16701200,822516574000,0,0.0
02/08/2022,21952200,526735289000,1241.62(0.83 %),39493400,1372624737000,17541200,845889448000,0,0.0
03/08/2022,27198900,773751652000,1249.76(0.66 %),44822840,1565316884000,17623940,791565232000,0,0.0
04/08/2022,10838340,336944137000,1254.15(0.35 %),36842900,1360076603000,26004560,1023132466000,0,0.0
05/08/2022,-9611861,-414479457800,1252.74(-0.11 %),27888800,1039669629000,37500661,1454149086800,0,0.0
08/08/2022,-3067700,-233002831000,1256.75(0.32 %),18555100,692942539000,21622800,925945370000,0,0.0
09/08/2022,-1600400,-143295159000,1258.85(0.17 %),19686400,690639042000,21286800,833934201000,0,0.0
10/08/2022,-826600,-83146439000,1256.5(-0.19 %),13209400,539149427000,14036000,622295866000,0,0.0
11/08/2022,2271560,-13960875000,1252.07(-0.35 %),31699700,1115515403000,29428140,1129476278000,0,0.0
12/08/2022,8354500,72076480000,1262.33(0.82 %),26188200,887343379000,17833700,815266899000,0,0.0
15/08/2022,6949427,16296826500,1274.2(0.94 %),30551500,1146267229000,23602073,1129970402500,0,0.0
16/08/2022,23556344,482399210200,1274.69(0.04 %),43879178,1367038342000,20322834,884639131800,0,0.0
17/08/2022,1098100,-77917845000,1275.28(0.05 %),25508620,929535029000,24410520,1007452874000,0,0.0
18/08/2022,5830671,49574112300,1273.66(-0.13 %),28481000,1154758325000,22650329,1105184212700,0,0.0
19/08/2022,-7407600,-163415246000,1269.18(-0.35 %),20760900,897648284000,28168500,1061063530000,0,0.0
22/08/2022,-9984900,-263855712000,1260.43(-0.69 %),12616495,501593944500,22601395,765449656500,0,0.0
23/08/2022,-139710,-122009810000,1270.81(0.82 %),23198700,824675030000,23338410,946684840000,0,0.0
24/08/2022,-4160500,-225761181000,1277.16(0.50 %),18720900,771707457000,22881400,997468638000,0,0.0
25/08/2022,4275000,21745407000,1288.88(0.92 %),18229596,664633491800,13954596,642888084800,0,0.0
26/08/2022,-4017500,-120556373000,1282.57(-0.49 %),17943400,564132204000,21960900,684688577000,0,0.0
29/08/2022,-9869600,-400066683000,1270.8(-0.92 %),16072300,646730382000,25941900,1046797065000,0,0.0
30/08/2022,-1984684,-76695686800,1279.39(0.68 %),15673400,642611067000,17658084,719306753800,0,0.0
31/08/2022,-1296500,-242762985000,1280.51(0.09 %),19134600,705597514000,20431100,948360499000,0,0.0
05/09/2022,-6118600,-415890658000,1277.35(-0.25 %),16498600,708653232000,22617200,1124543890000,0,0.0
06/09/2022,-7273700,-308286210000,1277.4(0.00 %),14850800,549961397000,22124500,858247607000,0,0.0
07/09/2022,-15948800,-472353054000,1243.17(-2.68 %),16243800,589907242000,32192600,1062260296000,0,0.0
08/09/2022,387200,-357603000,1234.6(-0.69 %),18838400,674943179000,18451200,675300782000,0,0.0
09/09/2022,4829200,124129391000,1248.78(1.15 %),20163100,702678703000,15333900,578549312000,0,0.0
12/09/2022,6721547,124129391000,1249.62(0.07 %),20856690,702678703000,14135143,578549312000,0,0.0
13/09/2022,-8083090,91953316100,1248.4(0.00 %),23192495,348367582420,31275585,256414266320,0,0.0
14/09/2022,4636372,91953316100,1240.77(0.00 %),29058993,348367582420,24422621,256414266320,0,0.0
15/09/2022,-8850935,-47111790710,1245.66(0.39 %),20545449,830871503060,29396384,877983293770,0,0.0
16/09/2022,-21108955,-247424946070,1235.74(-0.80 %),52971030,2119804433350,74079985,2367229379420,0,0.0
19/09/2022,2075782,161797229380,1205.43(-2.45 %),23465094,801309910350,21389312,639512680970,0,0.0
20/09/2022,13846997,490840556170,1218.93(1.12 %),30027515,1139030172550,16180518,648189616380,0,0.0
21/09/2022,-6158057,-117929202680,1210.55(-0.69 %),15480314,808044397700,21638371,925973600380,0,0.0
22/09/2022,-10656461,-472296015260,1214.7(0.34 %),22416937,808558694150,33073398,1280854709410,0,0.0
23/09/2022,-10170210,-316214378680,1203.28(-0.94 %),22571337,776100308450,32741547,1092314687130,0,0.0
26/09/2022,-18964310,-572962615710,1174.35(-2.40 %),34392930,1042731013450,53357240,1615693629160,0,0.0
27/09/2022,-8533235,-369898803150,1166.54(-0.67 %),20285044,634374138600,28818279,1004272941750,0,0.0
28/09/2022,26695,-15411163260,1143.62(-1.96 %),21830727,721646930650,21804032,737058093910,0,0.0
29/09/2022,-8593483,-184835038960,1126.07(-1.53 %),15689534,636506857100,24283017,821341896060,0,0.0
30/09/2022,6078782,106128060640,1132.11(0.54 %),48104424,1669162793350,42025642,1563034732710,0,0.0
03/10/2022,-22986319,-537872596930,1086.44(-4.03 %),21372531,811153027000,44358850,1349025623930,0,0.0
04/10/2022,-21864051,-476988507300,1078.14(-0.76 %),29678703,1001141017030,51542754,1478129524330,0,0.0
05/10/2022,6112313,204159945150,1104.26(2.42 %),35690875,1149057324050,29578562,944897378900,0,0.0
06/10/2022,-12126233,-167653478430,1074.52(-2.69 %),22081465,730558723600,34207698,898212202030,0,0.0
07/10/2022,101430,192795006910,1035.91(-3.59 %),71780994,2115480843850,71679564,1922685836940,0,0.0
10/10/2022,18217659,550390576210,1042.48(0.63 %),46899609,1336838016550,28681950,786447440340,0,0.0
11/10/2022,-3792395,144605423270,1006.2(-3.48 %),35908774,1201863781550,39701169,1057258358280,0,0.0
12/10/2022,49458148,1219433390760,1034.81(2.84 %),70448056,2020012159800,20989908,800578769040,0,0.0
13/10/2022,16521470,472672714760,1050.99(1.56 %),45534955,1224208875650,29013485,751536160890,0,0.0
14/10/2022,8025644,184323871130,1061.85(1.03 %),47645794,1215782813350,39620150,1031458942220,0,0.0
17/10/2022,7119294,259426514460,1051.58(-0.97 %),28732483,861150933650,21613189,601724419190,0,0.0
18/10/2022,-9405859,-66527629220,1063.66(1.15 %),34186541,1151660820700,43592400,1218188449920,0,0.0
19/10/2022,-10481168,-111179442000,1060.07(-0.34 %),26364489,859749397200,36845657,970928839200,0,0.0
20/10/2022,2599623,182063632000,1058.45(-0.15 %),31031976,968762446150,28432353,786698814150,0,0.0
21/10/2022,-28233578,-388264224000,1019.82(-3.65 %),34688310,1233496535200,62921888,1621760759200,0,0.0
24/10/2022,5367718,98927625000,986.15(-3.30 %),43129164,1210027187200,37761446,1111099562200,0,0.0
25/10/2022,-7523856,-94784255000,981.18(-2.26 %),46189071,1044709717200,53712927,1139493972200,0,0.0
26/10/2022,-5395697,-74234838448,985.92(0.48 %),21151687,561723179552,26547384,635958018000,0,0.0
27/10/2022,-10768577,-199947437454,1028.01(4.27 %),41910342,841525078119,52678919,1041472515573,0,0.0
28/10/2022,-88899804,-3013206007320,1027.36(-0.75 %),33332440,1075276581330,122232244,4088482588650,0,0.0
31/10/2022,-13935101,-36229874040,1027.94(4.24 %),32234544,1018046913800,46169645,1054276787840,0,0.0
01/11/2022,-47345883,-757391179390,1033.75(0.57 %),26136008,771344322580,73481891,1528735501970,0,0.0
02/11/2022,-16501147,-273002351070,1023.19(-1.02 %),23496702,727530938250,39997849,1000533289320,0,0.0
03/11/2022,4126609,250206584070,1019.81(-0.33 %),22110399,759620357880,17983790,509413773810,0,0.0
04/11/2022,-8058568,-20839305440,997.15(-2.22 %),37325720,1246116496000,45384288,1266955801440,0,0.0
07/11/2022,19319433,540074032760,975.19(-2.20 %),63497999,1555046863100,44178566,1014972830340,0,0.0
08/11/2022,27314659,540524633780,981.65(0.66 %),76191063,1805815403510,48876404,1265290769730,0,0.0
09/11/2022,573392,309537270270,985.59(0.40 %),45251162,1383178955700,44677770,1073641685430,0,0.0
10/11/2022,-7036622,63500946550,947.24(-3.89 %),54217435,1472377124290,61254057,1408876177740,0,0.0
11/11/2022,126550907,2319808862000,954.53(0.77 %),147773179,3035805451510,21222272,715996589510,0,0.0
14/11/2022,107767543,1752961315630,941.04(-1.41 %),137233268,2692904489320,29465725,939943173690,0,0.0
15/11/2022,65810265,1142242919320,911.9(-3.10 %),122588616,2580148143060,56778351,1437905223740,0,0.0
16/11/2022,36323446,594275976860,942.9(3.40 %),89789511,2078889654250,53466065,1484613677390,0,0.0
17/11/2022,62434487,1440055240830,969.26(2.80 %),120126224,2794746251710,57691737,1354691010880,0,0.0
18/11/2022,-6080158,-79177225160,969.33(0.01 %),98468361,2071073867210,104548519,2150251092370,0,0.0
21/11/2022,1303526,-10123714730,960.65(-0.90 %),43308780,974922753750,42005254,985046468480,0,0.0
22/11/2022,7727142,240084020200,952.12(-0.89 %),59519551,1452900535320,51792409,1212816515120,0,0.0
23/11/2022,-508935,69573450940,946(-0.64 %),36875088,942135762790,37384023,872562311850,0,0.0
24/11/2022,8430496,230348981130,947.71(0.18 %),46399095,1364005990660,37968599,1133657009530,0,0.0
25/11/2022,35524837,929868787460,971.46(2.51 %),58536968,1797352466660,23012131,867483679200,0,0.0
28/11/2022,63576982,1637791017630,1005.69(3.52 %),92668890,2627569509800,29091908,989778492170,0,0.0
29/11/2022,102016253,2612588787640,1032.16(2.63 %),132694591,3438040621170,30678338,825451833530,0,0.0
30/11/2022,31342828,1525677609880,1048.42(1.58 %),101642050,2655287498200,70299222,1129609888320,0,0.0
01/12/2022,27108991,892743897760,1036.28(-1.16 %),82316212,2263358451150,55207221,1370614553390,0,0.0
02/12/2022,72385536,2135336015820,1080.01(4.22 %),100726683,2973874067450,28341147,838538051630,0,0.0
05/12/2022,31322255,1178447179220,1093.67(1.26 %),77734473,2465193351130,46412218,1286746171910,0,0.0
06/12/2022,23128639,666911946410,1048.69(-4.11 %),72263651,1865127956260,49135012,1198216009850,0,0.0
07/12/2022,35631191,985736686870,1041.02(-0.73 %),61853396,1786820753330,26222205,801084066460,0,0.0
08/12/2022,16536368,462674978650,1050.53(0.91 %),45665503,1401481076350,29129135,938806097700,0,0.0
09/12/2022,17591454,420332417930,1051.81(0.12 %),50208743,1409031212520,32617289,988698794590,0,0.0
12/12/2022,11050316,327376469710,1032.07(-1.88 %),50453022,1552306371200,39402706,1224929901490,0,0.0
13/12/2022,46174118,934312276890,1047.45(1.49 %),89191666,2537167215900,43017548,1602854939010,0,0.0
14/12/2022,-353884,13800898590,1050.43(0.28 %),50905494,1501864014650,51259378,1488063116060,0,0.0
15/12/2022,17869397,318467366420,1055.32(0.47 %),42380669,1112554451200,24511272,794087084780,0,0.0
16/12/2022,19899443,299647812350,1052.48(-0.27 %),101748464,2556976037850,81849021,2257328225500,0,0.0
19/12/2022,4285923,-19998582620,1038.4(-1.34 %),52233787,1151324335550,47947864,1171322918170,0,0.0
20/12/2022,77549969,1864168669350,1023.13(-1.47 %),104805613,2583649237070,27255644,719480567720,0,0.0
21/12/2022,63339335,1704319189280,1018.88(-0.42 %),87155947,2314298341780,23816612,609979152500,0,0.0
22/12/2022,-87568514,-2501894532920,1022.61(0.37 %),37866734,1034296477430,125435248,3536191010350,0,0.0
23/12/2022,7765466,182732038610,1020.34(-0.22 %),33124044,957934274480,25358578,775202235870,0,0.0
26/12/2022,16609903,432517263560,985.21(-3.44 %),43227807,1329952282880,26617904,897435019320,0,0.0
27/12/2022,40097105,743612122250,1004.57(1.97 %),61105284,1405372775630,21008179,661760653380,0,0.0
28/12/2022,8318211,315271401790,1015.66(1.10 %),39381045,1164370426080,31062834,849099024290,0,0.0
29/12/2022,-3066947,115398444480,1009.29(-0.63 %),38904169,1044553200180,41971116,929154755700,0,0.0
30/12/2022,14514610,490934325550,1007.09(-0.22 %),46854039,1409696485130,32339429,918762159580,0,0.0
03/01/2023,14724039,231354829940,1043.9(3.66 %),36570977,1085693699540,21846938,854338869600,0,0.0
04/01/2023,10773726,293000979500,1046.35(0.23 %),37726822,1137765166840,26953096,844764187340,0,0.0
05/01/2023,24818561,630264213490,1055.82(0.91 %),46693812,1424080204840,21875251,793815991350,0,0.0
06/01/2023,10786237,277026335040,1051.44(-0.41 %),40891734,1234346661790,30105497,957320326750,0,0.0
09/01/2023,17718701,421755066840,1054.21(0.26 %),32180247,1036133634640,14461546,614378567800,0,0.0
10/01/2023,16297097,306708443090,1053.35(-0.08 %),45939755,1369193573090,29642658,1062485130000,0,0.0
11/01/2023,12255374,203640362130,1055.76(0.23 %),28278147,783371447040,16022773,579731084910,0,0.0
12/01/2023,10135924,266441525830,1056.39(0.06 %),30012191,909510134790,19876267,643068608960,0,0.0
13/01/2023,-123164298,-3145261022770,1060.17(0.36 %),28425884,830918251640,151590182,3976179274410,0,0.0
16/01/2023,3668401,84258088190,1066.68(0.61 %),41419032,1083321553840,37750631,999063465650,0,0.0
17/01/2023,32836484,767843784720,1088.29(2.03 %),43137582,1597705260980,10301098,829861476260,0,0.0
18/01/2023,32274182,675717856120,1098.28(0.92 %),56143051,1861890493670,23868869,1186172637550,0,0.0
19/01/2023,31286083,795946475340,1108.08(0.89 %),60291097,2309061109200,29005014,1513114633860,0,0.0
27/01/2023,27645603,504953180760,1117.1(0.81 %),56424710,1626681741650,28779107,1121728560890,0,0.0
30/01/2023,26253100,465454628750,1102.57(-1.30 %),47838572,1265534305700,21585472,800079676950,0,0.0
31/01/2023,1364122,-96912216520,1111.18(0.78 %),37198250,1333896815250,35834128,1430809031770,0,0.0
01/02/2023,9617870,1113571950,1075.97(-3.17 %),53283764,1433129475800,43665894,1432015903850,0,0.0
02/02/2023,16739481,310753888120,1077.59(0.15 %),47520851,1761038325500,30781370,1450284437380,0,0.0
03/02/2023,19771833,428210074690,1077.15(-0.04 %),46330261,1436969392340,26558428,1008759317650,0,0.0
06/02/2023,15155120,299276446580,1089.29(1.13 %),42627849,1443524381100,27472729,1144247934520,0,0.0
07/02/2023,-3678945,-79517357800,1065.84(-2.15 %),31788530,1053971701850,35467475,1133489059650,0,0.0
08/02/2023,17885577,287368825070,1072.22(0.60 %),57263901,1562755496100,39378324,1275386671030,0,0.0
09/02/2023,8978008,-79209688570,1064.03(-0.76 %),47333762,1383246623080,38355754,1462456311650,0,0.0
10/02/2023,615956,18146620350,1055.3(-0.82 %),37804861,1140466422380,37188905,1122319802030,0,0.0
13/02/2023,-5017161,-76344973340,1043.7(-1.10 %),29678402,913163495680,34695563,989508469020,0,0.0
14/02/2023,4858693,62340927800,1038.64(-0.48 %),36803653,1045306443030,31944960,982965515230,0,0.0
15/02/2023,-20642366,-376789883740,1048.2(0.92 %),63867173,1825353282710,84509539,2202143166450,0,0.0
16/02/2023,-5788890,-130604183490,1058.29(0.96 %),43282272,1106340555530,49071162,1236944739020,0,0.0
17/02/2023,-531799,-20620007760,1059.31(0.10 %),36039747,970516885550,36571546,991136893310,0,0.0
20/02/2023,298127,-107013668430,1086.69(2.58 %),40496969,1028285572350,40198842,1135299240780,0,0.0
21/02/2023,-5262028,-116615549740,1082.23(-0.41 %),37215084,943187411950,42477112,1059802961690,0,0.0
22/02/2023,-11795485,-387419187880,1054.28(-2.58 %),33374542,872890421100,45170027,1260309608980,0,0.0
23/02/2023,-28269043,-614689160420,1053.66(-0.06 %),36902499,1585730294850,65171542,2200419455270,0,0.0
24/02/2023,-8844706,-224771048960,1039.56(-1.34 %),27276983,773670933880,36121689,998441982840,0,0.0
27/02/2023,-24125120,-466050756310,1021.25(-1.76 %),26504696,652107634910,50629816,1118158391220,0,0.0
28/02/2023,-4840785,6272970630,1024.68(0.34 %),33523422,894444065810,38364207,888171095180,0,0.0
01/03/2023,-10522293,-303899722950,1040.55(1.55 %),27935953,770662663840,38458246,1074562386790,0,0.0
02/03/2023,-4647413,-140080796700,1037.61(-0.28 %),25010640,745508758650,29658053,885589555350,0,0.0
03/03/2023,-5176442,-119675683420,1024.77(-1.24 %),21965755,546365214270,27142197,666040897690,0,0.0
06/03/2023,-9325613,-114620296050,1027.18(0.24 %),25148868,629886744180,34474481,744507040230,0,0.0
07/03/2023,6683384,129183490960,1037.84(1.04 %),40682494,1056382444360,33999110,927198953400,0,0.0
08/03/2023,13158605,265088234340,1049.18(1.11 %),37505232,1070984653400,24346627,805896419060,0,0.0
09/03/2023,12366606,193045687260,1055.95(0.65 %),44548522,1182908652720,32181916,989862965460,0,0.0
10/03/2023,19633751,437521678060,1053(-0.28 %),37156973,1066454392120,17523222,628932714060,0,0.0
13/03/2023,36149532,875033162220,1052.8(-0.02 %),65058013,1744104605680,28908481,869071443460,0,0.0
14/03/2023,18021286,411430610800,1040.13(-1.20 %),48973444,1348943264220,30952158,937512653420,0,0.0
15/03/2023,15852356,198583399450,1062.19(2.12 %),39286235,1069199003100,23433879,870615603650,0,0.0
16/03/2023,13536440,175919906060,1047.4(-1.39 %),62082474,1648923242850,48546034,1473003336790,0,0.0
17/03/2023,66288037,650572830640,1045.14(-0.22 %),193936572,3770247688850,127648535,3119674858210,0,0.0
20/03/2023,-11579230,-291474763150,1023.1(-2.11 %),59057286,1225010884170,70636516,1516485647320,0,0.0
21/03/2023,903018,-224763996960,1032.43(0.91 %),84435446,773670113880,83532428,998434110840,0,0.0
22/03/2023,7822757,175611140000,1040.54(0.79 %),44384108,1426011980000,36561351,1250400840000,0,0.0
23/03/2023,17205442,339184970000,1045.1(0.44 %),42348993,1240051870000,25143551,900866900000,0,0.0
24/03/2023,3839344,97094420000,1046.79(0.16 %),69527415,1472329140000,65688071,1375234720000,0,0.0
27/03/2023,12631508,181434458800,1052.25(0.52 %),31648826,799249766900,19017318,617815308100,0,0.0
28/03/2023,8308948,105550696900,1054.29(0.19 %),33934859,1011107522680,25625911,905556825780,0,0.0
29/03/2023,-8568216,-200801732930,1056.33(0.19 %),18748814,590748947160,27317030,791550680090,0,0.0
30/03/2023,-18668393,-408793763830,1059.44(0.29 %),28080499,881194060050,46748892,1289987823880,0,0.0
31/03/2023,5773486,124840770210,1064.64(0.49 %),47648010,1331551773150,41874524,1206711002940,0,0.0
03/04/2023,-11400362,-333760624910,1079.28(1.38 %),32721042,871099727930,44121404,1204860352840,0,0.0
04/04/2023,-4703940,-238414599600,1078.45(-0.08 %),29702531,801388841550,34406471,1039803441150,0,0.0
05/04/2023,15419739,239214523880,1080.86(0.22 %),32011697,871107871660,16591958,631893347780,0,0.0
06/04/2023,-7007264,-193730572680,1070.91(-0.92 %),20737124,518747742890,27744388,712478315570,0,0.0
07/04/2023,451524,-128867742080,1069.71(-0.11 %),22817502,781796921450,22365978,910664663530,0,0.0
10/04/2023,-10260703,-288581417850,1065.35(-0.41 %),30060949,1203332772500,40321652,1491914190350,0,0.0
11/04/2023,-23548321,-547224229960,1069.46(0.39 %),20408814,997559059800,43957135,1544783289760,0,0.0
12/04/2023,-12169671,-287757047180,1069.45(0.00 %),24632035,733529280310,36801706,1021286327490,0,0.0
13/04/2023,-10905392,-282949138910,1064.3(-0.48 %),18997308,538459548050,29902700,821408686960,0,0.0
14/04/2023,-10723961,-214144270120,1052.89(-1.07 %),20436553,581541433580,31160514,795685703700,0,0.0
17/04/2023,10690596,207490547070,1053.81(0.09 %),28517705,798611803630,17827109,591121256560,0,0.0
18/04/2023,7047609,139286857050,1055.02(0.11 %),29300967,807752970680,22253358,668466113630,0,0.0
19/04/2023,-33567231,-447110765470,1048.98(-0.57 %),18340584,545690900630,51907815,992801666100,0,0.0
20/04/2023,1978300,49466570000,1049.25(0.03 %),12394900,345500994000,10416600,296034424000,0,0.0
21/04/2023,-7193496,-225648461980,1042.91(-0.60 %),22808330,665987133420,30001826,891635595400,0,0.0
24/04/2023,28192073,270816855630,1041.36(-0.15 %),55327704,1153273219180,27135631,882456363550,0,0.0
25/04/2023,-2718949,-121035278030,1034.85(-0.63 %),30656618,840504290980,33375567,961539569010,0,0.0
26/04/2023,-148107,50149591470,1040.8(0.57 %),108289056,3543884855200,108437163,3493735263730,0,0.0
27/04/2023,-6856198,-290503948890,1039.63(-0.11 %),24537287,713593293990,31393485,1004097242880,0,0.0
28/04/2023,5508563,170889484360,1049.12(0.91 %),34144578,1048177280390,28636015,877287796030,0,0.0
04/05/2023,-12986781,-378491718780,1040.61(-0.81 %),25297753,875717680450,38284534,1254209399230,0,0.0
05/05/2023,-11073049,-175522797770,1040.31(-0.03 %),17738533,802900569080,28811582,978423366850,0,0.0
08/05/2023,685943,-2463465580,1053.44(1.26 %),27973598,805156045930,27287655,807619511510,0,0.0
09/05/2023,-12254454,-212970093390,1053.77(0.03 %),17886748,646336260430,30141202,859306353820,0,0.0
10/05/2023,4881298,-20590482370,1058.26(0.43 %),25018082,621948031520,20136784,642538513890,0,0.0
11/05/2023,10707778,136049970940,1057.12(-0.11 %),27201422,668761111250,16493644,532711140310,0,0.0
12/05/2023,3842166,16725798870,1066.9(0.93 %),25962794,653651131480,22120628,636925332610,0,0.0
15/05/2023,-18538200,-358687562000,1065.71(-0.11 %),15445200,456437698000,33983400,815125260000,0,0.0
16/05/2023,711100,2612343000,1065.91(0.02 %),18583300,516440420000,17872200,513828077000,0,0.0
17/05/2023,2389800,95221857000,1060.44(-0.51 %),29978400,818508235000,27588600,723286378000,0,0.0
18/05/2023,1964400,126978238000,1068.31(0.74 %),29930700,865282056000,27966300,738303818000,0,0.0
19/05/2023,-14792300,-250071684000,1067.07(-0.12 %),15824300,428855518000,30616600,678927202000,0,0.0
22/05/2023,-16432300,-404068884000,1070.64(0.33 %),14971900,425101444000,31404200,829170328000,0,0.0
23/05/2023,-21614700,-620255488000,1065.85(-0.45 %),14054500,399329362000,35669200,1019584850000,0,0.0
24/05/2023,-21645700,-516310462000,1061.79(-0.38 %),17899400,467882052000,39545100,984192514000,0,0.0
25/05/2023,-16020400,-336727967000,1064.63(0.27 %),15639200,449000665000,31659600,785728632000,0,0.0
26/05/2023,-13633600,-219919129000,1063.76(-0.08 %),15369600,408740461000,29003200,628659590000,0,0.0
29/05/2023,6994500,139312281000,1074.98(1.05 %),21866400,514567426000,14871900,375255145000,0,0.0
30/05/2023,-8554200,-156937657000,1078.05(0.29 %),18583500,516977079000,27137700,673914736000,0,0.0
31/05/2023,-16089900,-393847795000,1075.17(-0.27 %),15262600,407625945000,31352500,801473740000,0,0.0
01/06/2023,-4834700,-102204405000,1078.39(0.30 %),18741100,472703770000,23575800,574908175000,0,0.0
02/06/2023,-11419300,-322370082000,1090.84(1.15 %),18463500,504457368000,29882800,826827450000,0,0.0
05/06/2023,-1418900,-90618810000,1097.82(0.64 %),18941700,541936061000,20360600,632554871000,0,0.0
06/06/2023,12106700,150674918000,1108.31(0.96 %),34257800,843466258000,22151100,692791340000,0,0.0
07/06/2023,-3399300,-185526384000,1109.54(0.11 %),25422300,691901652000,28821600,877428036000,0,0.0
08/06/2023,-13066000,-352149220000,1101.32(-0.74 %),31250000,859075575000,44316000,1211224795000,0,0.0
09/06/2023,6833400,166452938000,1107.53(0.56 %),33131400,854673774000,26298000,688220836000,0,0.0
12/06/2023,-283300,52430018000,1116.02(0.77 %),33778500,928466431000,34061800,876036413000,0,0.0
13/06/2023,11795700,262916327000,1122.46(0.58 %),39949900,1122854471000,28154200,859938144000,0,0.0
14/06/2023,20661500,517259834000,1117.42(-0.45 %),46401100,1256129209000,25739600,738869375000,0,0.0
15/06/2023,24857600,464801424000,1116.97(-0.04 %),46011000,1143429171000,21153400,678627747000,0,0.0
16/06/2023,13041200,370838127000,1115.22(-0.16 %),84712200,2246123881000,71671000,1875285754000,0,0.0
19/06/2023,-23799400,-412104950000,1105.4(-0.88 %),20216600,578543884000,44016000,990648834000,0,0.0
20/06/2023,-9925600,-387184037000,1111.72(0.57 %),19718700,544191417000,29644300,931375454000,0,0.0
21/06/2023,3698300,50531666000,1118.46(0.61 %),37121100,1114819633000,33422800,1064287967000,0,0.0
22/06/2023,8157000,176174324000,1125.3(0.61 %),33603500,987362187000,25446500,811187863000,0,0.0
23/06/2023,-3569300,-29421245000,1129.38(0.36 %),26164500,842060500000,29733800,871481745000,0,0.0
26/06/2023,-16965000,-431132547000,1132.03(0.23 %),21420000,709530968000,38385000,1140663515000,0,0.0
27/06/2023,-2826100,-116353042000,1134.33(0.20 %),22737700,690270154000,25563800,806623196000,0,0.0
28/06/2023,4307800,109318235000,1138.35(0.35 %),26523800,828007651000,22216000,718689416000,0,0.0
29/06/2023,2390100,98803051000,1125.39(-1.14 %),28593600,849030844000,26203500,750227793000,0,0.0
30/06/2023,10503700,259662768000,1120.18(-0.46 %),23315100,717880253000,12811400,458217485000,0,0.0
03/07/2023,3982400,141795028000,1125.5(0.47 %),20783500,669815531000,16801100,528020503000,0,0.0
04/07/2023,-621600,-70581354000,1132(0.58 %),28319400,889530348000,28941000,960111702000,0,0.0
05/07/2023,4497700,205077807000,1134.62(0.23 %),25363100,871915983000,20865400,666838176000,0,0.0
06/07/2023,-11057600,-323529653000,1126.22(-0.74 %),24989200,797272023000,36046800,1120801676000,0,0.0
07/07/2023,-7069200,-208330168000,1138.07(1.05 %),25944100,836226192000,33013300,1044556360000,0,0.0
10/07/2023,-10523000,-288121534000,1149.02(0.96 %),31402000,968001003000,41925000,1256122537000,0,0.0
11/07/2023,-3121600,-101335798000,1151.77(0.24 %),28675500,932407586000,31797100,1033743384000,0,0.0
12/07/2023,-17370300,-480028233000,1154.2(0.21 %),25761600,851562821000,43131900,1331591054000,0,0.0
13/07/2023,-1220500,-18039487000,1165.42(0.97 %),21975400,728066235000,23195900,746105722000,0,0.0
14/07/2023,-9433900,-119308674000,1168.4(0.26 %),23678300,790125902000,33112200,909434576000,0,0.0
17/07/2023,9673700,308179123000,1173.13(0.40 %),37790200,1177450764000,28116500,869271641000,0,0.0
18/07/2023,6213200,270194544000,1174.09(0.08 %),33562000,1096347058000,27348800,826152514000,0,0.0
19/07/2023,8229000,404109568000,1172.98(-0.09 %),27356000,945786036000,19127000,541676468000,0,0.0
20/07/2023,-6975400,-24601722000,1172.81(-0.01 %),38368800,1205378165000,45344200,1229979887000,0,0.0
21/07/2023,-6568000,-12819915000,1185.9(1.12 %),28642100,900634228000,35210100,913454143000,0,0.0
24/07/2023,-14239700,-341362452000,1190.72(0.41 %),22003900,663354670000,36243600,1004717122000,0,0.0
25/07/2023,-2531500,133777933000,1195.9(0.44 %),39765800,1317099503000,42297300,1183321570000,0,0.0
26/07/2023,5460400,286377801000,1200.84(0.41 %),41471400,1260478254000,36011000,974100453000,0,0.0
27/07/2023,-7150600,-19462995000,1197.33(-0.29 %),32770700,957652449000,39921300,977115444000,0,0.0
28/07/2023,-6654300,147919447000,1207.67(0.86 %),40305400,1275087158000,46959700,1127167711000,0,0.0
31/07/2023,-3281500,-102063111000,1222.9(1.26 %),34263200,1143763259000,37544700,1245826370000,0,0.0
01/08/2023,-12221400,-429887248000,1217.56(-0.44 %),35772800,1250463997000,47994200,1680351245000,0,0.0
02/08/2023,7992000,-12282067000,1220.43(0.24 %),43512900,1215072204000,35520900,1227354271000,0,0.0
03/08/2023,-7629500,-110254042000,1210.95(-0.78 %),27299600,924362076000,34929100,1034616118000,0,0.0
04/08/2023,10079700,362035184000,1225.98(1.24 %),35333000,1220908896000,25253300,858873712000,0,0.0
07/08/2023,-18858900,-296445472000,1241.42(1.26 %),25167100,906767966000,44026000,1203213438000,0,0.0
08/08/2023,-7232900,-43737468000,1242.23(0.07 %),29745300,1130701260000,36978200,1174438728000,0,0.0
09/08/2023,8048200,223831462000,1233.99(-0.66 %),36509300,1222162265000,28461100,998330803000,0,0.0
10/08/2023,-8049900,-159282067000,1220.61(-1.08 %),27681200,1034412806000,35731100,1193694873000,0,0.0
11/08/2023,-3673600,-37370073000,1232.21(0.95 %),33588000,1136535410000,37261600,1173905483000,0,0.0
14/08/2023,-14040500,-614292222000,1236.84(0.38 %),34416000,1108601215000,48456500,1722893437000,0,0.0
15/08/2023,-6762100,-367796189000,1234.05(-0.23 %),30383000,957130557000,37145100,1324926746000,0,0.0
16/08/2023,-2143400,-13414595000,1243.26(0.75 %),25839900,996961509000,27983300,1010376104000,0,0.0
17/08/2023,-6762900,-189936813000,1233.48(-0.79 %),35145000,1289960273000,41907900,1479897086000,0,0.0
18/08/2023,1836400,320971691000,1177.99(-4.50 %),51832800,2026091792000,49996400,1705120101000,0,0.0
21/08/2023,15680700,387339209000,1179.76(0.15 %),62184500,1966581740000,46503800,1579242531000,0,0.0
22/08/2023,-25714600,-684024019000,1180.49(0.06 %),32969200,1119120013000,58683800,1803144032000,0,0.0
23/08/2023,-24470900,-591308199000,1172.56(-0.67 %),34936500,1211451830000,59407400,1802760029000,0,0.0
24/08/2023,5238300,266522477000,1189.39(1.44 %),32576600,1124939929000,27338300,858417452000,0,0.0
25/08/2023,-25857900,-758081975000,1183.37(-0.51 %),26102900,885964858000,51960800,1644046833000,0,0.0
28/08/2023,1321100,144523927000,1201.72(1.55 %),33286800,1210834238000,31965700,1066310311000,0,0.0
29/08/2023,-9630600,-206322949000,1204.43(0.23 %),26576500,966507277000,36207100,1172830226000,0,0.0
30/08/2023,9532500,400586664000,1213.16(0.72 %),29938100,1085225942000,20405600,684639278000,0,0.0
31/08/2023,20876600,523016897000,1224.05(0.90 %),60147400,1954655717000,39270800,1431638820000,0,0.0
05/09/2023,-20748500,-505630688000,1234.98(0.89 %),28938900,1231321568000,49687400,1736952256000,0,0.0
06/09/2023,-14579200,-494168255000,1245.5(0.85 %),20568400,706986634000,35147600,1201154889000,0,0.0
07/09/2023,-26958300,-760523796000,1243.14(-0.19 %),20621700,789419591000,47580000,1549943387000,0,0.0
08/09/2023,-7935700,-200606452000,1241.48(-0.13 %),28427600,1061473693000,36363300,1262080145000,0,0.0
11/09/2023,-33816800,-992442460000,1223.63(-1.44 %),22385900,941540806000,56202700,1933983266000,0,0.0
12/09/2023,10551900,343908101000,1245.44(1.78 %),44726000,1535370767000,34174100,1191462666000,0,0.0
13/09/2023,-38800700,-1184617050000,1238.39(-0.57 %),29569700,1149353148000,68370400,2333970198000,0,0.0
14/09/2023,-6182300,-174759130000,1223.81(-1.18 %),30073600,1047983392000,36255900,1222742522000,0,0.0
15/09/2023,-4790200,141528995000,1227.36(0.29 %),64872000,2261580996000,69662200,2120052001000,0,0.0
18/09/2023,0,0,1211.81(-1.27 %),0,0,0,0,0,0.0
19/09/2023,-10299900,-375025661000,1211.5(-0.03 %),29400600,982456922000,39700500,1357482583000,0,0.0
20/09/2023,-6479500,-157471221000,1226.11(1.21 %),30943300,1103730440000,37422800,1261201661000,0,0.0
21/09/2023,-15914100,-502025764000,1212.74(-1.09 %),21286600,704183994000,37200700,1206209758000,0,0.0
22/09/2023,-5536500,-31408166000,1193.05(-1.62 %),34300500,1280706823000,39837000,1312114989000,0,0.0
25/09/2023,16630600,687462787000,1153.2(-3.34 %),45424400,1591206385000,28793800,903743598000,0,0.0
26/09/2023,27051400,751786161000,1137.96(-1.32 %),69793900,1991065170000,42742500,1239279009000,0,0.0
27/09/2023,7799900,152143534000,1153.85(1.40 %),37993300,1111902816000,30193400,959759282000,0,0.0
28/09/2023,-21383900,-510107270000,1152.43(-0.12 %),26042100,843652799000,47426000,1353760069000,0,0.0
29/09/2023,-19917000,-522719849000,1154.15(0.15 %),23129400,817690468000,43046400,1340410317000,0,0.0
02/10/2023,5105000,115964617000,1155.25(0.10 %),21442100,665832932000,16337100,549868315000,0,0.0
03/10/2023,-6800700,-127238551000,1118.1(-3.22 %),31208600,969700321000,38009300,1096938872000,0,0.0
04/10/2023,10230700,166631874000,1128.67(0.95 %),35937900,1043462137000,25707200,876830263000,0,0.0
05/10/2023,-24453700,-700447437000,1113.89(-1.31 %),8453500,266439631000,32907200,966887068000,0,0.0
06/10/2023,10912000,142064784000,1128.54(1.32 %),30964000,800735206000,20052000,658670422000,0,0.0
09/10/2023,-18351700,-504448603000,1137.36(0.78 %),11067600,335218200000,29419300,839666803000,0,0.0
10/10/2023,-8314100,-264633278000,1143.69(0.56 %),17569100,558620301000,25883200,823253579000,0,0.0
11/10/2023,4074500,69118283000,1150.81(0.62 %),22185900,659612208000,18111400,590493925000,0,0.0
12/10/2023,-14561000,-499467727000,1151.61(0.07 %),17782600,607533888000,32343600,1107001615000,0,0.0
13/10/2023,-3920600,-150909196000,1154.73(0.27 %),19778600,644432951000,23699200,795342147000,0,0.0
16/10/2023,-25586800,-746400253000,1141.42(-1.15 %),8178400,316432769000,33765200,1062833022000,0,0.0
17/10/2023,2748100,94639373000,1121.65(-1.73 %),22898300,719272057000,20150200,624632684000,0,0.0
18/10/2023,18766300,555689332000,1103.4(-1.63 %),40597600,1249839890000,21831300,694150558000,0,0.0
19/10/2023,10544100,257184942000,1087.85(-1.41 %),39462700,1299528010000,28918600,1042343068000,0,0.0
20/10/2023,7360200,195363697000,1108.03(1.86 %),33100900,1044153578000,25740700,848789881000,0,0.0
23/10/2023,-40021400,-1071586053000,1093.53(-1.31 %),14914500,501867948000,54935900,1573454001000,0,0.0
24/10/2023,-15952700,-436080619000,1105.9(1.13 %),20262300,646318298000,36215000,1082398917000,0,0.0
25/10/2023,-20801400,-530537949000,1101.66(-0.38 %),13275500,415286322000,34076900,945824271000,0,0.0
26/10/2023,-10751600,-40791288000,1055.45(-4.19 %),39934800,1369329905000,50686400,1410121193000,0,0.0
27/10/2023,-12733100,-325740238000,1060.62(0.49 %),31279900,962082431000,44013000,1287822669000,0,0.0
30/10/2023,5132900,134107383000,1042.4(-1.72 %),26071400,762938268000,20938500,628830885000,0,0.0
31/10/2023,23014500,513186027000,1028.19(-1.36 %),60615300,1639491356000,37600800,1126305329000,0,0.0
01/11/2023,21965300,401616833000,1039.66(1.12 %),57568600,1506914737000,35603300,1105297904000,0,0.0
02/11/2023,-4413900,-176234500000,1075.47(3.44 %),39748000,1162669543000,44161900,1338904043000,0,0.0
03/11/2023,2366500,166781184000,1076.78(0.12 %),48664600,1439178546000,46298100,1272397362000,0,0.0
06/11/2023,7139000,257129148000,1089.66(1.20 %),40958200,1188829512000,33819200,931700364000,0,0.0
07/11/2023,-121900,13178470000,1080.29(-0.86 %),25832900,752812023000,25954800,739633553000,0,0.0
08/11/2023,-298200,-269297048000,1113.43(3.07 %),39165500,1035532669000,39463700,1304829717000,0,0.0
09/11/2023,-12378400,-588802781000,1113.89(0.04 %),41408600,1134743035000,53787000,1723545816000,0,0.0
10/11/2023,1228200,-84837579000,1101.68(-1.10 %),31682100,862626435000,30453900,947464014000,0,0.0
13/11/2023,-4153900,-131793888000,1100.07(-0.15 %),30983200,809325401000,35137100,941119289000,0,0.0
14/11/2023,-5973876,-331595814980,1109.73(0.88 %),40535331,1015181506200,46509207,1346777321180,0,0.0
15/11/2023,4540800,189475447000,1122.5(1.15 %),46384700,1515076833000,41843900,1325601386000,0,0.0
16/11/2023,0,0,1125.53(0.27 %),0,0,0,0,0,0.0
17/11/2023,-23474300,-644422160000,1101.19(-2.16 %),20190900,611899817000,43665200,1256321977000,0,0.0
20/11/2023,14443100,321994744000,1103.66(0.22 %),33649800,893434151000,19206700,571439407000,0,0.0
21/11/2023,-7664700,-218895871000,1110.46(0.62 %),20661800,631937395000,28326500,850833266000,0,0.0
22/11/2023,-10903400,-344282602000,1113.82(0.30 %),17021900,495732263000,27925300,840014865000,0,0.0
23/11/2023,-10275700,-327203606000,1088.49(-2.27 %),24445600,633878655000,34721300,961082261000,0,0.0
24/11/2023,14994300,423711428000,1095.61(0.65 %),35974200,1066050834000,20979900,642339406000,0,0.0
27/11/2023,1715800,65219609000,1088.06(-0.69 %),19337400,554059600000,17621600,488839991000,0,0.0
28/11/2023,1387300,-16643432000,1095.43(0.68 %),25984600,743755428000,24597300,760398860000,0,0.0
29/11/2023,-1393600,-550970000,1102.8(0.67 %),23790600,745990716000,25184200,746541686000,0,0.0
30/11/2023,-6284000,-278725598000,1094.13(-0.79 %),32875300,979450387000,39159300,1258175985000,0,0.0
01/12/2023,-6420000,-165531113000,1102.16(0.73 %),14403000,438860398000,20823000,604391511000,0,0.0
04/12/2023,-15711600,-438031514000,1120.49(1.66 %),27414700,740001556000,43126300,1178033070000,0,0.0
05/12/2023,-44264100,-1305432939000,1115.97(-0.40 %),11321500,324172056000,55585600,1629604995000,0,0.0
06/12/2023,-13866000,-455991945000,1126.43(0.94 %),35725700,1003649903000,49591700,1459641848000,0,0.0
07/12/2023,-25602300,-724207238000,1121.49(-0.44 %),33909200,994396437000,59511500,1718603675000,0,0.0
08/12/2023,-10725100,-383686571000,1124.44(0.26 %),25030200,784049715000,35755300,1167736286000,0,0.0
11/12/2023,-10275600,-262030226000,1125.5(0.09 %),18981100,611491920000,29256700,873522146000,0,0.0
12/12/2023,-4639500,-196660804000,1127.63(0.19 %),24158800,722112165000,28798300,918772969000,0,0.0
13/12/2023,-26779100,-808097826000,1114.2(-1.19 %),10736600,396872640000,37515700,1204970466000,0,0.0
14/12/2023,-14033600,-359468915000,1110.13(-0.37 %),17850500,563516799000,31884100,922985714000,0,0.0
15/12/2023,-37610800,-1290069568000,1102.3(-0.71 %),64885600,1654056192000,102496400,2944125760000,0,0.0
18/12/2023,-19073700,-518589208000,1091.88(-0.95 %),17930300,554106749000,37004000,1072695957000,0,0.0
19/12/2023,-16442200,-460737322000,1096.3(0.40 %),18887900,615258138000,35330100,1075995460000,0,0.0
20/12/2023,-12743800,-261643418000,1100.76(0.41 %),21753000,753375801000,34496800,1015019219000,0,0.0
21/12/2023,-15833500,-450390078000,1102.43(0.15 %),21616300,708699363000,37449800,1159089441000,0,0.0
22/12/2023,-19807100,-485313938000,1103.06(0.06 %),20274700,688449616000,40081800,1173763554000,0,0.0
25/12/2023,-1034300,-26463711000,1117.66(1.32 %),19408200,610229292000,20442500,636693003000,0,0.0
26/12/2023,-10702200,-280798746000,1122.25(0.41 %),22330400,754057359000,33032600,1034856105000,0,0.0
27/12/2023,3896700,124168064000,1121.99(-0.02 %),22034100,691334670000,18137400,567166606000,0,0.0
28/12/2023,7443100,239136094000,1128.93(0.62 %),24012200,785692999000,16569100,546556905000,0,0.0
29/12/2023,10391900,299344278000,1129.93(0.09 %),32088600,1026950292000,21696700,727606014000,0,0.0
02/01/2024,-10427500,-167357973000,1131.72(0.16 %),16202000,571325121000,26629500,738683094000,0,0.0
03/01/2024,-2488800,-31856099000,1144.17(1.10 %),20604700,637436782000,23093500,669292881000,0,0.0
04/01/2024,596500,-20064389000,1150.72(0.57 %),34622900,978557614000,34026400,998622003000,0,0.0
05/01/2024,-8634700,-241774206000,1154.68(0.34 %),20165600,605514944000,28800300,847289150000,0,0.0
08/01/2024,-1655300,-111707827000,1160.19(0.48 %),27704300,800707549000,29359600,912415376000,0,0.0
09/01/2024,-5650000,-168152747000,1158.59(-0.14 %),24655000,778429606000,30305000,946582353000,0,0.0
10/01/2024,-1873700,-113335028000,1161.54(0.25 %),27413500,873891909000,29287200,987226937000,0,0.0
11/01/2024,10519500,124343246000,1162.22(0.06 %),37758900,1052434659000,27239400,928091413000,0,0.0
12/01/2024,3678400,91522375000,1154.7(-0.65 %),32290400,959734864000,28612000,868212489000,0,0.0
15/01/2024,2801000,85369415000,1154.12(-0.05 %),22166600,743293372000,19365600,657923957000,0,0.0
16/01/2024,6150900,117701962000,1163.12(0.78 %),27802600,911309599000,21651700,793607637000,0,0.0
17/01/2024,7022100,235046551000,1162.53(-0.05 %),34154800,1138455284000,27132700,903408733000,0,0.0
18/01/2024,2535100,128543759000,1169.06(0.56 %),26190000,894753531000,23654900,766209772000,0,0.0
19/01/2024,9164400,298446988000,1181.5(1.06 %),33964600,1164833260000,24800200,866386272000,0,0.0
22/01/2024,10415500,198844734000,1182.86(0.12 %),39161700,1127930513000,28746200,929085779000,0,0.0
23/01/2024,5887800,53663363000,1177.5(-0.45 %),34456300,1051082200000,28568500,997418837000,0,0.0
24/01/2024,-446100,-155329704000,1172.97(-0.38 %),29414900,840605485000,29861000,995935189000,0,0.0
25/01/2024,-4801700,-254378230000,1170.37(-0.22 %),22471600,677674535000,27273300,932052765000,0,0.0
26/01/2024,2777400,-100699987000,1175.67(0.45 %),32159500,982962239000,29382100,1083662226000,0,0.0
29/01/2024,-1651400,-106859664000,1175.69(0.00 %),23753100,735664190000,25404500,842523854000,0,0.0
30/01/2024,8489600,142224366000,1179.65(0.34 %),44009800,1219414348000,35520200,1077189982000,0,0.0
31/01/2024,-1205200,-69555719000,1164.31(-1.30 %),49751800,1392529311000,50957000,1462085030000,0,0.0
01/02/2024,-7784300,-197726679000,1173.02(0.75 %),27981400,846014159000,35765700,1043740838000,0,0.0
02/02/2024,-10890755,-255272345400,1172.55(-0.04 %),56154948,1381479404750,67045703,1636751750150,0,0.0
05/02/2024,-6177639,27085726230,1186.06(1.15 %),50777212,1511834523250,56954851,1484748797020,0,0.0
06/02/2024,-11455851,-413978086520,1188.48(0.20 %),48328482,1443937924850,59784333,1857916011370,0,0.0
07/02/2024,3287770,-16492109920,1198.53(0.85 %),45700005,1119177134230,42412235,1135669244150,0,0.0
15/02/2024,5386221,-325785745690,1202.5(0.33 %),70519753,1652208979840,65133532,1977994725530,0,0.0
16/02/2024,-10570575,-409211456880,1209.7(0.60 %),50877931,1167494497150,61448506,1576705954030,0,0.0
19/02/2024,1960394,136373236010,1224.97(1.26 %),65001536,1833940159700,63041142,1697566923690,0,0.0
20/02/2024,3861450,137589220410,1230.06(0.42 %),92065483,2591876140850,88204033,2454286920440,0,0.0
21/02/2024,12712176,21293791560,1230.04(0.00 %),94437719,2021993789550,81725543,2000699997990,0,0.0
22/02/2024,-27420569,-938895522680,1227.31(-0.22 %),49047951,1085987991220,76468520,2024883513900,0,0.0
23/02/2024,-32567944,-793913814900,1212(-1.25 %),73693653,1767860019190,106261597,2561773834090,0,0.0
26/02/2024,-5667519,24689492820,1224.17(1.00 %),58377727,1751183216000,64045246,1726493723180,0,0.0
27/02/2024,-2196142,44661427420,1237.46(1.09 %),89742169,2676979003300,91938311,2632317575880,0,0.0
28/02/2024,12094745,214492294380,1254.55(1.38 %),83285878,2012265376850,71191133,1797773082470,0,0.0
29/02/2024,-14268307,-388186484730,1252.73(-0.15 %),96920855,2542623422700,111189162,2930809907430,0,0.0
01/03/2024,7803907,157095315350,1258.28(0.44 %),82331948,2438331111900,74528041,2281235796550,0,0.0
04/03/2024,7667297,110412644590,1261.41(0.25 %),85014672,2529372527810,77347375,2418959883220,0,0.0
05/03/2024,-6294701,-107623509250,1269.98(0.68 %),66961549,2264968082900,73256250,2372591592150,0,0.0
06/03/2024,-9778163,-293563398430,1262.73(-0.57 %),43608638,1293263372750,53386801,1586826771180,0,0.0
07/03/2024,1811645,-133548894520,1268.46(0.45 %),83162263,2353016998580,81350618,2486565893100,0,0.0
08/03/2024,-28408072,-700839500650,1247.35(-1.66 %),57027057,1715422987850,85435129,2416262488500,0,0.0
11/03/2024,782200,174604280000,1235.49(-0.95 %),51148100,1760024171000,50365900,1585419891000,0,0.0
12/03/2024,-10088200,-157768514000,1245(0.77 %),51786400,1854576222000,61874600,2012344736000,0,0.0
13/03/2024,-11496700,-457015237000,1270.51(2.05 %),45716200,1653471719000,57212900,2110486956000,0,0.0
14/03/2024,-23645500,-918203649000,1264.26(-0.49 %),50723300,1773784079000,74368800,2691987728000,0,0.0
15/03/2024,-40092900,-1211280344000,1263.78(-0.04 %),68524700,2286463202000,108617600,3497743546000,0,0.0
18/03/2024,3747500,-126933528000,1243.56(-1.60 %),88594700,2703575560000,84847200,2830509088000,0,0.0
19/03/2024,-24054800,-515684150000,1242.46(-0.09 %),44536100,1620312578000,68590900,2135996728000,0,0.0
20/03/2024,-1409000,-144369052000,1260.08(1.42 %),44488800,1388902510000,45897800,1533271562000,0,0.0
21/03/2024,5652700,-244997166000,1276.42(1.30 %),66275600,1758530181000,60622900,2003527347000,0,0.0
22/03/2024,-12051200,-479523797000,1281.8(0.42 %),52172300,1647214757000,64223500,2126738554000,0,0.0
25/03/2024,-7098700,-526036652000,1267.86(-1.09 %),47462600,1252533997000,54561300,1778570649000,0,0.0
26/03/2024,-6934900,-163428207000,1282.21(1.13 %),47523500,1385985307000,54458400,1549413514000,0,0.0
27/03/2024,-17383900,-840866044000,1283.09(0.07 %),28741300,844501422000,46125200,1685367466000,0,0.0
28/03/2024,-41738600,-1291022566000,1290.18(0.55 %),37170700,1315083737000,78909300,2606106303000,0,0.0
29/03/2024,-23813700,-747865248000,1284.09(-0.47 %),31584400,1103974994000,55398100,1851840242000,0,0.0
01/04/2024,-18635700,-743768392000,1281.52(-0.20 %),45310200,1498602363000,63945900,2242370755000,0,0.0
02/04/2024,-17056800,-761718267000,1287.04(0.43 %),54493100,1692528245000,71549900,2454246512000,0,0.0
03/04/2024,-29419200,-1247669835000,1271.47(-1.21 %),44829400,1350184800000,74248600,2597854635000,0,0.0
04/04/2024,14918600,580285742000,1268.25(-0.25 %),51704800,1773248274000,36786200,1192962532000,0,0.0
05/04/2024,8267100,39242872000,1255.11(-1.04 %),60491600,1671904881000,52224500,1632662009000,0,0.0
08/04/2024,-5961300,-127294001000,1250.35(-0.38 %),36875700,1243614550000,42837000,1370908551000,0,0.0
09/04/2024,9065800,328567947000,1262.82(1.00 %),43678300,1530929586000,34612500,1202361639000,0,0.0
10/04/2024,-33222600,-915936134000,1258.56(-0.34 %),28079100,978916286000,61301700,1894852420000,0,0.0
11/04/2024,516900,2617887000,1258.2(-0.03 %),40935700,1297949089000,40418800,1295331202000,0,0.0
12/04/2024,-23858700,-843111501000,1276.6(1.46 %),27927000,845313169000,51785700,1688424670000,0,0.0
15/04/2024,-36020500,-1315263314000,1216.61(-4.70 %),48249700,1256326375000,84270200,2571589689000,0,0.0
16/04/2024,6711500,111105768000,1215.68(-0.08 %),72783700,2072728104000,66072200,1961622336000,0,0.0
17/04/2024,-31356400,-669065477000,1193.01(-1.86 %),31246500,1072053383000,62602900,1741118860000,0,0.0
19/04/2024,21039300,654325744000,1174.85(-1.52 %),83875400,2355238181000,62836100,1700912437000,0,0.0
22/04/2024,4862500,102419371000,1190.22(1.31 %),54660200,1625552355000,49797700,1523132984000,0,0.0
23/04/2024,-17853700,-327197326000,1177.4(-1.08 %),45604000,1569151876000,63457700,1896349202000,0,0.0
24/04/2024,32015400,728879035000,1205.61(2.40 %),79446200,2168375964000,47430800,1439496929000,0,0.0
25/04/2024,-10713100,-175292234000,1204.97(-0.05 %),34977800,1190389606000,45690900,1365681840000,0,0.0
26/04/2024,-2008000,247545236000,1209.52(0.38 %),43620300,1687294733000,45628300,1439749497000,0,0.0
02/05/2024,-19204800,-328067265000,1216.36(0.57 %),25884900,1044822759000,45089700,1372890024000,0,0.0
03/05/2024,12866400,709340016000,1221.03(0.38 %),41643300,1600898665000,28776900,891558649000,0,0.0
06/05/2024,19302000,383503872000,1241.58(1.68 %),50015100,1363539429000,30713100,980035557000,0,0.0
07/05/2024,1701100,212370679000,1248.63(0.57 %),36485100,1396519175000,34784000,1184148496000,0,0.0
08/05/2024,-12902600,-368269403000,1250.46(0.15 %),42276400,1402137456000,55179000,1770406859000,0,0.0
09/05/2024,-22935300,-771428804000,1248.64(-0.15 %),31988900,1088588107000,54924200,1860016911000,0,0.0
10/05/2024,-12531300,-484945194000,1244.7(-0.32 %),34142000,1041877146000,46673300,1526822340000,0,0.0
13/05/2024,-27980900,-855961389000,1240.18(-0.36 %),31260400,980448360000,59241300,1836409749000,0,0.0
14/05/2024,-25386600,-756071354000,1243.28(0.25 %),28501400,967880972000,53888000,1723952326000,0,0.0
15/05/2024,9406500,240676141000,1254.39(0.89 %),55766000,1819978149000,46359500,1579302008000,0,0.0
16/05/2024,-2911900,-119353051000,1268.78(1.15 %),49887300,1590710152000,52799200,1710063203000,0,0.0
17/05/2024,-19310900,-848139654000,0(0.00 %),38598400,1104489680000,57909300,1952629334000,0,0.0
20/05/2024,-18211200,-897192233000,1277.58(0.69 %),49704400,1402955336000,67915600,2300147569000,0,0.0
21/05/2024,-26151200,-1017663261000,1277.14(-0.03 %),30739900,850238309000,56891100,1867901570000,0,0.0
22/05/2024,-25071500,-931738874000,1266.91(-0.80 %),35126500,1093836270000,60198000,2025575144000,0,0.0
23/05/2024,-897100,-57574820000,1281.03(1.11 %),49880700,1535137587000,50777800,1592712407000,0,0.0
24/05/2024,-53837800,-1703477035000,1261.93(-1.49 %),37642400,1271186396000,91480200,2974663431000,0,0.0
27/05/2024,-14084300,-505204246000,1267.68(0.46 %),30244100,982419718000,44328400,1487623964000,0,0.0
28/05/2024,-32988100,-1142690630000,1281.73(1.11 %),31141600,990945906000,64129700,2133636536000,0,0.0
29/05/2024,-39229600,-1463222644000,1272.64(-0.71 %),52132700,1482161252000,91362300,2945383896000,0,0.0
30/05/2024,-39380400,-1384148246000,1266.32(-0.50 %),42665100,1379902349000,82045500,2764050595000,0,0.0
31/05/2024,-20954900,-765306957000,1261.72(-0.36 %),32112900,1099006825000,53067800,1864313782000,0,0.0
03/06/2024,2871400,-247227303000,1280(1.45 %),53774500,1633636685000,50903100,1880863988000,0,0.0
04/06/2024,-5861000,-62542343000,1283.52(0.27 %),43988600,1592266445000,49849600,1654808788000,0,0.0
05/06/2024,-10700,-67912760000,1284.35(0.06 %),39464100,1533492459000,39474800,1601405219000,0,0.0
06/06/2024,-16037007,-691084454760,1283.56(-0.06 %),50345329,1752749261270,66382336,2443833716030,0,0.0
07/06/2024,-14981733,-435490278300,1287.58(0.31 %),37533740,1240520989050,52515473,1676011267350,0,0.0
10/06/2024,-39954308,-1129000294300,1290.67(0.24 %),37697094,1223276771450,77651402,2352277065750,0,0.0
11/06/2024,-47350322,-1851430512630,1284.41(-0.49 %),43121479,1161899497350,90471801,3013330009980,0,0.0
12/06/2024,-7150123,-624765090360,1300.19(1.23 %),56340691,1778634182500,63490814,2403399272860,0,0.0
14/06/2024,-16424242,-571534477800,1279.91(-1.66 %),57175281,1973643556200,73599523,2545178034000,0,0.0
17/06/2024,-26368189,-788523586370,1274.77(-0.40 %),51106950,1654419764700,77475139,2442943351070,0,0.0
18/06/2024,-11483231,-677351433720,1279.5(0.37 %),47090500,1398032009090,58573731,2075383442810,0,0.0
19/06/2024,-47114568,-1517436424250,1279.79(0.02 %),45621350,1444131218550,92735918,2961567642800,0,0.0
20/06/2024,-21936939,-992840052800,1282.3(0.20 %),67314158,1653675061950,89251097,2646515114750,0,0.0
21/06/2024,-33600060,-1075124438990,1282.02(-0.02 %),91079928,2297500213570,124679988,3372624652560,0,0.0
24/06/2024,-12832444,-949917976910,1254.12(-2.18 %),97464563,2436207815340,110297007,3386125792250,0,0.0
25/06/2024,-13456629,-723466243810,1256.56(0.19 %),102108410,2774677975300,115565039,3498144219110,0,0.0
26/06/2024,-14347037,-624276082930,1261.24(0.37 %),80101364,2230234215150,94448401,2854510298080,0,0.0
27/06/2024,-42603423,-1158547191040,1259.09(-0.17 %),101745651,2421800893450,144349074,3580348084490,0,0.0
28/06/2024,-35598216,-1174599071680,1245.32(-1.09 %),66632625,1769118869650,102230841,2943717941330,0,0.0
04/07/2024,-18745500,-598058360000,1279.89(0.24 %),21918900,819325924000,40664400,1417384284000,0,0.0
05/07/2024,-7421100,-255381353000,1283.04(0.25 %),36105400,1356238597000,43526500,1611619950000,0,0.0
08/07/2024,-33988500,-1205607813000,1283.56(0.04 %),34525700,1308471807000,68514200,2514079620000,0,0.0
09/07/2024,-16199500,-1143178750000,1293.71(0.79 %),48218600,1631883723000,64418100,2775062473000,0,0.0
10/07/2024,-19873900,-970242323000,1285.94(-0.60 %),32761300,1122850598000,52635200,2093092921000,0,0.0
11/07/2024,-21809700,-1058525590000,1283.8(-0.17 %),34822100,1206624053000,56631800,2265149643000,0,0.0
12/07/2024,-11116000,-505543556000,1280.75(-0.24 %),28691300,924306086000,39807300,1429849642000,0,0.0
15/07/2024,-15923500,-590288822000,1279.82(-0.07 %),25054800,839598441000,40978300,1429887263000,0,0.0
16/07/2024,-13052700,-244117351000,1281.18(0.11 %),34613000,1278299905000,47665700,1522417256000,0,0.0
17/07/2024,-1630100,274887997000,1268.66(-0.98 %),59648200,2140210435000,61278300,1865322438000,0,0.0
18/07/2024,5480400,-170861424000,1274.44(0.46 %),48623700,1606365853000,43143300,1777227277000,0,0.0
19/07/2024,-21922500,-641014708000,1264.78(-0.76 %),26382100,929589933000,48304600,1570604641000,0,0.0
22/07/2024,-140100,47123063000,1254.64(-0.80 %),43529900,1453770465000,43670000,1406647402000,0,0.0
23/07/2024,-10812000,-132735384000,1231.81(-1.82 %),36686700,1350345882000,47498700,1483081266000,0,0.0
24/07/2024,21238000,405497013000,1238.47(0.54 %),61263600,1938980330000,40025600,1533483317000,0,0.0
25/07/2024,-22503500,-503386600000,1233.19(-0.43 %),17523500,633051420000,40027000,1136438020000,0,0.0
26/07/2024,-11558500,-268469377000,1242.11(0.72 %),26590200,1035069758000,38148700,1303539135000,0,0.0
29/07/2024,-7585600,-222158282000,1246.6(0.36 %),23536100,844741442000,31121700,1066899724000,0,0.0
30/07/2024,-7585600,-222158282000,1245.06(-0.12 %),23536100,844741442000,31121700,1066899724000,0,0.0
31/07/2024,-7883000,290457245000,1251.51(0.52 %),43202300,1688923709000,51085300,1398466464000,0,0.0
01/08/2024,-14989400,72783015000,1226.96(-1.96 %),44479000,1768625876000,59468400,1695842861000,0,0.0
02/08/2024,14146900,758663416000,1236.6(0.79 %),59103900,1985265201000,44957000,1226601785000,0,0.0
05/08/2024,-36886500,-713562252000,1188.07(-3.92 %),29911300,1390958930000,66797800,2104521182000,0,0.0
06/08/2024,636500,-49901196000,1210.28(1.87 %),52013100,1727554386000,51376600,1777455582000,0,0.0
07/08/2024,-51469100,-1324762373000,1215.88(0.46 %),34649400,1286331377000,86118500,2611093750000,0,0.0
08/08/2024,-39811700,-865280378000,1208.32(-0.62 %),24881700,988307233000,64693400,1853587611000,0,0.0
09/08/2024,4285300,465501852000,1223.64(1.27 %),44248800,1711671171000,39963500,1246169319000,0,0.0
12/08/2024,-7085700,-33781310000,1230.28(0.54 %),27809600,1152128784000,34895300,1185910094000,0,0.0
13/08/2024,-10175600,-45861054000,1230.42(0.01 %),34348500,1391468132000,44524100,1437329186000,0,0.0
14/08/2024,-10368400,-66009929000,1230.36(0.00 %),32409300,1304691963000,42777700,1370701892000,0,0.0
15/08/2024,-1724000,109799436000,1223.56(-0.55 %),33717300,1202775660000,35441300,1092976224000,0,0.0
16/08/2024,6350700,211190559000,1252.23(2.34 %),63648200,2040980508000,57297500,1829789949000,0,0.0
19/08/2024,-11313100,-267361214000,1261.62(0.75 %),27835100,1035975454000,39148200,1303336668000,0,0.0
20/08/2024,11543500,361557012000,1272.55(0.87 %),50532100,1614822524000,38988600,1253265512000,0,0.0
21/08/2024,-21523700,-172634634000,1284.05(0.90 %),48762700,1891926373000,70286400,2064561007000,0,0.0
22/08/2024,-27665600,-416544054000,1282.78(-0.10 %),30871800,1171558602000,58537400,1588102656000,0,0.0
23/08/2024,-14704700,-102101950000,1285.32(0.20 %),31573600,1167618876000,46278300,1269720826000,0,0.0
26/08/2024,-23096500,-407874744000,1280.02(-0.41 %),35468900,1224671430000,58565400,1632546174000,0,0.0
27/08/2024,-11001400,-66383126000,1280.56(0.04 %),29289100,1138863392000,40290500,1205246518000,0,0.0
28/08/2024,-11931800,-63130173000,1281.44(0.07 %),28636900,1103385053000,40568700,1166515226000,0,0.0
29/08/2024,-15669000,-82656046000,1281.47(0.00 %),31643500,1225501890000,47312500,1308157936000,0,0.0
30/08/2024,-9574600,-38848236000,1283.87(0.19 %),36891200,1395033737000,46465800,1433881973000,0,0.0
04/09/2024,-21275400,-677919843000,1275.8(-0.63 %),30270900,978329384000,51546300,1656249227000,0,0.0
05/09/2024,-23888500,-734099349000,1268.21(-0.59 %),31398000,1253147086000,55286500,1987246435000,0,0.0
06/09/2024,13544100,629857869000,1273.96(0.45 %),42911900,1609462132000,29367800,979604263000,0,0.0
09/09/2024,-12708300,-472553851000,1267.73(-0.49 %),27395700,933146785000,40104000,1405700636000,0,0.0
10/09/2024,-19704200,-357992214000,1255.23(-0.99 %),28899600,1245210780000,48603800,1603202994000,0,0.0
11/09/2024,-4494100,7946522000,1253.27(-0.16 %),35717700,1346318931000,40211800,1338372409000,0,0.0
12/09/2024,-10511300,-170911476000,1256.35(0.25 %),27580300,1129284223000,38091600,1300195699000,0,0.0
13/09/2024,7875900,196300684000,1251.71(-0.37 %),41249800,1330290471000,33373900,1133989787000,0,0.0
16/09/2024,3965000,223058860000,1239.26(-0.99 %),31775500,1043280834000,27810500,820221974000,0,0.0
17/09/2024,18309600,557827142000,1258.95(1.59 %),42735800,1430746195000,24426200,872919053000,0,0.0
18/09/2024,1629800,212982384000,1264.9(0.47 %),42935400,1709886686000,41305600,1496904302000,0,0.0
19/09/2024,11133900,447390784000,1271.27(0.50 %),44016800,1572524222000,32882900,1125133438000,0,0.0
20/09/2024,-16319400,-343726746000,1272.04(0.06 %),86338300,2553656017000,102657700,2897382763000,0,0.0
23/09/2024,-390900,155143133000,1268.48(-0.28 %),34981400,1133670568000,35372300,978527435000,0,0.0
24/09/2024,-273700,163557273000,1276.99(0.67 %),35756000,1114762215000,36029700,951204942000,0,0.0
25/09/2024,18336600,478302804000,1287.48(0.82 %),66330100,1998574030000,47993500,1520271226000,0,0.0
26/09/2024,26820000,907319186000,1291.49(0.31 %),70964300,2175857094000,44144300,1268537908000,0,0.0
27/09/2024,7072900,242528499000,1290.92(-0.04 %),60221600,1789901560000,53148700,1547373061000,0,0.0
30/09/2024,-19677500,-471200011000,1287.94(-0.23 %),37037500,1323813837000,56715000,1795013848000,0,0.0
01/10/2024,14800800,659067607000,1292.2(0.33 %),54304300,1833764833000,39503500,1174697226000,0,0.0
02/10/2024,818400,174371621000,1287.84(-0.34 %),33914100,1103164073000,33095700,928792452000,0,0.0
03/10/2024,-5327300,94194243000,1278.1(-0.76 %),40154900,1258312900000,45482200,1164118657000,0,0.0
04/10/2024,-11592100,-338869376000,1270.6(-0.59 %),28519000,863284567000,40111100,1202153943000,0,0.0
07/10/2024,-17242700,-323784143000,1269.93(-0.05 %),24530600,826226208000,41773300,1150010351000,0,0.0
08/10/2024,1551700,-55968189000,1271.98(0.16 %),44543200,1377018678000,42991500,1432986867000,0,0.0
09/10/2024,-2908800,-18571306000,1281.85(0.78 %),60507200,2046277521000,63416000,2064848827000,0,0.0
10/10/2024,-2612300,392702517000,1286.36(0.35 %),41128300,1870474757000,43740600,1477772240000,0,0.0
11/10/2024,-3563200,60886954000,1288.39(0.16 %),34869400,1322733970000,38432600,1261847016000,0,0.0
14/10/2024,-17985800,-595931883000,1286.34(-0.16 %),27379400,978739279000,45365200,1574671162000,0,0.0
15/10/2024,-17181800,-455214609000,1281.08(-0.41 %),29073100,1006730997000,46254900,1461945606000,0,0.0
16/10/2024,-13583600,-323696393000,1279.48(-0.12 %),25285200,952206340000,38868800,1275902733000,0,0.0
17/10/2024,-12391100,-355753024000,1286.52(0.55 %),34746100,1060391160000,47137200,1416144184000,0,0.0
18/10/2024,-7826900,-167114765000,1285.46(-0.08 %),21643400,744387447000,29470300,911502212000,0,0.0
21/10/2024,-6230500,-228954633000,1279.77(-0.44 %),32616000,1104173135000,38846500,1333127768000,0,0.0
22/10/2024,-8675300,-110835453000,1269.89(-0.77 %),37813100,1288370926000,46488400,1399206379000,0,0.0
23/10/2024,1054600,61898838000,1270.9(0.08 %),34054200,1079754304000,32999600,1017855466000,0,0.0
24/10/2024,-11489100,-247973224000,1257.41(-1.06 %),31889800,1111326256000,43378900,1359299480000,0,0.0
25/10/2024,-7828500,-395892306000,1252.72(-0.37 %),30520500,998027827000,38349000,1393920133000,0,0.0
28/10/2024,-9742100,-369745287000,1254.77(0.16 %),27152900,832317022000,36895000,1202062309000,0,0.0
29/10/2024,6278700,119687957000,1261.78(0.56 %),36891300,1265645449000,30612600,1145957492000,0,0.0
30/10/2024,-5161000,-261876533000,1258.63(-0.25 %),31917300,1009223704000,37078300,1271100237000,0,0.0
31/10/2024,-7304500,-494987263000,1264.48(0.46 %),35677900,1064533466000,42982400,1559520729000,0,0.0
01/11/2024,-1991500,-318409721000,1254.89(-0.76 %),41460600,1384290392000,43452100,1702700113000,0,0.0
04/11/2024,-17371100,-681607180000,1244.71(-0.81 %),32497300,1092090381000,49868400,1773697561000,0,0.0
05/11/2024,-13835500,-573068153000,1245.76(0.08 %),23578600,723345315000,37414100,1296413468000,0,0.0
06/11/2024,-4300500,-326531189000,1261.28(1.25 %),32276500,902974543000,36577000,1229505732000,0,0.0
07/11/2024,-7388900,-387924668000,1259.75(-0.12 %),38368700,1124376702000,45757600,1512301370000,0,0.0
08/11/2024,-33683800,-1049954706000,1252.56(-0.57 %),22127200,698810959000,55811000,1748765665000,0,0.0
11/11/2024,-24564400,-736838518000,1250.32(-0.18 %),24899400,874357852000,49463800,1611196370000,0,0.0
12/11/2024,-20049000,-609313341000,1244.82(-0.44 %),26542600,929721534000,46591600,1539034875000,0,0.0
13/11/2024,-6039600,-170252906000,1246.04(0.10 %),32467500,1041306241000,38507100,1211559147000,0,0.0
14/11/2024,-24426900,-756551177000,1231.89(-1.14 %),21362500,728168278000,45789400,1484719455000,0,0.0
15/11/2024,-11058900,-537579683000,1218.57(-1.08 %),40512100,1255251113000,51571000,1792830796000,0,0.0
18/11/2024,-28141800,-1074232182000,1217.12(-0.12 %),39403000,1212745253000,67544800,2286977435000,0,0.0
19/11/2024,-40647000,-1458316753000,1205.15(-0.98 %),23662300,912362565000,64309300,2370679318000,0,0.0
20/11/2024,-24444200,-1023222224000,1216.54(0.95 %),49802500,1556944062000,74246700,2580166286000,0,0.0
21/11/2024,-12352000,-483520403000,1228.33(0.97 %),38562300,1203001110000,50914300,1686521513000,0,0.0
22/11/2024,-11081100,-231200069000,1228.1(-0.02 %),31846100,1119431220000,42927200,1350631289000,0,0.0
25/11/2024,7049100,185590543000,1234.7(0.54 %),43186500,1383521047000,36137400,1197930504000,0,0.0
26/11/2024,14346300,387213065000,1242.13(0.60 %),44556600,1394851790000,30210300,1007638725000,0,0.0
27/11/2024,-5320300,253841929000,1241.97(-0.01 %),25833300,1350975413000,31153600,1097133484000,0,0.0
28/11/2024,-5310900,24191185000,1242.11(0.01 %),24137300,974655823000,29448200,950464638000,0,0.0
29/11/2024,-4611800,234812554000,1250.46(0.67 %),27736300,1316320341000,32348100,1081507787000,0,0.0
02/12/2024,-7197000,-318421816000,1251.21(0.06 %),26239100,1037888786000,33436100,1356310602000,0,0.0
03/12/2024,-6119000,-214969293000,1249.83(-0.11 %),29758000,1120017792000,35877000,1334987085000,0,0.0
04/12/2024,-17548500,-659222410000,1240.41(-0.75 %),22509700,797733957000,40058200,1456956367000,0,0.0
05/12/2024,28863100,671661842000,1267.53(2.19 %),60825700,1820018559000,31962600,1148356717000,0,0.0
09/12/2024,2283800,-313915508000,1273.84(0.29 %),30285000,867928082000,28001200,1181843590000,0,0.0
10/12/2024,-12288000,-236463361000,1272.07(-0.14 %),23448500,834644949000,35736500,1071108310000,0,0.0
16/12/2024,-4557800,-116651093000,1263.79(0.10 %),29089800,1063195241000,33647600,1179846334000,0,0.0
17/12/2024,-13164600,-671172728000,1261.72(-0.16 %),26940400,1059358387000,40105000,1730531115000,0,0.0
18/12/2024,-3306300,-53665813000,1266(0.34 %),23033300,828115677000,26339600,881781490000,0,0.0
19/12/2024,-24767000,-472810870000,1254.67(-0.89 %),32132400,1239962965000,56899400,1712773835000,0,0.0
20/12/2024,-12272100,-54529819000,1257.5(0.23 %),63264000,2112815458000,75536100,2167345277000,0,0.0
25/12/2024,14073800,129065214000,1274.04(1.09 %),42972100,1220341523000,28898300,1091276309000,0,0.0
26/12/2024,-2188600,-357172295000,1272.87(-0.09 %),27173800,832725221000,29362400,1189897516000,0,0.0
27/12/2024,20162600,584145647000,1275.14(0.18 %),45430900,1540434518000,25268300,956288871000,0,0.0
30/12/2024,7953700,336768438000,1272.02(-0.24 %),36419500,1238092256000,28465800,901323818000,0,0.0
31/12/2024,-14028500,-312775307000,1266.78(-0.41 %),17002200,724578424000,31030700,1037353731000,0,0.0
02/01/2025,-832100,-95076023000,1269.71(0.23 %),29308500,996159022000,30140600,1091235045000,0,0.0
03/01/2025,-24752500,-717865778000,1254.59(-1.19 %),19402300,866935424000,44154800,1584801202000,0,0.0
06/01/2025,2464800,94150031000,1246.35(-0.66 %),27437100,1099989115000,24972300,1005839084000,0,0.0
07/01/2025,-6981200,-106035888000,1248.78(0.19 %),29770600,1214945065000,36751800,1320980953000,0,0.0
08/01/2025,-2434400,-443659520000,1251.02(0.18 %),29241300,889662793000,31675700,1333322313000,0,0.0
09/01/2025,-14161500,-443344629000,1245.77(-0.42 %),13945600,478731539000,28107100,922076168000,0,0.0
10/01/2025,-8552800,-230517780000,1230.48(-1.23 %),22781100,820136403000,31333900,1050654183000,0,0.0
13/01/2025,5105100,-72116752000,1235.65(0.42 %),37190600,970940978000,32085500,1043057730000,0,0.0
14/01/2025,-17758300,-610703942000,1229.07(-0.53 %),14973400,517654822000,32731700,1128358764000,0,0.0
15/01/2025,-4693500,-405684394000,1236.18(0.58 %),21999900,620571483000,26693400,1026255877000,0,0.0
16/01/2025,-31028100,-1003073155000,1242.36(0.50 %),20654300,739951895000,51682400,1743025050000,0,0.0
17/01/2025,-7914500,-468032446000,1249.11(0.54 %),26166900,812924852000,34081400,1280957298000,0,0.0
20/01/2025,-4414800,-225535587000,1249.55(0.04 %),26242800,760382307000,30657600,985917894000,0,0.0
21/01/2025,-2129500,-159681066000,1246.09(-0.28 %),32948100,995530500000,35077600,1155211566000,0,0.0
22/01/2025,-8546800,-203688425000,1242.53(-0.29 %),22084500,853865852000,30631300,1057554277000,0,0.0
23/01/2025,11841800,179617608000,1259.63(1.38 %),48671300,1476681622000,36829500,1297064014000,0,0.0
24/01/2025,24919500,592451268000,1265.05(0.43 %),54603700,1734218008000,29684200,1141766740000,0,0.0
03/02/2025,-31193600,-1420086221000,0(0.00 %),32935300,1219304570000,64128900,2639390791000,0,0.0
04/02/2025,-9174300,-647486902000,1264.68(-0.03 %),39325100,1182717719000,48499400,1830204621000,0,0.0
05/02/2025,-12203400,-364271885000,1269.61(0.39 %),44957100,1642819046000,57160500,2007090931000,0,0.0
06/02/2025,-9844800,-364839530000,1271.48(0.15 %),32844300,1034509364000,42689100,1399348894000,0,0.0
07/02/2025,-9189100,-379164810000,1275.2(0.29 %),34009300,1292738650000,43198400,1671903460000,0,0.0
10/02/2025,-17182000,-547943344000,1263.26(-0.94 %),36653300,1381941723000,53835300,1929885067000,0,0.0
11/02/2025,-12128600,-577346237000,1268.45(0.41 %),39186600,1268149865000,51315200,1845496102000,0,0.0
12/02/2025,-14656400,-428501552000,1266.91(-0.12 %),24217900,810211429000,38874300,1238712981000,0,0.0
13/02/2025,-8118500,-313243621000,1270.35(0.27 %),29876300,907564798000,37994800,1220808419000,0,0.0
14/02/2025,4546000,-273366851000,1276.08(0.45 %),48964900,1393129979000,44418900,1666496830000,0,0.0
17/02/2025,-2006000,-594878192000,1272.72(-0.26 %),49744300,1109455368000,51750300,1704333560000,0,0.0
18/02/2025,1687200,-160356594000,1278.14(0.43 %),44557300,1198628376000,42870100,1358984970000,0,0.0
19/02/2025,17889300,318457927000,1288.56(0.82 %),60211900,1594498616000,42322600,1276040689000,0,0.0
20/02/2025,-5062100,-361765606000,1292.98(0.34 %),44178200,1095981794000,49240300,1457747400000,0,0.0
21/02/2025,6355300,-58763155000,1296.75(0.29 %),42826000,1201537931000,36470700,1260301086000,0,0.0
24/02/2025,-3383000,-301233482000,1304.56(0.60 %),47827300,1586611170000,51210300,1887844652000,0,0.0
25/02/2025,-10633900,-593949661000,1303.16(-0.11 %),43499100,1392139974000,54133000,1986089635000,0,0.0
26/02/2025,-21030800,-501682826000,1302.96(-0.02 %),38767300,1343826020000,59798100,1845508846000,0,0.0
27/02/2025,-15687100,-610087325000,1307.8(0.37 %),37645900,1150723172000,53333000,1760810497000,0,0.0
28/02/2025,-31668100,-996654110000,1305.36(-0.19 %),38628700,1210955136000,70296800,2207609246000,0,0.0
03/03/2025,-13277500,-256473584000,1309.37(0.31 %),43009600,1374034199000,56287100,1630507783000,0,0.0
04/03/2025,-26709500,-323372769000,1311.91(0.19 %),46674300,1688165686000,73383800,2011538455000,0,0.0
05/03/2025,-16433700,-395666351000,1304.71(-0.55 %),37732400,1328649783000,54166100,1724316134000,0,0.0
06/03/2025,17978900,450032879000,1318.22(1.04 %),78335700,2476592241000,60356800,2026559362000,0,0.0
07/03/2025,2233900,-117553195000,1326.05(0.59 %),55606700,1701281633000,53372800,1818834828000,0,0.0
10/03/2025,-7862000,-726626495000,1330.28(0.32 %),48485500,1526874958000,56347500,2253501453000,0,0.0
11/03/2025,-4717200,-202496698000,1332.54(0.17 %),51701600,1600190053000,56418800,1802686751000,0,0.0
12/03/2025,-18398700,-878093754000,1334.41(0.14 %),47774800,1470412713000,66173500,2348506467000,0,0.0
13/03/2025,-2831694,183666921940,1326.27(-0.61 %),77753849,2522536708150,80585543,2338869786210,0,0.0
14/03/2025,3307800,-554262984000,1326.15(-0.01 %),69523900,2075648078000,66216100,2629911062000,0,0.0
17/03/2025,17687600,259786125000,1336.26(0.76 %),61364400,1828031188000,43676800,1568245063000,0,0.0
18/03/2025,2338800,-396182603000,1330.97(-0.40 %),55116300,1587478706000,52777500,1983661309000,0,0.0
19/03/2025,-18192900,-1362941443000,1324.63(-0.48 %),58547800,1962874817000,76740700,3325816260000,0,0.0
20/03/2025,-42448500,-1419030568000,1323.93(-0.05 %),48117100,1681116893000,90565600,3100147461000,0,0.0
21/03/2025,-48166600,-914382273000,1321.88(-0.15 %),71659100,2298039039000,119825700,3212421312000,0,0.0
24/03/2025,-31352900,-727924829000,1330.32(0.64 %),43760700,1346515446000,75113600,2074440275000,0,0.0
25/03/2025,-5472500,-433445124000,1331.92(0.12 %),55748400,1513772685000,61220900,1947217809000,0,0.0
26/03/2025,-8166300,-523729573000,1326.09(-0.44 %),42741700,1188109756000,50908000,1711839329000,0,0.0
27/03/2025,-2274100,-70735925000,1323.81(-0.17 %),36106500,1192911038000,38380600,1263646963000,0,0.0
28/03/2025,-16605600,-600414723000,1317.46(-0.48 %),36354300,1154124363000,52959900,1754539086000,0,0.0
31/03/2025,-44326400,-1401396533000,1306.86(-0.80 %),34423200,1222520452000,78749600,2623916985000,0,0.0
01/04/2025,-11728200,-431553245000,1317.33(0.80 %),44556000,1607578814000,56284200,2039132059000,0,0.0
02/04/2025,-14646100,-680735531000,1317.83(0.04 %),48024200,1456209888000,62670300,2136945419000,0,0.0
03/04/2025,-131341700,-3663797083000,1229.84(-6.68 %),43723200,1417749552000,175064900,5081546635000,0,0.0
04/04/2025,-97750200,-3093673585000,1210.67(-1.56 %),105560700,3371700473000,203310900,6465374058000,0,0.0
08/04/2025,-54561900,-1702138739000,1132.79(-6.43 %),51329300,1844183118000,105891200,3546321857000,0,0.0
09/04/2025,9421100,218411446000,1094.3(-3.40 %),159621600,4472018783000,150200500,4253607337000,0,0.0
10/04/2025,-25088000,-890557981000,1168.34(6.77 %),10019900,254332345000,35107900,1144890326000,0,0.0
11/04/2025,31852500,992204820000,1222.46(4.63 %),165417700,5007095006000,133565200,4014890186000,0,0.0
14/04/2025,-1678300,-102926260000,1241.44(1.55 %),104635000,3269784560000,106313300,3372710820000,0,0.0
15/04/2025,11530000,194584228000,1227.79(-1.10 %),88586100,2844899520000,77056100,2650315292000,0,0.0
16/04/2025,1569300,-344603885000,1210.3(-1.42 %),69480700,2080279786000,67911400,2424883671000,0,0.0
17/04/2025,-11892300,-183766854000,1217.25(0.57 %),68129300,2209848127000,80021600,2393614981000,0,0.0
18/04/2025,-7465500,-13613278000,1219.12(0.15 %),72023800,2138814134000,79489300,2152427412000,0,0.0
21/04/2025,-4166800,69481644000,1207.07(-0.99 %),57922000,1665007017000,62088800,1595525373000,0,0.0
22/04/2025,8516300,377282787000,1197.13(-0.82 %),130632800,3558037575000,122116500,3180754788000,0,0.0
23/04/2025,-2030100,-88045990000,1211(1.16 %),66242000,1985511528000,68272100,2073557518000,0,0.0
24/04/2025,23511700,591356321000,1223.35(1.02 %),75294000,2235899851000,51782300,1644543530000,0,0.0
25/04/2025,-15156500,-620278054000,1229.23(0.48 %),65622600,2064306458000,80779100,2684584512000,0,0.0
28/04/2025,5778500,-72273394000,1226.8(-0.20 %),60404500,1637092863000,54626000,1709366257000,0,0.0
29/04/2025,-11092500,-259763188000,1226.3(-0.04 %),53943700,1628331636000,65036200,1888094824000,0,0.0
05/05/2025,66239266,132608665900,1240.05(1.12 %),66239266,2054513212850,0,1921904546950,0,0.0
06/05/2025,8645600,56036908000,1241.95(0.15 %),68834800,1838704640000,60189200,1782667732000,0,0.0
07/05/2025,45632139,906232660000,1250.37(0.68 %),94294570,2536260640000,48662431,1630027980000,0,0.0
08/05/2025,9298786,-2425262231000,1269.8(1.55 %),99631460,296729289000,90332674,2721991520000,0,0.0
09/05/2025,-2750658,-87778000000,1267.3(-0.20 %),84153094,2479589360000,86903752,2567367360000,0,0.0
12/05/2025,-17118992,-296507710000,1283.26(1.26 %),45510633,1711198770000,62629625,2007706480000,0,0.0
13/05/2025,31836175,974418330000,1293.43(0.79 %),122237323,4155228040000,90401148,3180809710000,0,0.0
14/05/2025,76000326,2276134550000,1309.73(1.26 %),155495497,5525349950000,79495171,3249215400000,0,0.0
15/05/2025,50803804,921814500000,1313.2(0.26 %),147765551,4248285440000,96961747,3326470940000,0,0.0
16/05/2025,-20273196,-954960070000,1301.39(-0.90 %),78446230,2155929720000,98719426,3110889790000,0,0.0
19/05/2025,-8243978,-499583030000,1296.29(-0.39 %),83116143,2582729570000,91360121,3082312600000,0,0.0
20/05/2025,-10414354,-524105110000,1315.15(1.45 %),89145366,2656984470000,99559720,3181089580000,0,0.0
21/05/2025,16675173,478627120000,1323.05(0.60 %),103940961,3251308100000,87265788,2772680980000,0,0.0
22/05/2025,5478980,114821940000,1313.84(-0.70 %),101154551,2765522330000,95675571,2650700390000,0,0.0
23/05/2025,-7718579,-138354410000,1314.46(0.05 %),58482556,1872038000000,66201135,2010392410000,0,0.0
26/05/2025,-1323816,-36989430000,1332.51(1.37 %),90150196,2259465620000,91474012,2296455050000,0,0.0
27/05/2025,-61625995,-1126762840000,1339.81(0.55 %),73448595,2274928980000,135074590,3401691820000,0,0.0
28/05/2025,-9144955,-185270020000,1341.87(0.15 %),66547517,2102632130000,75692472,2287902150000,0,0.0
29/05/2025,104018979,-257077568560,1341.86(0.00 %),104018979,2677795807690,0,2934873376250,0,0.0
30/05/2025,79071887,-1059032339190,1332.6(-0.69 %),79071887,2176835113660,0,3235867452850,0,0.0
02/06/2025,87383413,-211412542040,1336.3(0.28 %),87383413,1970127221910,0,2181539763950,0,0.0
03/06/2025,-60174556,853576450000,1347.25(0.82 %),13047539,2864512840000,73222095,2010936390000,0,0.0
04/06/2025,14679695,-13226770000,1345.74(-0.11 %),89253482,2330271810000,74573787,2343498580000,0,0.0
05/06/2025,50640306,-476014564780,1342.09(-0.27 %),50640306,1457886294389,0,1933900859169,0,0.0
06/06/2025,60056733,-2055248702670,1329.89(-0.91 %),60056733,1613015461140,0,3668264163810,0,0.0
09/06/2025,55418956,-343334423230,1310.57(-1.45 %),55418956,1614970990550,0,1958305413780,0,0.0
10/06/2025,87328052,305182659940,1316.23(0.43 %),87328052,2470276081270,0,2165093421330,0,0.0
11/06/2025,-7107800,-234836354000,1315.2(-0.08 %),50947900,1502648594000,58055700,1737484948000,0,0.0
12/06/2025,22813800,428050063000,1322.99(0.59 %),81252400,2231515898000,58438600,1803465835000,0,0.0
13/06/2025,-9286600,118057546000,1315.49(-0.57 %),75855300,2277200019000,85141900,2159142473000,0,0.0
16/06/2025,24637800,969733914000,1338.11(1.72 %),85278800,2761091348000,60641000,1791357434000,0,0.0
17/06/2025,17860800,572976635000,1347.69(0.72 %),77659600,2234332097000,59798800,1661355462000,0,0.0
18/06/2025,-1098900,-356692336000,1346.83(-0.06 %),61556500,1819267748000,62655400,2175960084000,0,0.0
19/06/2025,-12322400,-856586469000,1352.04(0.39 %),41133100,1164686894000,53455500,2021273363000,0,0.0
20/06/2025,15296100,-426338397000,1349.35(-0.20 %),100661800,3227649122000,85365700,3653987519000,0,0.0
23/06/2025,-13848300,-123690445000,1358.18(0.65 %),45780700,1552854124000,59629000,1676544569000,0,0.0
24/06/2025,121100,54975045000,1366.77(0.63 %),81527700,2478384555000,81406600,2423409510000,0,0.0
25/06/2025,1196100,203507150000,1366.75(0.00 %),54249800,1729879149000,53053700,1526371999000,0,0.0
26/06/2025,-11639900,-480971023000,1365.67(-0.08 %),40937700,1356747129000,52577600,1837718152000,0,0.0
27/06/2025,-2155300,-46571383000,1371.44(0.42 %),50291700,1689373169000,52447000,1735944552000,0,0.0
30/06/2025,18702400,608493895000,1376.07(0.34 %),65801900,2097133135000,47099500,1488639240000,0,0.0
01/07/2025,10085800,408224814000,1377.84(0.13 %),57336500,1942830837000,47250700,1534606023000,0,0.0
02/07/2025,37076500,932732186000,1384.59(0.49 %),79972100,2348707212000,42895600,1415975026000,0,0.0
03/07/2025,70854500,2241506394000,1381.96(-0.19 %),134471100,3998753379000,63616600,1757246985000,0,0.0
04/07/2025,63801400,1533634888000,1386.97(0.36 %),109743700,3041633461000,45942300,1507998573000,0,0.0
07/07/2025,68142300,1248288264000,1402.06(1.09 %),142329300,3572900767000,74187000,2324612503000,0,0.0
08/07/2025,62226300,1431101903000,1415.46(0.96 %),139692500,3879993457000,77466200,2448891554000,0,0.0
09/07/2025,82153700,1835494650000,1431.32(1.12 %),166819100,4600720903000,84665400,2765226253000,0,0.0
10/07/2025,0,0,1445.64(1.00 %),0,0,0,0,0,0.0
11/07/2025,28235200,1175682725000,1457.76(0.84 %),112628400,3674646250000,84393200,2498963525000,0,0.0
14/07/2025,11861100,96337480000,1470.42(0.87 %),107929400,2887855506000,96068300,2791518026000,0,0.0
15/07/2025,33692300,775523029000,1460.65(-0.66 %),119245700,3253072089000,85553400,2477549060000,0,0.0
16/07/2025,42227400,370630469000,1467.19(0.45 %),107074900,2605676667000,64847500,2235046198000,0,0.0
17/07/2025,5711500,137078133000,1490.01(1.56 %),118369300,3455346597000,112657800,3318268464000,0,0.0
18/07/2025,13037400,-84069629000,1497.28(0.49 %),103533400,2912414553000,90496000,2996484182000,0,0.0
21/07/2025,11365100,45896815000,1485.05(-0.82 %),121992500,3309904070000,110627400,3264007255000,0,0.0
22/07/2025,7930500,148931335000,1509.54(1.65 %),113133800,3202427003000,105203300,3053495668000,0,0.0
23/07/2025,-6173400,-145988881000,1512.31(0.18 %),105303300,2962427357000,111476700,3108416238000,0,0.0
24/07/2025,7842200,-390445888000,1521.02(0.58 %),118394100,3476089229000,110551900,3866535117000,0,0.0
25/07/2025,5192800,-49873640000,1531.13(0.66 %),114525700,3399905583000,109332900,3449779223000,0,0.0
28/07/2025,-14962200,-1068789736000,1557.42(1.72 %),120551000,3337803179000,135513200,4406592915000,0,0.0
29/07/2025,-1021400,-645610993000,1493.41(-4.11 %),166317900,4792595506000,167339300,5438206499000,0,0.0
30/07/2025,49477400,1112460198000,1507.63(0.95 %),149894700,4370179990000,100417300,3257719792000,0,0.0
31/07/2025,-52640900,-1751985946000,1502.52(-0.34 %),90703800,2826038669000,143344700,4578024615000,0,0.0
01/08/2025,-53322200,-2372398516000,1507.63(0.95 %),102920400,2949080004000,156242600,5321478520000,0,0.0
04/08/2025,3480500,-283317426000,1528.19(1.36 %),89109600,2546984500000,85629100,2830301926000,0,0.0
05/08/2025,14134500,680364111000,1547.15(1.24 %),202449800,6567381040000,188315300,5887016929000,0,0.0
06/08/2025,28246300,452053177000,1573.71(1.72 %),120531600,3929364602000,92285300,3477311425000,0,0.0
07/08/2025,28401600,57390516000,1581.81(0.51 %),130152100,3746934233000,101750500,3689543717000,0,0.0
08/08/2025,-18546300,-763745082000,1584.95(0.20 %),128813400,4065371751000,147359700,4829116833000,0,0.0
11/08/2025,-16323300,-632832942000,1600.41(0.98 %),111149000,3481297535000,127472300,4114130477000,0,0.0
12/08/2025,-15915600,-653288044000,1608.22(0.49 %),103149700,3293267149000,119065300,3946555193000,0,0.0
13/08/2025,-8477800,-1400716804000,1611.6(0.21 %),126056000,3962432360000,134533800,5363149164000,0,0.0
14/08/2025,-57838200,-2420055742000,1640.69(1.81 %),84062700,3079225847000,141900900,5499281589000,0,0.0
15/08/2025,-69911900,-2817725200000,1630(-0.65 %),128838700,4099312952000,198750600,6917038152000,0,0.0
18/08/2025,-51210300,-1903569907000,1636.37(-0.12 %),106643300,3421212568000,157853600,5324782475000,0,0.0
19/08/2025,-22716577,-1410445690000,1654.2(1.09 %),115382657,3486885920000,138099234,4897331610000,0,0.0
